-2.346515671938465442e+00
-1.877313685105792329e+00
2.826607272517176028e+00
5.754163368977269766e-01
-3.160454463181942009e-01
1.211233660463105544e+00
1.646546031559756429e+00
2.480874523269378074e+00
4.230156965173037520e-02
4.796445362301157145e-01
-7.816219786041469497e-01
-3.620789939152911918e-01
1.566810951090929160e+00
1.070565973857360520e+00
-8.431201218699814204e-01
5.565880820924732353e-01
-1.305074011005475931e+00
-1.068569071929287517e+00
1.467277358182108027e-01
1.433731849736423980e+00
-2.472883444971490929e-02
1.807685918589156671e-01
1.261259351935732909e+00
-1.844672942472245225e+00
-1.490747230031528980e+00
-2.008341910779733175e-02
1.754303448660697207e+00
1.509998329734192790e+00
1.478684678040250944e+00
-8.763655223589184029e-02
-1.053143247245565683e-01
8.886561316759183926e-02
-9.580506736331613482e-02
1.491843765080779649e+00
3.770633192909120246e-01
-6.324697787703015273e-02
7.172376754932915377e-01
-7.553659905119951556e-01
-4.468986941424317738e-01
9.356686265384686063e-01
5.474917679047128782e-01
-4.524672520621830785e-01
-1.375767398714196510e+00
6.668586371326092888e-01
-2.192314344415612348e-01
-5.681706550167586744e-01
1.103157642349275713e+00
1.752305435664817557e+00
-6.255590895740070767e-02
-3.827351700986388883e-01
-1.325968978008253973e+00
-4.539366167507928873e-01
3.431272574491719962e-02
-1.123916780258162440e+00
1.747831981144006286e-01
5.648344911788112377e-01
5.338251757720285928e-01
4.456154984251805007e-01
-5.734196621178806463e-01
2.799580866807492296e-01
8.049344657857594454e-01
3.816981589213533921e-01
-3.353994655026623639e-01
6.492607019409448732e-01
4.493484745298782501e-01
-4.824616044018245620e-01
-2.657329227549224959e-01
-4.612449082926577404e-01
5.252131769408127648e-03
-7.604876418281483197e-01
-5.588773199124482671e-01
3.082429777039830676e-01
-1.364157239774908437e+00
6.983364386796460099e-01
-8.791205302615419104e-01
-6.778536115354464320e-01
5.167411785275605185e-01
2.280110068717131067e-01
7.361235134225366239e-02
-2.166727856382764106e+00
7.480828850885694603e-01
9.379870121483611101e-01
-4.240434796067520384e-01
-1.802369037841884181e+00
-4.929815226521887528e-01
-6.837912234824204960e-01
-3.187264842245013385e-01
1.158298723325975388e+00
5.003581454653227567e-01
-1.392434141200219910e+00
1.029967036558542270e+00
-1.331109810031719354e+00
4.832296946013827643e-01
1.592564524041004015e+00
2.149756203970612789e-01
1.089323973784775412e-01
-4.118125324638486351e-01
1.695175734128519629e+00
1.462504464206942689e+00
-1.885646580442331133e-01
1.232394503083089843e+00
-3.541052184162134520e-01
5.060631768676365771e-01
3.226442091438007642e-01
-9.785759887751875608e-02
-7.351928809800547526e-01
-4.449026171249400446e-02
7.769477310125136871e-01
-1.636586122628911899e-01
4.169652736905829493e-01
-1.231328187308956323e+00
-7.511803771447031486e-02
-4.901132678817748944e-01
-1.166465868023676800e+00
2.595021270032203953e-01
3.576808642565648677e-01
2.332446632035232725e-01
-7.572484552622528176e-01
-8.509480078266904446e-01
-1.171664097937734905e-01
-1.350021407736357038e-01
-4.619467247357011974e-01
8.268066293162463776e-01
-1.878182137712764543e+00
3.290743592202780565e-01
-7.781014760762228200e-01
1.693842761978380240e+00
-4.308651694592646741e-02
2.777258737725035731e-02
-2.677765626383352485e-02
-1.329690905245875632e+00
-5.992069513056553776e-01
-7.271028797169033497e-01
-1.743996155683192606e-01
-1.189627871343035270e+00
-8.684988657090308983e-01
4.746302496304509733e-01
4.122502393498661544e-01
-7.399338850220604780e-01
-1.452542653227495206e+00
-4.777027031640341814e-01
2.768753609509836622e+00
-9.731815922476848568e-01
-1.157526749802755051e+00
1.179575622259261491e+00
1.652570509101019436e+00
-3.631737261515932680e-01
5.857824963480773306e-01
5.783183732174584923e-01
-1.839811000243231076e+00
5.719412555463252446e-01
7.154642351177551429e-01
-1.022821178599442771e+00
-6.808367353591440185e-01
-3.293340764287247535e-01
-3.055495038467467284e-01
-2.146242668646691776e+00
2.520810137585132588e-03
7.236296899903704727e-01
-1.615782841177239915e+00
-1.147961333168059650e-01
2.206616777660015960e-01
-1.237876997552248115e+00
5.295557149959297938e-01
-7.712602682761635631e-01
-3.151859561592273984e-01
2.103851840074423940e+00
1.133523060525221671e-01
-1.250845639296764400e+00
-1.181733599247600353e+00
-1.548241248241126078e+00
-1.045102506733069925e-02
-1.319077454651812920e+00
-3.125486068381393423e-01
1.146500679303346093e+00
-1.148708971673990525e-01
-3.380548497231962379e+00
8.211697231530135088e-02
2.637974225911007498e+00
-5.781890339771718068e-01
-4.036435006472946618e+00
5.351548331084665655e-02
-7.647239985376164118e-01
-3.404897632698489218e-01
-1.328738208033134471e+00
1.586425344500805856e-01
-2.956619517526603680e+00
-3.269798914207587615e+00
-2.847763101249114914e+00
-2.240285526352192580e+00
3.767277704899244295e+00
-2.414768568298800711e-01
1.144230605348355745e+00
3.144252239786009540e+00
7.064029384813191870e-01
1.060292606959809536e+00
-1.494907314658261654e+00
-2.153289488732514023e+00
-1.989502057114758360e+00
2.941885590190516098e+00
1.583817039950172534e+00
3.285441324900123750e+00
6.442228362053930013e-01
1.031367273836140130e+00
-1.497528800104381830e+00
2.837921977703521392e+00
1.379644929062462833e+00
5.494312094531204060e-01
1.916384027343481344e+00
-1.013824007885248513e+00
8.394204841703468700e-01
9.332839094911999922e-01
-1.430068195480521442e+00
5.061026945039034386e-01
-8.496478431190134240e-01
-1.806958964193495110e+00
2.290045573409032476e-01
1.156646568316443691e-01
-2.617912007119489459e+00
1.147136623800817157e+00
-1.151024654228659516e+00
1.044108113217890876e+00
5.334349260164377160e-01
6.342911801793172932e-01
2.277256056866175382e-02
-1.888046195382534709e+00
1.620487272392762135e-01
1.681912258212152345e-02
-1.347445606868553858e+00
-3.993263210046583689e-01
-2.389018892652880144e+00
-3.383693872449420881e-01
-1.196195677206081998e+00
-1.326046160366823434e+00
2.193640231214128988e+00
1.471258198976312270e+00
-2.316057883205882462e+00
-1.544338155740183627e+00
1.037020597432627422e+00
-1.073786796866003312e+00
-1.526854578625034708e+00
-1.845736574695342691e+00
6.137542631125996184e-01
-2.381975420150154843e+00
2.620378868393832938e+00
2.902936932793155123e+00
4.534721992702325011e+00
-2.171889103819533595e+00
2.177563206451740285e+00
3.818652464399364677e-01
1.723760717036870282e+00
3.791482629332354470e-02
1.331831241057838566e+00
-1.245078214162317787e+00
1.008453441436334197e+00
-3.301984018276637456e-01
-5.565460636820827034e-01
7.598595541743231596e-01
-5.635397682202474279e-01
1.837052261598926428e+00
5.348764750168356619e-01
1.021345517886374843e+00
8.961518145704939764e-01
-1.247847912798926595e+00
-8.243599210997648585e-01
-1.672471142271972910e+00
4.646341982650064040e-01
1.838523993557495961e-01
2.010104191433986109e+00
-2.313381330445207495e-01
-2.584403029359526038e-01
1.429470806732206167e+00
1.708564027336995972e+00
1.032727069734384329e-01
4.267634517894741686e-01
-1.520401505418805810e+00
1.988391871793785848e+00
-1.885093509734464268e-01
-5.461917350553319173e-02
-1.149833121706033801e+00
-4.788378390510951155e-01
-1.061990465610434420e+00
2.073647708695328107e-01
-1.668693540205319348e+00
9.099208899957218488e-01
1.286631442365216982e-01
-4.094260822605224615e-01
-1.098730783198650585e+00
1.673191604472142657e+00
-3.972214273996255152e-01
-9.269444609459088769e-01
-6.621795943684068986e-01
7.037210234602422343e-01
1.491838506880915349e-01
-1.805873096574684089e+00
3.277226334443991140e-01
2.398148582304683085e+00
2.320417183437478714e-01
1.942399657834216420e+00
-3.151685096837257838e-01
-1.213540124993144786e+00
1.488657950993735879e+00
1.411696966963650324e-01
1.900394204824015221e-01
4.201889142094973884e-01
-9.874961718091807006e-01
-4.946949533242317454e-01
-1.226043949899374930e+00
-1.386203393000226658e+00
-8.359848149441683196e-01
7.033797197024214132e-01
-2.296113797299413672e+00
-1.297497727224183883e+00
4.431046195167940294e-01
3.195845126950168646e-01
-1.706698172254902168e+00
2.052356555702297136e-01
-6.098418726183025829e-01
-6.201226068919343248e-01
-6.921810652092803551e-01
4.768220375077536488e-01
-8.451600681374422663e-01
-1.026298801179516440e+00
-1.636615239653119724e-01
1.398938494671810195e+00
1.557762933705266306e+00
-3.582435402436390248e-01
-6.630054377252720954e-01
6.671449239745603776e-01
-1.473734744712996036e+00
4.593548182322080842e-01
-8.829035484556575497e-01
7.786619866478489138e-01
2.760428992540699955e-01
-1.046560012465983291e+00
-8.227392170743830224e-01
4.312451274714253491e-01
-1.932512702539914473e+00
-7.649326605553198322e-01
1.878655454677193581e-01
2.471776133240263018e+00
2.584337997244637863e-01
2.923748071408775573e+00
3.736363540652298254e-01
6.722419192806352584e-01
3.188957916822936500e-01
1.932366940732586080e+00
-2.431047852837924239e+00
8.386377110995719697e-01
-3.464861099756101348e-01
-1.826600498676223816e-01
-4.252324225701748506e-01
-1.517137821133410114e+00
9.825939941981419734e-01
1.746032360415822549e+00
-1.316948260445128804e-01
2.409686785491071404e-01
2.850586193131148249e-01
8.438878357918597195e-02
-8.123945904597895673e-01
2.858280808391640004e-01
-3.205147419443948875e-01
1.429337420908287637e+00
6.512715867737453035e-01
-8.330875811156566169e-01
1.131184707439053527e+00
1.527178855588848139e+00
9.665769124893146547e-01
-5.132964897048388764e-01
-1.028250654855732193e+00
1.129374927275696994e+00
2.152623867179126738e-01
1.391024264517401465e-02
1.084701313767575392e+00
-3.014056685097649124e-01
6.360280436811543980e-01
-3.968471075522356228e-01
3.631019896644456235e-01
9.611088389040050028e-01
-5.072115396152679367e-02
-2.016955098091007259e-01
5.209640451634882652e-01
-1.970814292018372438e-01
-1.879052007018237269e+00
-1.547724656268736898e-01
1.226169560759057808e-01
6.925557422743924274e-01
2.064045290721302495e-01
1.558534039540642846e+00
1.161452592575614035e-01
-2.843300994202048737e-01
1.210971357349668986e+00
2.808358930846555634e-01
5.158804063724327094e-01
1.694587361147803284e+00
-8.574674529344969431e-02
-9.432962379428808664e-01
7.112003854539684644e-01
9.622163117944363409e-01
1.246323295230874484e-01
-5.819418268035986275e-01
1.698961672454083471e+00
-9.697161340220711301e-02
-2.591121574329386390e-01
-1.113552207584020071e+00
-1.196005845927847311e+00
2.745643518202094124e-02
-6.159312903907685488e-01
7.908404157190271899e-01
-8.839671149519423565e-01
-1.167755430070076816e-01
1.436591351605382094e+00
-5.821091619942071471e-01
1.550094951990415471e+00
5.108323631759452699e-01
-1.270199573062741116e+00
6.735006942762303828e-01
3.398093929271872593e-01
-2.430977736189007810e-01
-4.432105164749507442e-01
-8.964179385465121941e-01
6.878523146191575233e-01
-1.192699337559708139e+00
7.311965836959880560e-01
-5.270902266344201781e-02
-5.890360658937502381e-01
1.312722691167036659e+00
-2.063905380863842731e-01
-6.314616262035381844e-01
-1.928034697631349492e-01
2.228291403420648853e-01
-9.108625873975784160e-01
2.471610259985630442e-01
-1.442038392762495791e+00
-4.359437784720347764e-02
4.922624935528392420e-01
2.529357857259453835e-01
2.183049336410591013e-01
7.588391668770282372e-01
-4.658198396427736809e-01
3.962917968031301474e-01
7.706939208465869023e-03
7.290470626875322768e-01
2.502137981991276461e-01
-1.014326893018250020e-01
2.021376184320337055e-01
-9.076743486892061563e-01
1.292281627665092456e-02
1.556246103641706346e-01
-1.933398194463577593e-02
4.545745188571653772e-01
3.780141256617940426e-01
9.933193361679475419e-01
3.359289209888952077e-01
1.899189887113160169e-01
-4.915548812172984561e-01
7.535986138656213251e-01
-6.034983732800535128e-01
-9.268073550108671954e-01
3.085617129411172832e-01
-2.720278249001218396e-01
1.086204095930928482e+00
-2.307765515872576279e-01
1.043379484237512811e+00
-2.881510955965280174e-01
-1.014729290484442270e+00
3.642964683707095586e-01
-1.537936971786991514e+00
-5.286139417392125006e-01
-5.867777217961521741e-01
6.264099857189091569e-01
-9.248664204652503606e-01
1.907725729591006170e+00
8.065209902310495060e-01
4.551489183884139811e-01
5.410914560364095127e-01
-4.020426416077529375e-01
3.536786231512576983e-01
-4.023879398732185808e-02
6.440834353608295704e-01
2.588290483235017314e-01
-1.544915205144781756e-01
1.858918771776724987e-01
-8.580586860181859121e-01
3.446362427494760183e-01
1.063289723038974011e-01
-1.165149351832831970e+00
1.874700469866639740e-01
-5.002725307416892031e-01
8.923799701237355997e-03
1.117411025473977526e+00
2.128877385166887681e-01
-5.804244740165765554e-02
2.950472095390662686e-01
5.922017805676641489e-01
-4.329412913512724059e-01
-2.878140951126634262e-02
4.475314594997447104e-01
-4.078449066444063686e-01
-4.699905952819731780e-01
-1.147746434752468792e-01
7.647057754824592157e-01
-2.435834630914960816e-02
-4.699313058503673535e-01
-6.262437380058910597e-01
-8.851739454072311553e-01
5.214833412349589858e-01
-7.067162750885184197e-01
9.381797049897040719e-02
1.180584967073746272e+00
1.226122222193811728e-01
3.353873943456479600e-01
1.446346125315821352e-03
8.710693148157709897e-01
-2.239073731272902545e-01
-1.227344256077639306e-02
3.398057722778114464e-01
-6.677592130035377993e-01
5.370326282482120739e-01
-7.048329554264857189e-01
-1.693526300380649441e-01
7.776427396832537031e-01
2.423010887447952788e-01
-4.513791369629969741e-01
4.637887136931227450e-01
4.765622644324934987e-02
8.373127993281891390e-01
7.556262773075282657e-02
3.580772190440195679e-01
1.886223137739520272e-01
9.605931905096513068e-01
6.687055301412041242e-02
-6.282674658541953505e-02
9.813263538705181421e-01
1.361468789077215913e-01
2.314045398907423612e-01
3.876451634861226569e-01
-6.755717143208528341e-01
2.692486682449369284e-01
-4.128310839125609033e-01
5.868369960657102702e-01
6.028922170669840513e-02
5.706787935857385863e-01
-7.276502595870849854e-02
5.309322456636895726e-01
5.642991972080759755e-01
-7.152727945836571122e-01
-1.034852070173628125e+00
2.493474266308693954e-01
-2.883901288271223384e-01
2.295981498733748738e-01
1.090969658533333941e-01
-7.182114163854066424e-01
1.956894075756784868e-02
9.034761033414753228e-01
-1.787166748280752948e-01
4.264176530490689232e-01
9.157415780632011115e-01
-4.122097980411380536e-01
-4.761346207995436619e-01
6.870654890829815953e-01
-3.852744176381762697e-01
-3.145851071987648684e-01
-1.479354986949901196e-01
-1.746287702132942876e-01
-6.320869051816196960e-02
6.153388757883387211e-03
6.985278085401017689e-01
-5.559377083132389652e-01
1.540128433099050842e-01
1.721374362724880647e-01
5.327009326205641576e-02
-6.111959509932568535e-01
-4.510881239300642553e-01
-1.285782014937429496e+00
-1.360321390386431961e+00
8.187859681336842055e-01
-1.217349325510501235e+00
3.822501981028800788e-01
8.381561920714694081e-01
-1.621644091688582978e-01
-9.086263222062491707e-01
-1.020233492740459935e+00
-2.958092622902420699e-01
-3.180815769181465358e-01
1.354456011030126916e+00
-4.235712956374830529e-02
9.887593924743162122e-01
3.282112747094296235e-01
1.328460165808235949e-02
3.891128719964272453e-01
7.509802241940825018e-01
5.912234634136603884e-01
-4.871970533467632203e-01
-7.467032667820597269e-02
-8.684234257337481999e-01
-2.610414531605835808e-01
-1.492166288319738549e-02
3.734351400972729662e-01
4.714170332047676326e-02
-1.228523416077953678e+00
1.329530926522332512e+00
-7.662287196999868766e-02
-2.913414311529715639e-01
2.019343154124254025e-01
-1.136629276614361084e+00
-7.159054081843791995e-01
-5.713526077253116009e-01
6.116489611451949582e-01
6.902860192529303163e-02
2.326932639023646110e-01
-5.649096514894028642e-01
-1.242228236462112223e+00
-1.011305452119236170e+00
4.566511748643852231e-01
8.209463780673310895e-02
-2.814184878658418376e-02
-3.037218053431770676e-02
-9.658984505013065158e-01
2.962970253581134195e-01
-2.417627430950141654e-01
5.224861135912853977e-02
3.646229735277206063e-01
1.474302514740294945e-01
1.155473231196014972e+00
5.343048870875679590e-01
1.749509145974210977e-02
3.872853343600378417e-02
2.326754080493304566e-01
-5.943764526489830891e-01
3.624422484875701178e-01
1.209758383995223952e+00
1.529611718503272599e-01
-6.883248318018431178e-01
-5.340963876130312427e-01
2.490666130559945901e-01
1.640202144941522999e-02
2.219844429301937039e-02
2.087327047419296755e-01
-4.381380566384787123e-01
8.640491930171794177e-01
-2.730788782612141308e-01
-4.351421264306382097e-01
-7.884233171287419184e-02
1.537141316200043850e-01
2.694711336661455570e-01
-1.024395781317006149e+00
-6.909712083305257213e-01
-6.453318020119332143e-02
-7.403381874092437309e-01
3.243946789019294674e-01
5.963669487309333078e-03
-3.126622576942649778e-01
-3.835432140882529262e-01
-4.845924010693349326e-01
-1.996033580605485747e-01
4.894992316724217640e-01
-9.793776733102508292e-01
1.203436869995467007e-01
-8.825271700245054252e-01
-3.205450709516559638e-01
6.734517146567651213e-01
2.338551236127868471e-02
3.925713591611400544e-01
5.166687455336366891e-02
2.707515587510002653e-01
-5.843146228119381336e-01
-1.036164942372403142e-01
-1.328346135620750879e+00
-1.327856536050345815e+00
-1.464336074143908484e-01
8.222268274143167410e-01
-2.756449372235705852e-01
-9.113795591038266197e-01
-1.585745156040548054e-02
8.361831692793471049e-01
1.972831431991399209e-01
1.123536102823176064e+00
-2.066086142229651146e-01
4.909786449876029080e-01
-2.103637273686336795e-01
-4.164657596491407737e-02
5.923977588714788300e-01
8.178694650202467109e-02
2.681930152722264982e-01
-6.976385067605122003e-01
2.458161835030314712e-01
-2.535713243022075236e-02
8.576055398783039019e-01
-2.922070791502365261e-01
1.828199600646719936e-01
5.265804270772646289e-02
2.874227675186875608e-01
1.463805768794532447e-01
1.888192595295186960e-01
-5.104415409575699947e-01
1.428834918033553003e-01
2.971728372347473557e-01
-4.703788891017244844e-01
4.836184789068661005e-01
-1.098670965268920385e+00
-4.731178646534828225e-01
-4.652797760140296723e-02
-5.354748862568363688e-01
3.833515827615978644e-01
2.966884291387644756e-01
1.432023051423478188e+00
-3.999915330054770041e-02
5.654704102769796403e-01
-7.739110307213751261e-01
-6.489993655910440973e-01
8.660556936731009237e-02
-7.752249059530110786e-01
-7.937124704948371745e-01
1.744602455030858923e-01
2.877052557259067167e-01
-8.517136000135223650e-01
-5.826611991211908329e-03
7.323006935928443040e-02
-9.037987498687920507e-01
1.146621666709344511e+00
1.005416382567168032e+00
1.505065753090634173e-01
2.709722795832694153e-01
4.558006237544935668e-02
7.778388341604884904e-01
1.337465926846603592e+00
5.469190692614951388e-01
-1.508353501100943850e-02
-6.690896492366162074e-02
-1.706283105219100760e-01
5.785186966579676238e-01
7.387027685672075128e-01
-4.340674177694719971e-01
4.108701838681080853e-01
-8.648917581017434575e-03
-9.644028690859577368e-01
3.731112157729740697e-01
-3.407877005295643913e-02
3.441913001393252514e-01
5.957845528352403996e-02
-2.866721229935114690e-01
-4.408756999683255406e-01
1.084872634966812743e+00
1.895827044683527640e-02
1.151054932580593826e-01
-4.004705737892146761e-02
-9.150079879828568741e-01
2.413239605323682646e-01
3.507279852240119955e-01
-1.763901046586342780e-02
6.963034848221643092e-01
3.291061602435091382e-01
1.121073481661943455e-01
-2.149337294445879953e-01
-5.883773101162427244e-01
-3.103906037057978934e-02
6.364953839654031720e-01
3.152669329139612397e-01
3.162042934070090350e-02
1.596235744499531484e-01
-9.512101305920112049e-02
-5.368289898895002576e-02
-7.442338439350769663e-01
-9.157873105256887358e-01
-4.126724315132205279e-01
1.449456861916149919e-01
-1.847823086896517586e-01
1.804763065616665219e-01
-5.352129873173848695e-01
2.057694820335346786e-01
-7.381922530562440299e-01
4.265821661044852942e-01
7.507022461722623330e-01
-6.888750564829180245e-01
-5.877101093139492916e-01
-6.819785797002075878e-01
-4.778655993134572899e-01
5.929441814429964319e-01
1.055412948702378756e-01
-2.110732529496318899e-01
5.855375325484395432e-01
4.376951308495997672e-01
1.945249961878549316e-01
-1.828462231146949502e-01
8.825592949711152935e-01
1.888365615867266256e-01
2.885134322089417669e-01
3.647919159550772755e-02
-6.781913050306872526e-01
-4.242831131998045513e-02
-1.161757980076397745e+00
3.163539786433892109e-01
4.722260527905631777e-01
7.519522965020993821e-01
-4.900276846374589379e-01
3.088304906095762359e-01
-1.415208984225093669e-01
-5.027712906735069820e-02
7.985238924971063135e-01
2.559002305702317570e-01
-3.177278459696755708e-01
-8.426697821724928872e-01
-1.252758447635560213e-02
-7.574514904590136100e-01
4.369798290257195794e-01
-5.219177265214322015e-01
-6.994504170936995946e-01
-1.800366859324398217e-02
-1.978652819280853348e-01
-5.004122401253764396e-01
-8.323762015847849804e-01
-2.092102496582664770e-02
-2.358727826992575438e-01
-4.544399738982284886e-01
1.023179260219026387e+00
-9.841449276807927304e-02
-4.909452559599905008e-01
1.948551324610936497e-01
4.139551771388069179e-01
4.270263442194734971e-01
-5.217133819255171945e-01
-1.759288575353128159e-02
2.266101671913693660e-01
-9.580246682583951623e-01
-8.476279323999735826e-01
-1.447920757761128829e+00
-7.865065586591085678e-03
3.388503777269538109e-01
-1.052597274983343656e+00
8.756384029362503929e-01
5.556873112894038513e-01
-7.166497804018088225e-01
2.908962405166303777e-01
-8.831771734243377692e-01
7.904966196282599000e-01
3.219861238174711038e-01
1.072258165865748625e+00
-2.168096677031324804e-01
-1.325468499577120429e-01
4.090977866809575869e-01
-8.444521974348196958e-01
3.504390015104753564e-01
-7.521923018717178167e-01
-3.981090903333356912e-01
1.161474748181725358e+00
8.096226917770484865e-01
4.135281814041119608e-01
-5.255869983053919337e-02
3.156818984451829069e-01
-8.927137973567655926e-02
-2.128038349736883772e-01
6.174204713530082600e-01
-4.987134920757829160e-01
6.942296622958840091e-01
7.414140845974614979e-02
-5.804894592362801475e-01
1.298504828980758669e-02
-1.895399074427269598e-02
-2.035564188904680494e-01
3.542263285038314002e-01
-1.661096258438704842e-01
6.215509596434348749e-02
1.292294489596521601e-01
1.395250166091383803e-01
2.516808890606657689e-01
4.055554821836379609e-01
7.109555478794424288e-03
-1.750903469979414873e-01
-3.678408993754639367e-02
-8.934687191171793996e-01
-6.866651309434118611e-01
-1.959567954323982453e-01
6.202432025688087158e-01
-1.507551205188397137e-01
-5.477548101613827214e-01
7.702075518180682145e-01
-7.676390344846883984e-01
1.733011690540272320e-01
9.126265268334938785e-01
4.961855968602846279e-01
2.540211487329332996e-01
1.272014818471610687e-01
1.258064945779824861e-01
4.060788344522149595e-03
-3.400616384812511495e-01
5.051638161332560051e-01
3.173464519672565820e-01
-4.972750840853273901e-01
3.478685836070896653e-01
-4.215719432582868409e-01
4.252833399152822907e-02
3.443984552879925665e-01
4.177153318189240627e-01
-5.934994458774888182e-01
5.166079835114842367e-02
4.371061193513429144e-01
-1.608574846527076330e-02
-5.034647108061524046e-01
-6.060394793968697513e-01
-3.530357830727602342e-01
3.938682754034266154e-01
-1.075890947202962217e-01
5.209937288073438477e-01
-4.935493561676809748e-01
1.688125791076151294e-01
-1.007663328463238139e+00
-5.920923958073209120e-02
-1.296211010860791879e-01
3.192477812942611654e-03
1.179337855585296246e-01
-3.605951534300918526e-01
-6.086990605578699309e-01
1.566971111114703885e-02
-5.027203975513835355e-01
4.014773548596944353e-01
-2.312437223557476940e-01
7.103254410548034414e-01
2.537112511620577548e-02
-2.842995419917361821e-01
9.282768597674091460e-01
-1.424561951692724926e-01
6.859088357493796639e-01
-1.199708430330588549e-02
-5.770484664401488439e-01
-3.877303536179894095e-01
-6.054812833557222940e-02
5.460182205503453234e-01
-1.038587558198467820e+00
-7.322378634881323567e-01
5.869797880866234330e-02
-1.386200756568846115e-01
-9.292301434992138870e-03
5.155399332106826160e-03
-4.374754268466556073e-03
5.929153114642943256e-01
9.984954276297616782e-02
-1.632406076607254841e-01
-7.902880400992624566e-01
-1.187312214821567569e+00
-4.717977193359155774e-01
1.312334530747705508e-01
-6.144918457732818640e-01
-7.473951033931132137e-01
4.646796411181924324e-01
3.727544749866232299e-02
-8.223862476845283931e-01
1.081605244374341357e+00
-1.190324049587944577e+00
4.327722756332121057e-02
1.253358680229741395e+00
-2.127457136070685928e-01
-3.447729027529403134e-01
-7.875031916894029704e-01
1.144062737847951317e+00
4.043460357085423285e-01
-8.935108053768739400e-02
1.154439866230382084e+00
-3.115359899502267299e-02
1.746784838002995721e-01
-2.739197040066885802e-01
8.474979950996716638e-02
6.005237549478457115e-01
3.736036507173746690e-01
-5.107312133300587892e-02
-2.473672099684023351e-01
6.598845326468468775e-01
2.960291265895539925e-01
4.882836070196460709e-01
4.661386266759002805e-01
3.006419804321391331e-01
1.510476575712892400e-01
-6.587081945821476880e-01
-3.715529233683173560e-02
-5.827665717805248224e-01
9.399738927379781561e-01
5.539456064508434252e-02
-1.798099471129158133e-01
4.644217487111392678e-02
-5.026475104845745667e-01
-1.705852329335466322e-01
1.867198427331615562e-01
9.771044901893713441e-02
4.022680923010412690e-01
3.330989711741612069e-01
-1.558310515003232533e-01
-2.898291146731261092e-01
-4.939620559002893541e-01
-5.919958332891021163e-02
1.593675836332823226e-01
3.378296881469280422e-01
2.125739747788061781e-02
-7.159996254123434101e-01
-3.785759653042118922e-01
7.516449695805769160e-01
2.626332081900848436e-01
1.145091955091434993e-01
7.704807917568217146e-01
2.149524718237224019e-01
-7.133317500514778364e-02
2.619070090526747774e-01
-4.999329997215579136e-01
6.009875399461767770e-02
-2.752825649112465856e-01
-3.690868928785863146e-01
3.008248231971134556e-01
-1.464724639189866728e+00
1.911666466334331627e-02
1.193086397877268778e-03
3.640968581071347687e-01
6.285542225999208865e-01
-4.430249460513635551e-02
-7.349037163300246034e-01
-5.457246901120578197e-01
-6.906951329118204974e-02
-7.037152210316645062e-01
6.867357889401720650e-01
-1.041390256582797602e-01
1.538562978997352337e-01
-3.417188378106010838e-01
6.888358364865556638e-01
2.372098185886490074e-01
6.209404908820906899e-01
-9.869107798151588451e-03
-3.156763676642240224e-01
4.916851322670896529e-01
-3.438324814621019354e-01
7.562248363890412828e-02
6.260998834268889646e-02
-1.225479884263596941e-01
-1.987442716605211657e-01
-6.083169828575623050e-01
-2.543221451005716616e-01
3.800561086108382447e-02
-4.172906808416647628e-01
5.186967498064609661e-01
7.705079791761984542e-02
7.691965286217451458e-01
3.450749363186577656e-01
1.662906437718892905e-01
1.225050874346081675e-01
-1.233705577112989560e-01
-4.757380406697831465e-01
4.110602099121132835e-01
-2.194017237723291658e-01
2.332560687363938526e-02
-1.207827653663464951e-01
-6.054354696096956312e-01
4.724349851188624494e-01
-2.153730291217490767e-01
-3.265478848890440711e-01
1.117364931253517490e-01
4.120592803525573444e-01
1.283491548848569586e-01
-7.974609131299695841e-01
-1.993373224095687513e-02
-7.259343771472510642e-01
1.878290418456163985e-02
4.828102998409389279e-02
1.088789396202116899e+00
1.480075809878895754e-01
1.297840259591361289e-01
-2.503762861663003658e-01
-5.110408244258971555e-01
2.033611717650121997e-01
2.483786518078885952e-01
8.638562626065239558e-02
1.211000857147393611e-01
-3.819974876368310013e-01
1.059449533893137285e-01
6.675682901857121765e-01
8.222500009789690534e-02
-7.180631301984088943e-02
-1.015851650447089582e+00
-1.015247552082003901e+00
-2.938543160709961022e-02
-2.513667037524464631e-01
-1.310632277092840470e+00
-6.256117316465764633e-01
9.041406028458331967e-02
-4.683307059036873055e-01
-3.808571031473479973e-01
5.406393953843417755e-02
7.774971058953287217e-01
4.352045299383354715e-01
-1.133158918503016643e+00
1.495391987020488589e+00
1.097995186748127044e-01
-1.239908483428180386e+00
-1.026441737586038655e-01
-6.351884879679238205e-01
-7.954770203794685191e-02
-3.933749601095848925e-01
-1.015809606415207567e+00
-1.089728756820582456e+00
2.001071489071128418e-01
1.245417576705659002e+00
-7.014269437141946728e-01
-3.978023537791362807e-02
6.471434997022126323e-01
-4.964928214287943620e-01
-8.527820894814251707e-02
4.131190176721807883e-01
-7.025332832261674820e-01
4.000047730296473203e-01
1.740573813573649709e+00
-1.711330504489692594e-01
6.613876045798535719e-01
-4.698523775012031778e-01
8.890164123979475697e-02
-6.399434556142977737e-01
1.243723691645544083e-01
2.779907446782191038e-01
-9.007194452786464467e-01
-1.044024635573082449e+00
-6.497698142580118352e-01
-3.071413540850761459e-01
1.172943879547135998e-01
1.511770479115989829e+00
-6.477365545038622496e-01
-6.045890966422766688e-01
1.143299160361441968e+00
4.314126671657497747e-01
1.192682357448917874e-01
-9.869260465041865271e-02
9.252113645796703478e-01
-1.983675473168793613e-01
-2.903695299161196952e-01
4.405327064597712727e-01
1.978050929070142988e-02
3.745239736041516831e-03
-1.910211602233057304e-01
-3.806416351732427317e-01
-4.734568294060400584e-01
3.279764036162822749e-01
-3.894348803688327254e-01
1.911248275121044116e-02
1.021930240396813350e+00
5.875452009555350852e-01
1.723950596645376088e-01
3.560656448997362999e-01
-2.939113224862079932e-01
1.857426754596094159e-02
-3.076943993432270097e-01
1.802329932376390553e-01
-1.294582181502624552e-01
3.741614294481105385e-01
1.081113708991114364e-01
-7.628400915851667186e-02
-4.764674486042147494e-02
3.865810567034116407e-01
1.137208630596204806e-01
-7.552139990729969110e-01
-1.228162161619435477e-01
-1.260100310504602694e-01
7.363190019669757502e-01
3.314159685493389129e-01
-5.007518541789109101e-02
1.794758196241378334e-01
1.987909368944274988e-02
-1.912969540561888782e-01
3.882725541732915397e-01
-3.961354686427785987e-01
-2.227025997900214938e-01
5.927006788313011754e-01
5.073174670690026034e-01
2.972819619787294559e-02
1.847892771103467058e-01
-2.137885692973475471e-01
-1.824654160676769110e-01
9.215398030693193743e-01
2.036195915669926082e-01
-1.704656548216659795e-01
4.330854652796906068e-02
6.539457123804710836e-02
-3.041730624580618603e-01
9.235843958743641391e-01
2.727384992791939133e-01
-2.687769526975186118e-01
1.037716999418646646e-01
-4.425162616737916832e-02
-1.375689448298975104e-02
4.988563340051938022e-01
9.272305899085651892e-02
2.278369817215971371e-01
3.731802844152857235e-01
-6.684650873732888021e-01
-5.441097571518663939e-02
-6.211862723857352053e-01
-2.366432097820060920e-01
7.988836212257923730e-01
1.725197120031048970e-01
1.779257157288122726e-01
-4.639019541980678452e-01
4.021912915506348218e-02
1.055259819081622863e-01
5.187515360936346687e-01
4.555580582322217853e-01
1.115028427564843522e-01
6.393328901229539118e-02
9.617961244112255281e-02
-3.425242889099152088e-01
-1.075907795348362450e+00
2.320458323616285956e-01
6.132987972666764653e-01
6.116724933565013955e-02
-1.866911623700354683e-01
5.867925690562524332e-01
2.062395153291526340e-01
-8.587177017087481434e-02
-2.514585179227830092e-01
8.789827482041012718e-02
1.342126462866663483e-01
-6.012035979308971712e-02
4.340638546583815843e-02
5.759202710461752694e-01
1.010956700639033534e-01
-2.267518017461595536e-01
1.304898275253522921e-01
-1.711117897389206888e-01
-3.072450409355379497e-01
-4.617998950614571330e-01
7.998764157772899619e-01
-1.835589316710108110e-01
-4.384058446902889816e-01
2.149734030796811302e-02
-6.029797383848763959e-01
9.887542200085464028e-02
-4.574114838529787230e-02
1.234549453114072992e-01
4.278929410471847827e-01
3.800875174733583384e-01
2.260862296018845141e-02
-1.164151119790931693e-01
-2.369586033862618735e-01
1.747001393650730039e-01
-4.311087306193045476e-01
2.581215456368078920e-01
6.092161462620684365e-01
-1.002475244154935385e+00
-1.612097177369920808e-01
3.071177203749764217e-01
4.216241453882930146e-01
4.857090204240330222e-01
2.208180882825011571e-01
-1.366424427717553569e-01
-4.907039821386682127e-02
6.690658489962537925e-02
-1.340478735162882740e-01
-5.514138090725296815e-01
-2.754680876438610482e-01
4.755604742313114253e-01
4.982269237077585622e-01
1.257859974779419465e-01
-5.031356610035560284e-02
3.015836358665915234e-02
-1.263311975628608474e-01
-2.985969319118971788e-01
-1.432429587715063624e-01
-2.679396590422276070e+00
2.312322434637786861e-01
-4.176897362746020970e-01
-9.985410925670911153e-01
-8.307302940708509720e-01
1.052857502488799835e+00
-2.768727559640216662e-01
5.277073892455081960e-01
9.250941976526655397e-02
9.919215274412286620e-02
-1.533306916807126052e+00
4.834262309711943595e-01
1.591026394739713523e-01
-4.023440896234872777e-01
9.860114899168165303e-01
4.685309071309604056e-01
1.306867429796920499e+00
6.399764517621642224e-03
1.980872260249200156e-01
-8.417710332292913100e-02
-4.836815530235146765e-01
-6.671735146405831651e-01
1.793340688409219286e-01
-1.543742817118005373e-01
1.705377994799999464e-01
6.770720344510676725e-01
4.382012591019493475e-02
5.102793225233248631e-01
-4.753714019968504068e-01
4.709184904107431846e-01
2.507500207567607831e-01
8.796317730806069157e-01
2.283719609699695341e-01
5.601329397270192467e-02
-1.247290408417549845e-01
6.741559043780681604e-01
-1.405487847072438012e-01
4.415797077216131877e-02
8.342505834739073478e-01
-1.095008108304357658e-01
-2.521344302332834825e-02
-6.779220445784874816e-01
5.892630472398678876e-01
2.757787425037191986e-01
2.570005746907164101e-01
2.370249592626752222e-01
-1.340357563449886824e-01
2.095310499932998005e-01
-1.097576081822927430e+00
6.788126517844409458e-01
-1.839838118173823533e-01
-5.883387258109587514e-02
6.363670996015744485e-01
-1.284221965874404459e-01
4.687867612727237843e-01
1.139297782844817114e-01
-9.966604777166945817e-03
-1.410280857303938262e-01
-3.247355037438505176e-01
5.041553080356710875e-02
5.352966765321334197e-01
4.604651467518355856e-02
2.941018945171195442e-01
1.058505579424776771e-01
-4.644668378983554113e-01
-7.171005964468216698e-01
-6.009380125088644720e-01
-3.607562810033813211e-02
-8.777736349972957708e-01
1.088983320694272061e+00
2.902836157749893453e-01
4.665908211453937970e-01
-7.556105283040358278e-02
-9.415493579177979244e-01
3.540571679092850976e-01
-1.010407690099023315e+00
-2.253948910372158276e-01
-3.669536770909275214e-01
6.014725048586929690e-01
-1.129448829205158267e-01
-1.664767091791617415e-01
1.048784083455467808e+00
3.004224775822009544e-02
3.619146486648106009e-01
-9.914409916960960079e-01
3.752782702379890423e-01
1.373451441846123000e+00
3.627840160484876453e-01
-4.663572895437964605e-02
-6.942080563704319807e-02
-2.477041503038119874e-01
2.586609660701209568e-01
-8.849676106341028969e-01
3.643942868297000426e-01
-1.591310157531072189e+00
1.915588647019181856e-01
-1.974742609974389884e+00
-1.480542270089857615e+00
4.812659088731109924e-01
-1.133420382917319058e+00
5.364627652980726857e-01
2.417026764770799918e-01
-2.029188697554622944e+00
1.672298367514205131e+00
6.785031001669344919e-01
1.248894426168361438e+00
-2.043126234058294521e+00
-2.154169569737842890e-03
-3.226054773092494332e-01
-1.499399894426215241e+00
-1.279646267786976432e+00
-1.111099766435586500e-01
1.803286700269228104e+00
-5.074734743690668265e-02
1.290624388787088572e-01
6.310491935244025852e-01
-7.710087025654049908e-02
9.663933296643424375e-01
-4.209551456191517049e-01
-1.848761730335210407e+00
1.523072751574984673e+00
-3.516656629967118697e-01
8.020146975532056466e-01
6.514769509703370876e-01
-9.055290704084155706e-01
2.209556087520656020e-01
-1.450302149186341927e+00
1.005292884818084431e+00
1.465351991566143236e-02
8.820176157088659430e-01
3.768298865966791117e-03
-4.799358670051344644e-01
2.112526256695562932e+00
7.205570097138240815e-01
-2.006791959854399288e-01
4.500620515634417007e-01
-4.018939643955511953e-01
-1.925861344371443962e-01
7.330366242542832866e-01
-1.750033110202884323e-01
9.518379752056919108e-01
-3.232918395922209642e-01
7.534516459488269091e-02
5.924716926967843467e-01
-1.816238688622206776e-01
7.237362183626310230e-01
-9.989185449184105614e-02
-3.917207371813887229e-01
-3.560012914508725590e-01
-5.713845608048406799e-01
8.405405081874281481e-02
-3.476776496196794242e-02
-1.678951851166378351e+00
5.481184267853919101e-01
-3.249734419092854543e-01
-1.660306048979643123e-01
1.085348625828985947e+00
3.090558618215594189e-01
-4.816443447541287060e-01
9.355734530264024906e-01
-2.030360296700496558e+00
-4.754165037509918146e-01
8.666185864051073606e-01
-2.252174740034436962e+00
-1.679672714846401904e-01
-1.316823331209884040e+00
-1.078661798938580274e+00
2.067373527729020832e+00
-3.570131096611408039e-01
-5.834400512634052571e-01
-1.385298011937709850e+00
-9.835425366811686443e-01
1.241593040137804804e+00
-1.663495801895904069e+00
1.104224350926531262e+00
2.181020475763907118e+00
3.671548020588889516e-01
4.975311556330291873e-01
-6.868551323002067832e-01
-6.072727072624799494e-01
1.141996952083714989e+00
1.390128850961667606e+00
-1.654577101228922320e-01
5.824022384090266069e-01
-1.917005155675645334e+00
1.625678140389964499e-01
-9.350021985699144556e-02
-1.045082628229330401e+00
-1.148888710484584630e+00
3.942252657098041513e-01
-2.682598483286965929e-01
2.140736333903496547e-01
1.135312375366576365e+00
-4.333550214057531602e-01
1.307227244246946529e-01
-1.665261725452768182e+00
-1.494828299419047879e-01
-2.106719426051385291e+00
2.541652740724503756e-01
-1.384185515080367468e+00
9.073675955654652014e-01
4.668602055271923179e-01
-1.048598802660143603e+00
7.361951525476475577e-01
-2.032778214760531554e+00
-5.447901906783368942e-01
-2.377832356814713499e+00
-5.147481497991585053e-01
-1.146868131278409475e+00
1.549528227993890672e+00
7.413811215200970528e-01
1.390077817090331902e-01
4.777718255811325698e-01
-4.483962098525556272e-01
1.290875530575757990e+00
1.007363716921772179e+00
-3.564615759210391754e+00
3.673907451013533332e-01
1.752118741507859845e-01
8.885203559205521184e-01
-1.114586015390538476e+00
-1.201534589761503458e-01
-3.062381845920505441e-01
5.011298090860392129e-01
-8.670249512454824004e-01
4.164013429309730285e-01
1.132385825124194501e+00
6.863966483433183718e-01
1.347602937129358525e-01
-8.376368415530506262e-01
-2.203660348296298643e+00
-1.330583214092598554e-01
-1.190000551947971164e-01
3.671727440967296752e-01
-1.654568543840133632e+00
-7.654109905034404138e-01
-1.384878455005956965e+00
2.582632043357298901e+00
-5.271057375936603062e-01
5.339278753766649732e-01
-1.587783632634209408e+00
-9.998756844686698120e-01
3.140256332527107119e+00
-1.791953823274625490e+00
2.077238359485208630e+00
1.929166224893637871e+00
-2.641647052327460998e-01
-1.094969900774213745e+00
-5.538923861716070762e-01
2.468101325225443843e-01
3.161300918080203193e+00
1.739542408447845301e-01
1.217874399462019752e-01
6.745398585732642616e-03
-3.367167957307231618e-01
-4.093246965170376228e-01
3.473519005086267430e-01
-1.587909440144950723e+00
-4.560594508299044558e-01
1.546608472813114643e-01
1.527381133032805316e+00
8.907506251218468007e-02
1.562609709161190796e+00
-5.974078230926609390e-01
1.552145108576362675e-01
5.284463300580480860e-01
5.673005458962734338e-01
5.288327924521206425e-02
-2.578052562926612667e-01
-2.555451429057445933e-01
1.486071247161627973e+00
-1.849043852636842733e-01
7.059025694100451442e-01
-1.333744347898720317e+00
1.671237827131254461e-01
-6.307624544086813945e-01
7.634752754931806162e-01
4.228680911065035852e-01
8.506283158847522952e-01
2.100912820149097859e-01
4.102597582687134148e-03
-7.034755666014316233e-01
-1.341020162530519144e+00
-8.073537735888695055e-01
3.864124829135814343e-01
2.923816081419564616e-01
3.428816450626362977e-01
6.927594952974948372e-02
-9.359987586099224322e-01
-5.900672591248053989e-01
-1.382245386439536761e-01
1.545171610611927759e+00
-2.191879917698443592e+00
-1.089011431894731791e-01
-1.598579670376276241e+00
-1.866989788400169048e-01
1.040586136886867630e+00
1.024567567599918017e-01
-4.793157246810114125e-01
-9.107483656870181132e-01
9.530175914606855980e-02
-1.697411560766242555e+00
-1.468281956081020877e-02
-2.540590919808591863e-01
3.843845253757976477e-01
-2.322330112465598173e+00
-5.937342978698798568e-01
-2.583759115682614516e-01
-1.205285190175275911e+00
2.403897332635708886e-02
-8.079616270983847048e-01
1.089502851311284104e+00
-1.300097206836217989e+00
-9.599600478687858596e-01
-1.058846472289189489e+00
-1.053905852726096493e+00
1.837116446568218597e+00
9.883041113636344965e-01
1.320367486341052499e-01
-6.834065019497598259e-02
9.894299737754999047e-01
2.415021595513083541e-01
-1.652268605220236886e+00
2.284057441720337422e-01
-1.619755066061058457e+00
1.599202768810721542e+00
1.205931698275409580e+00
-9.396214193884524501e-01
-5.431633175267709390e-01
-8.791669805597362997e-01
2.064776891468554698e+00
-1.408124732849707073e+00
1.951292934816419855e+00
6.707333228027563266e-01
-9.707999214079683359e-01
-4.321603463800400280e-01
2.335140818952538833e-01
2.760639534244971882e-01
-1.011417992381064224e+00
-5.190191833572077584e-01
1.450508375223820146e-01
8.869098454476929960e-02
-6.217915578997895709e-01
3.411053971669004148e-01
6.002539906387738267e-01
1.197423882203928036e+00
-9.615791016138359737e-01
-2.880843151774816202e-01
-3.475343116637998886e-01
-2.318534595167433654e+00
2.201122572357605556e-01
1.488404868887372334e+00
-2.598697705253614210e+00
3.872105722174976616e-01
9.490088494000255004e-01
-4.346909746858279577e-03
-2.275457638104848357e+00
-3.709693140243976561e+00
3.262799030876026851e+00
3.166905691946529267e+00
-2.425929788554157085e+00
-1.580160930619875170e+00
2.917456228639392357e-02
1.529416915596556903e+00
3.868807526595889890e-01
-6.863591047100988440e+00
1.887558072125561814e+00
-3.444852319492138548e+00
-2.027527921494309826e+00
-4.063599656712048258e+00
-4.093304130715441858e+00
-4.805478253862046856e+00
-1.497577950826031623e+00
7.332774453831403250e+00
-1.497039745654341614e+00
-3.892673410139674495e+00
2.785484381009834642e+00
1.025434171328896582e+00
3.216192567487867748e+00
-1.238224656993754058e+00
-3.527247139334163784e+00
-1.527521491513994079e+00
-3.082811311459385362e+00
-3.952369954830365906e-01
5.818214672209899518e+00
8.069773538141429281e-01
-3.884773852641232317e-01
4.264028740287816310e-01
-2.607571914542965885e+00
2.546204453935930978e+00
3.847614321867118825e-01
-2.899189429971574139e+00
1.296879469128401130e+00
1.417241869200358551e-01
-2.522873659652457690e+00
-3.804622435832626159e+00
3.704566998947551593e+00
-2.507385643932780184e-02
1.181046907953793301e+00
-2.809795160202301911e-01
-1.240462280967236541e+00
-7.955682717405323512e-01
4.206897583967832865e+00
1.326777742378302261e+00
-7.955564174912366227e-01
2.966073776046301624e+00
-3.338613069571154224e+00
1.474559245323334711e+00
1.358823444123892443e+00
-1.672179197570142772e+00
2.658742794941685528e+00
3.192636242448831041e+00
6.898477005795178307e-01
2.398239660237643012e+00
-1.819903245993090390e+00
1.257237591941589017e+00
-1.047275552710449587e+00
3.258441466740836123e+00
-7.285493006565909591e-01
-1.451248633114221587e-01
9.394861571886684581e-01
9.894541948594823833e-01
-6.137149232202459004e-01
-9.516814581103688608e-01
4.404246418541659658e+00
4.023041171294588381e+00
3.562020693020853113e-01
1.272506813075563681e+00
-1.477821089798890597e+00
5.988011957768872850e-01
-8.671966396301210578e-01
-1.624959960394796177e+00
-4.161688424776970319e-01
-2.738106818549448374e+00
-4.409456294682759236e-01
-1.227564108388301545e-01
-4.228355520739421003e+00
2.604119256326906218e+00
-9.839580136126865328e-01
3.364030845562601679e-01
1.181147453227860078e+00
-1.426758721585098755e+00
5.749328832143862922e-01
1.069308060468654675e+00
-6.553356999257272664e-01
7.705669015036367142e-01
2.135356935865197148e+00
-1.001955534557014138e-01
-3.548699248785202709e+00
-3.423288444746929171e-01
-2.777962492963328978e-01
-9.083523318697116489e-01
-3.669968092009560756e+00
-7.657314266504358091e-01
-5.789036471003459194e-01
-1.209657509361891758e+00
-3.489538238963152961e-01
-1.188613592063378910e+00
-2.152854383945561612e+00
-3.925194423300162327e+00
-7.566342980438671706e-01
1.146964345857633516e+00
-3.223986135760833260e+00
-1.513615518590979980e-01
-1.207513515191480424e+00
4.216327552929909572e+00
-1.523289383854450618e-01
3.191473497224861067e+00
5.714055322277349358e-01
-8.124296311307979690e-02
2.584005183302406472e+00
2.069721493728013506e+00
-4.333483228213741434e-02
-1.199576662241869762e+00
6.301518578290486339e+00
-1.966243372160161318e+00
-5.369875796711813809e-01
1.578294062142838072e+00
2.637920572388003926e-01
-2.396473882928317867e+00
1.078296910106746997e+00
1.332393129816129118e+00
2.672524470479094916e+00
1.253732495001875780e+00
-1.602588172176738768e-01
-1.855638216907120386e+00
8.877437573144296712e-01
3.790564697482230905e+00
-1.652949343166192353e+00
3.406384154963508770e-01
7.368643740556382049e-01
1.564182009453455979e+00
-3.612324293556570254e+00
1.238782501375111256e+00
1.610656517506462659e+00
2.074956008339707392e+00
-5.841094838460828553e-01
1.285633802459074659e-01
1.674511593937864529e+00
1.546903286597187122e-01
3.394118058701950602e+00
-1.726829389199794063e-01
1.361422203202358849e+00
-8.933911441287483157e-01
2.318447796150129747e+00
-1.738575732721853173e+00
-6.744586640705560465e-02
-1.757856926469667957e+00
7.518292928551976173e-01
-9.995754881261664782e-01
2.392169492887813220e+00
1.084128949978245826e-01
-4.990057472286884011e-01
-1.279481691838613600e+00
-3.479170125449910778e-01
2.207144509333256455e+00
-1.197653109026109330e+00
2.698667833998247723e+00
2.297027407269557564e+00
2.425356785849669961e-01
-1.289028075863817513e+00
1.120104846405642007e+00
-2.259449096855993822e-01
2.527874696467000137e-01
5.717844918313536029e-01
-8.245536518328941411e-02
4.341974792316715681e-01
-1.769591672500703483e+00
-1.204855062549483824e+00
-4.934144313260995229e-01
5.810975434978529197e-01
3.026612911953292517e-01
-2.248732716040488633e+00
-1.543071146016045669e-01
3.420131395362196458e-01
1.744871773637584722e+00
1.376870464869854871e-01
7.750800115745714036e-01
-6.635603034935300126e-01
-2.004772224369953282e+00
-1.156949550778563207e-02
-1.675388129147102667e+00
-2.093838140703677686e-01
5.884596080418566522e-03
1.854669373817899203e+00
2.528769924346273568e-01
2.287160636049385687e+00
8.152979039153867014e-01
1.113511026121218050e-01
1.006646201593095480e+00
3.251950520100406195e-01
8.244499388103290749e-02
1.952474922289370252e+00
3.916654783434467824e-01
2.615023980339444276e-01
-1.756271682286423830e-01
-4.553534447316724409e-01
7.634369802392412252e-01
1.199438124207479264e-02
1.310072102001713423e+00
1.851249970214718654e-01
-3.288291311036350417e-01
-5.724007228322358642e-01
9.016660915550249733e-01
-2.222428127471364756e-01
-7.708703986243614636e-01
8.759510711310597442e-01
4.252737952777780328e-01
-6.261328427971306620e-01
-1.878959487458771171e+00
6.133670981018173318e-01
4.098237957014361221e-01
1.004296652980233073e+00
1.673013096173626257e+00
5.771509553127703029e-02
2.055543338578558754e-01
7.832657381615248937e-02
2.222232586635254914e-01
-1.602308282292483621e-01
-4.656517402636781711e-01
-1.730610526189038989e+00
-5.396246559715358604e-01
4.163415564107603162e-01
9.603776119535650801e-01
7.978681343060098907e-01
7.233646970946221444e-01
8.117913893146752047e-01
-1.344201200388628059e-01
5.616780699034427116e-01
3.260805613920756407e-01
1.289789214475026480e+00
-8.332460854277265461e-02
2.591212903244171084e-01
-3.490872172414216656e-01
4.482749210224312164e-01
-7.540878255542308173e-01
-7.504901364017551035e-01
-5.648521353339784890e-01
1.234527974470514433e+00
-1.823474300333764175e-01
-3.097004031095518806e-01
-2.390630914201695045e+00
8.570158190451402369e-01
1.015886688503002455e+00
3.734459773451112574e-01
7.791314807469594816e-01
4.024274616964612639e-01
7.307955033315514937e-02
1.284334009592710713e+00
5.203208615551631055e-01
-5.460161476392674240e-01
8.942295122354104731e-01
-4.739661925070398074e-01
-7.592359297368111992e-01
6.529472515372685137e-01
-9.377577748708942895e-01
-1.228778880915682326e+00
-1.628120435347977457e+00
1.473027540861890916e+00
-2.247850169278635679e+00
6.227559340958437328e-01
4.429907798199693436e-02
1.451372347278447883e+00
2.907013443928521124e-01
1.936331126007675207e+00
1.373333819912137821e-01
4.276091073361262263e-01
-5.666369082409534741e-01
3.197751586881641406e-01
1.154911048252976302e+00
1.025958287391642298e-01
5.307039995888146455e-02
-1.226107181872758023e+00
5.326146053910332245e-01
-2.387788294604450967e-01
4.831011831993953232e-01
-1.288183241492441455e+00
2.125706947577315487e-01
7.300016771366941715e-01
-8.038759805563029659e-02
-6.424888661681797952e-01
3.668319870209254541e-01
-2.425867417464107334e-01
-8.204950851407291079e-01
2.835311814945239428e-01
3.662292828349147933e-01
3.040887153621588124e-01
6.236164622806845692e-01
-4.324815324937064109e-01
-7.542591546944121816e-02
-9.366423589100408842e-01
4.010261510128974582e-01
7.722145214094320309e-01
3.272089613765100102e-01
2.709083638450556775e-01
4.217589732032974714e-01
-1.949600417988145706e-01
-1.986496057170458393e-02
4.802649417018229339e-01
2.443647982583384282e-01
1.204841066769003627e-01
2.834756445378509015e-01
1.364102948631278622e-01
5.223518047695255989e-02
-7.091750310682672920e-01
5.978285275698604906e-01
1.241093544797768622e-01
-7.963103786887609781e-01
9.439766056501073255e-01
-9.207569169166237577e-01
-1.569087692197176587e+00
-1.850868554221001716e+00
-2.381051517593451572e-01
1.740831215011838795e-01
-8.625433137217628499e-01
-8.301334297744581425e-01
8.507278077621741597e-01
9.344828098299738928e-01
-3.212057843336904028e-01
-2.300655372888081640e+00
-1.264930416490952503e-01
-9.557183725665413521e-01
9.285413585209958409e-01
-1.222130051991766331e-01
6.552596411540685395e-01
-2.513676614329617975e-01
1.679966852851758397e+00
4.723632754362561137e-01
3.604571827299155040e-02
5.433427846759301960e-02
-9.484538060843703544e-01
6.250153007822164541e-01
-3.444537631312092896e-01
1.466340715384846782e-01
7.297036598890472847e-01
2.190869592762772211e-01
-6.320739747159166699e-02
2.129426500908355169e-01
1.063901890384273186e+00
6.401173432476034431e-02
2.283915314954372000e-01
3.460718158987584614e-01
2.285607034046805430e-01
6.509105036337087258e-03
8.046767769875136367e-02
6.052458007835290754e-01
4.484620265250499616e-01
9.779350188835653213e-02
-3.998809892067946015e-01
3.220968174432553566e-01
5.322797970057313588e-01
-3.907311276292822488e-01
-1.172110766649881453e-01
-1.697477084672166167e-02
3.557050569935480411e-01
-6.193131235716187177e-03
-2.245728369653740009e-01
5.222395080331114769e-01
2.509600971721174800e-01
3.071066448617504330e-01
5.351379529197572982e-01
1.487404108934056723e-01
6.843044542542656150e-02
8.786146327056962857e-01
8.540969142961109262e-02
-1.202878630295001416e+00
2.963068193554055929e-01
4.985013337433765179e-01
8.309473342726760026e-02
6.447761339613686804e-01
-3.198585953215155042e-01
-1.914995003617583569e+00
3.019461745038086731e-01
8.833024331095113979e-01
-1.313945698011188989e+00
1.056524743554805523e+00
-1.845125555716626620e+00
-8.519947740270874537e-01
-2.715483247428881253e+00
-1.389551132029845260e+00
3.353062740869155345e+00
-1.215617969803475251e-01
1.276848956443029870e+00
-1.096407838651207056e+00
-1.906213045264451456e+00
-2.213611034648912124e-01
-8.943134565961423643e-01
-7.786387407940950078e-01
-3.194416213390801396e+00
-5.679680671487315202e-02
-2.432990254850133371e-01
-7.668313082048284768e-01
2.111522741156589333e+00
-8.892193374058970923e-01
-1.321892353581498591e+00
1.608214106619163086e+00
-2.409076567619524933e+00
-1.014790736699858975e+00
7.528400771267734770e-01
-3.822830229759970333e-01
2.214731056149537913e+00
2.200336541629158149e-01
-1.143059666551521775e-01
1.667559671742094629e+00
3.907589600500447902e-01
8.662826231416037581e-02
-2.205192047986587744e-01
-8.899596738749342428e-01
-1.415967667057532742e-01
-1.323812689883685501e+00
8.876651374120407556e-02
-3.039740688908539878e-01
-2.226670493994808098e+00
-8.942527770920115637e-01
-8.466089681451238746e-01
7.835692357796425478e-02
2.475630306292628813e+00
9.304780362489978307e-01
7.051103259266839896e-01
1.388704424627182465e+00
9.999942101723208188e-02
1.924020781099135824e-01
-1.932921214080783434e+00
5.028506075220360305e-01
9.602946562631295979e-01
-9.256072728702728902e-01
1.641000448835952197e+00
6.167295959745275891e-01
8.247304267897127561e-01
-4.790452060316496841e-02
-5.525092819639345620e-01
-5.614892338643837633e-01
5.528656478443109978e-02
1.783305610665302687e+00
-3.405103075998551221e-01
4.828040257757766907e-01
-1.324541285337922369e-01
-2.211173966882331032e-01
4.241048498679169665e-01
-3.114198543578566847e-01
-2.031330328966681975e+00
-4.553336731599270104e-01
-4.260675036393137827e-01
-2.050514739954255039e-01
8.979596905970170795e-01
2.091914282455367702e-01
-1.295961787714676072e+00
-4.241195078965569465e-01
-4.660642156354705690e-01
-1.240893248400366744e+00
1.649288606276309299e-01
-6.317153035944033102e-01
1.136655578270483247e+00
-1.225828139312241660e+00
-2.084686406282356547e-02
2.162675315484363647e+00
8.447275782553853585e-01
1.230763774822419387e+00
-3.491409917062111568e-01
4.196485842341118322e-01
2.628839712497831327e-01
9.569194190527822164e-01
-1.328546683861826783e-02
3.632388356596660817e-01
-3.052650563426940675e-02
5.350306382236751090e-02
1.132363236539806861e+00
-1.634937855725277223e-01
-2.744311149479466971e-01
9.227108943736019864e-01
-4.679560886023048094e-01
3.295893447152527522e-01
-1.739697245230797384e-01
-2.026294722527366698e-01
-2.812967812972416159e-01
1.608328827988611875e+00
4.028920183100571928e-02
-5.553230655738992938e-02
5.487985642754200644e-01
-5.642118411006238204e-02
8.414706992883936865e-01
-1.680482204623311993e-01
2.574834079886804128e-01
4.793513167051246526e-01
-1.175182778058741606e+00
7.353554375510391594e-01
5.699957535507379353e-02
2.532881093404755757e-01
2.432692451710375403e-01
-3.258527460128669839e-02
-2.831033018410544222e-01
2.432619723597826550e-02
-7.109510091451036462e-02
1.470003271552841259e-02
9.193011236739675462e-01
1.530858549900759868e+00
4.328911933708238235e-01
-8.244984281287195960e-02
-6.022093886133084162e-01
2.211657147953562108e-01
-3.623001287887811506e-01
-8.253518881436916477e-01
-1.407584059571977741e+00
-2.237404476693925781e-01
1.035798225686743290e+00
1.570669162159728238e-01
-4.095203803976597834e-02
-1.137099974515362488e+00
9.894306759013135055e-01
-6.621948880993795417e-01
-6.501314085625002626e-02
-5.623117105678556715e-01
1.605776011028754002e+00
1.006623143277915799e+00
3.167476911845213960e-01
-4.448734034965226569e-02
-3.028205840735043869e-02
3.113470601357718470e-01
3.352352124723921856e-01
5.269444881377008949e-01
-4.408266424336806932e-02
3.694489185591077335e-02
-5.227037687448495840e-01
3.150622704052333800e-01
-2.112352043298825616e-02
2.520358845522432389e-01
4.883891063928961218e-01
2.402242326090863189e-01
-1.817714637926710897e-01
4.213453496330213377e-02
3.831114885622503158e-02
-1.198633935257698846e-01
8.990830841850563360e-01
-6.143737775752189378e-02
3.997704541161151703e-01
-1.764790592579590367e-01
-2.007561152703020990e-01
-1.813323123197405906e-01
2.684809051358478804e-01
7.272606156091204754e-01
-1.221945550418599424e-01
5.944025685097105161e-01
4.331669278254804412e-02
-8.395214178207388578e-01
-1.604437052240722528e-01
1.374360633880802041e-01
4.080934552412484595e-01
3.985482288983021038e-01
2.058753835969975299e-01
-1.469614778373834918e+00
4.149146415535012733e-01
1.224522700264612185e+00
-1.464240157249241947e-01
1.062833919603015875e+00
3.683975974096832529e-01
-3.001410082331308349e-01
-3.562722093971201764e-02
4.508949351083691437e-01
1.682018391773167088e-01
-1.750276602479905463e-01
5.589862802904322914e-01
1.100146800157690424e-01
8.437019147368858552e-02
-1.533956699410508051e+00
-6.196016727493341980e-01
-2.986989466841374341e-01
7.806220600332492987e-01
5.079627344197295002e-01
-1.176793055504151919e+00
8.651669810324363885e-03
1.146898703737632585e+00
-5.453474708611744104e-01
6.393520500924218530e-02
-1.370366912686639793e+00
4.035406632130986160e-01
-5.795327726273811209e-01
-8.994866599764246295e-01
-1.675809486200415366e+00
8.087103858682200830e-01
3.053499892924915193e-01
1.170168851954555667e+00
-2.379960069293658720e-01
1.406787742485769432e-01
6.855628752084153010e-01
2.443685624245514054e-01
-1.068597526120222407e-01
5.325924670229961189e-01
5.789623516942831172e-01
-1.526386246572441485e-01
3.697695384549700148e-01
-1.137600016610377518e-01
1.242780337955249892e-01
-1.397199666908993387e-01
-2.936091864789708294e-01
-3.749169908606343471e-01
-6.805645039393148910e-01
-7.195700561464983547e-02
-1.165915157486838299e-01
2.252746476346634830e-01
-8.547816535516600256e-01
3.508719819947179186e-01
9.798859429185233783e-01
1.047890096105885904e+00
6.560523116504919372e-01
3.835793062229891914e-01
1.918565412769055178e-01
-4.407493093507793280e-01
-5.119543982862314602e-01
-7.550081720932678708e-01
2.166013543251988360e-01
3.108645971417343112e-01
-2.747642296316852861e-01
2.801452816119500699e-01
-7.340698502898593825e-01
-6.105989130771161122e-01
-1.236561098595069519e-01
6.391584852034486453e-01
1.897740861536605372e-01
-5.521122804536335860e-01
-9.895161128916005744e-01
-3.178412131992673917e-01
1.228777291682765088e-01
3.492775683079242244e-01
4.209675350825535789e-01
8.461381885902207189e-01
-1.744724362718926836e+00
-3.095061779083490561e-01
-9.563298398582230631e-01
-1.029565338049336365e+00
-3.500019897714936046e-01
4.677161329605848961e-01
-1.215984236181835376e+00
-1.557942233187583347e-01
8.530971176875695727e-01
-1.452862378025105761e+00
1.582748553705995154e-01
2.545957563601367601e-01
3.551059449373128452e-01
1.019771995397975139e+00
-3.277014733588597961e-01
-1.206629173851496040e+00
5.068289897666516941e-01
9.464736206608215241e-01
6.638707360193060181e-01
8.743449710748334436e-01
1.099408081365502055e+00
9.523765354944752071e-02
7.961788056395501245e-01
-4.696397431690081392e-01
-1.401598291357217585e+00
-4.363654863776845749e-01
1.471426884188105078e-01
-6.835588073518554797e-01
3.037674812986330686e-01
-6.742624130737112642e-01
1.119323783119900995e+00
-5.555926280856096633e-02
1.140521276148793728e+00
1.787146891969802198e-01
-3.190565889145517975e-01
-2.597806958782749032e-01
-1.691975080408907539e+00
-4.380838187865085387e-01
-6.298905076350819199e-01
-3.249250715046697602e-01
-2.053866276013963432e+00
1.667926822234902795e-01
-3.869253420410003752e+00
-4.707570857974448519e-01
-5.310310715244911606e+00
3.520580252190427473e+00
-2.910624613720057319e+00
3.372056180808894688e+00
4.082312737114125456e-01
1.685370656277764834e+00
-1.359487659710012508e+00
-3.661571739426688898e-01
-3.960399923482633699e+00
-2.031446946190068825e+00
-5.400123819428791494e-01
2.120757853589000153e+00
1.263730146595613002e+00
-2.156868537518351392e+00
7.202645854661072766e-01
1.768406282238454974e+00
7.618423949356545322e-01
5.669729348491234777e-01
2.333154856713821612e-01
-1.381947830565447566e+00
-2.820801485331131953e-01
1.214486127116656933e+00
-1.840531447214006189e+00
8.995801252615737154e-02
1.765755107392837253e+00
1.677582020057671652e+00
6.606161475181389076e-01
-6.321421345336021291e-01
-6.618592894603918253e-02
-2.284544148038300637e+00
-2.560307279141769587e+00
1.926822024873787176e-01
1.833858934907356408e+00
1.043937825437188938e+00
-1.371240082791964632e+00
-1.365843323855059577e+00
-2.654016103329150056e+00
1.504224368153173064e+00
2.937199282579340487e+00
-4.520900997023223900e-01
2.682289274975127480e+00
1.667237479014152535e-02
-4.629050445825703131e-01
8.732213626505798132e-01
-1.360800873079624607e+00
1.844673833689140396e+00
-6.531009345004172850e-01
2.480327550192645281e-01
1.150276547906406321e+00
1.096689896507816009e+00
-1.917089149214804333e+00
5.435543658296770886e-01
2.576272681829145927e+00
5.220084615882909507e-01
-1.159506925329317539e+00
-1.876214350479746829e+00
2.562424763770135172e+00
-1.065399541987357979e-01
7.280532869046272282e-01
9.893300789808596729e-01
-2.626516658497279888e+00
6.126278399599466296e-01
1.794688157946825235e+00
-8.760427306769268396e-01
-1.231375244223330112e+00
-1.176179653301719696e+00
-4.078099511633555274e-02
-1.616859492651820940e+00
-6.026172324926890589e-01
-1.644290145695412653e+00
-5.111067696740309030e-01
1.849369867038041626e+00
-8.929188651958103184e-03
3.330849290764819504e+00
1.376056100145342520e-02
4.047945659382625183e-01
7.172134324898019608e-01
1.242901340789333009e-01
4.984538615922992633e-01
-1.373270063783440520e+00
1.430332346736418625e+00
-1.139998018692983228e+00
-7.381195841157025539e-01
-1.064096519104444694e+00
1.427244941724913341e-01
1.916978349027982087e-01
-8.635375788732384539e-01
2.257939782899569092e+00
1.376986902081359931e-01
7.408381825609186011e-01
6.899619693958426447e-01
-8.799854364390357064e-01
7.764704943662563696e-01
1.033038392993387733e+00
2.026715102749017394e-01
2.701116826995284548e-01
-2.827515049951746517e-01
1.543222382297526618e-02
5.906646758178790702e-01
1.264140600074157572e-01
1.400317433361507879e-01
-4.189077802024239738e-01
2.231074003244420401e-01
7.818905756729424006e-01
4.170129945175977682e-01
1.829960007489976059e-01
2.551398271897670211e-01
-1.655465495659501629e-01
-1.933236634764922413e-01
-3.160837843428882660e-02
6.731569281472253863e-01
1.490806052073079535e-01
1.176563684044386049e+00
-8.343536542173617121e-03
1.288288160760816259e-01
1.564779253566058737e-01
1.234847525503681570e-01
-5.075408587947796146e-01
5.222124431130567013e-01
-6.790709981966311370e-02
-5.010693009505615692e-01
8.113959387727039951e-01
1.203079592999653641e-01
-1.901507513116030557e-01
3.524735851788621255e-01
1.323064209190250584e-01
2.879002579501853398e-02
2.931250160251259174e-01
-3.550739726659170037e-01
3.844288347169301789e-01
-2.699277257507092243e-01
-2.959294296301144822e-01
-1.276485570097963373e+00
4.164391366811976414e-01
6.999293237874260054e-01
2.952845971480332898e-01
9.212419748153474752e-02
1.373200606800719425e+00
-1.013942467860106944e-01
5.012169460493171025e-01
2.015909595095015661e-01
2.837028398245808880e-01
-1.626289885005241242e-01
-1.220301446144867047e-01
-6.335088596018640938e-01
7.327735732334886287e-02
1.078227191630985127e+00
-2.028157375363441872e-01
-3.519507324844832752e-01
-2.264867919570128230e-01
1.419526473518305520e-01
4.789924389631148305e-01
-1.944130410014311416e-01
-8.372547368659146727e-01
-2.301605020142927671e+00
3.435789125878521699e-01
9.098954314738798566e-01
-9.071233331068149219e-01
3.368772697011118700e-02
1.073180692362256217e+00
-4.164130568642963048e-01
-4.700830076429793336e-01
7.909333160535213236e-02
-7.765281773304070212e-01
2.634325994780424285e-01
1.105619435406210993e+00
4.645166260518892032e-01
1.520087710138163795e-01
-1.717554191234633432e-01
1.841287634342186341e-01
-7.220536410172606612e-01
-1.235804229457857950e+00
-6.576721824959051721e-02
-4.709257406996952833e-01
-6.332194071938230806e-01
2.555966909522833230e-02
-3.925303275795355984e-01
-9.578667887120063673e-01
-5.115301670484326824e-01
-5.133327966921132912e-01
-1.279221162507230725e+00
-6.574525052778217304e-01
1.073276190800629193e+00
-7.187011792888166328e-02
1.624476483786159720e-01
1.482882057824475575e-01
-2.428183079465250360e-01
8.175982419149772085e-01
-9.758178457093200642e-01
-2.047161901592189359e-01
-2.024920246176328487e+00
-1.792122623181330310e-01
2.043930023731154455e-01
1.717522708167000367e+00
7.233472611137681252e-01
-8.765290023888017146e-01
7.794801386986270897e-01
-7.734616820133499715e-01
8.346076419152744785e-01
8.930377530231289329e-01
3.116148956343859910e-01
7.710788425012473635e-01
-1.391469577238181043e-01
-1.801695170272411550e+00
3.887062639208789250e-01
-1.211659403884262964e+00
3.646975300626068006e-01
6.587527654664168120e-01
-1.989898850266262620e-01
1.813400122052359009e+00
7.359179602258525410e-01
-3.836002066588633519e-01
-7.860570947000848907e-01
-8.061838032414063715e-01
-9.144492322880160007e-02
-3.656928945472082693e-01
1.239509324495244647e+00
-1.695066004217899436e-01
6.168910579290163287e-01
4.397023665515550905e-01
2.401930260335304879e-01
-7.708247263297853813e-01
-6.548042576706994966e-01
-7.810675978783320206e-01
-2.086672143653990896e-01
1.273380920339780120e+00
1.484988723825492629e+00
8.738535876462553975e-02
-2.462702710826955854e-01
-3.034104205553063149e-01
-7.062157295625334230e-01
1.525105920232878942e+00
3.990946487653620478e-01
5.316234837871003371e-01
1.943201660322314839e-02
-1.268316099385826679e-01
1.879014139959966911e-02
-4.760809566003795790e-02
1.281553324257929949e-01
1.065972344684930628e-01
5.535823765633055560e-01
8.048063810905842219e-02
-9.045068626180705063e-02
-3.427325502772643473e-01
-4.866051562546973124e-03
-6.591700278442126359e-01
4.714013981777059326e-01
-3.518862800247764266e-02
-9.559485732957634374e-02
2.917776108848049374e-02
-6.924696214002664663e-01
2.693451447275113653e-01
-1.281568003027341307e-01
-5.599594507604561955e-02
1.573788180529780201e+00
-1.068985706922231799e-01
2.691548168231948091e-01
1.255535425242774727e-01
1.230109861612260991e+00
3.666005096691499765e-01
-9.570290371973561028e-02
-6.437343455877804488e-02
-1.603800292052396520e-02
-7.343498255744579373e-02
-3.969014725035521080e-02
-1.954930412959997310e-01
-9.134080984831611794e-01
-5.220897914000446338e-01
5.438720185588150624e-01
-4.391261021114888363e-01
5.705712346321052397e-01
5.494592640987803200e-01
-6.868836507956269100e-02
-2.889311847864450278e-01
-8.115989291792894411e-01
-5.827952778737903738e-01
-8.335475561659547172e-02
4.296424144330019401e-01
7.802376132187854862e-01
3.323743165974651914e-01
-1.840881210796581069e-01
-1.355896018587357421e+00
-1.507283216767059952e-01
-1.432122354886822491e+00
1.700494271049323436e-01
-1.324978742557035294e-01
-8.556114174748440104e-02
7.265287513679673514e-01
-6.482103354776656001e-01
5.351958072180911241e-01
-1.864182720869827836e+00
-9.691598988480961685e-01
-2.909547052471453399e-02
-2.775631252203833443e-02
-3.547440754418368369e-01
-1.159355927213886028e+00
3.567526920005531510e-02
1.330567292443187721e+00
3.109250020055518426e-01
1.125275296696697236e+00
-6.946810967942927684e-02
-4.224942938358366984e-01
4.995117997257232378e-01
2.849265894777807673e-01
6.660147152500847656e-02
-2.774516740379793234e-01
-1.328648935613595261e-01
-5.863700084055280259e-02
1.824740816496380202e-01
2.110711248775005988e-01
3.777172258032860525e-02
4.745741397214133794e-01
1.129997466286469712e-03
-5.555605720238983025e-01
-4.086269117435257225e-01
8.702553552555210015e-01
9.045929750925681967e-01
-4.712747119714593702e-01
4.872452664363372543e-01
-8.232265195132568714e-01
-7.722065025744283551e-01
-9.107265937388709931e-01
3.306790221875226976e+00
1.129554137095986621e-02
5.916633367820102185e-01
-2.227388314649307033e-01
-4.655029657724429892e-01
1.346003846333326814e-01
7.416380038212899706e-01
1.821896723006452001e-01
-1.277822689721927474e-01
1.618445666026730734e-01
-1.813957388832269646e-01
3.128810883634305928e-01
2.860517640887730306e-01
4.609494317704529998e-01
8.914163548646364399e-02
3.231866250425582954e-03
1.610892272803175207e-01
3.891940979586520077e-01
-2.325901406754339318e-01
-1.240196832134884825e-01
7.260462906934470606e-01
-8.734849139876637025e-01
7.845611621292974958e-01
1.318582971029116230e-02
-1.699742666592977125e-01
4.213092765060449385e-01
1.523028747072258104e-01
-1.096643218854492924e-01
5.424443012149580134e-01
-8.999896671904702439e-01
-5.985007935750457086e-01
5.736043494186930936e-01
-1.448386488088109880e+00
3.912135441860606910e-01
8.956963098695409631e-01
-6.249794058949127706e-02
1.659213255104240170e-01
3.557854107832103541e-01
6.813981971587035336e-01
9.211755047377012673e-02
2.760575751993696314e-01
3.404921595572706350e-01
1.976302886526945801e-01
-1.278822598652656906e-01
7.664359538254267301e-02
3.546800441579340268e-01
-9.616686776636097778e-02
-3.919149976842002947e-01
-3.071731482846178918e-01
4.235851165030929399e-01
-6.789406525112912094e-01
5.055624612527505057e-01
-3.039424213250577211e-01
5.160458109442966901e-01
-6.111053516315409495e-02
2.964352847728692897e-01
3.162641954818834478e-02
-8.181303682376416253e-01
-5.017440974464423831e-02
3.560561614732928315e-01
2.786509184385047022e-01
9.873593829642877129e-01
3.370992729341601990e-01
-2.417095435200175002e-01
-1.793943094153208850e+00
9.416854234048488426e-01
-1.213027953698951222e+00
-5.075799636780975455e-01
6.336336900050262289e-01
2.151298226449098738e-01
7.297951516146656825e-01
1.613154457762057403e-02
3.265346552999981999e-01
-2.578705912505531161e-01
6.813425081202871825e-01
2.419342881923995381e-01
3.828001651463393273e-02
8.424951330987175968e-01
1.696700026573395859e-01
4.021116257246127867e-01
3.335266012514593870e-01
-2.354284356361480979e-01
2.952331976228334542e-01
1.067612328119644377e-02
7.898561924015776725e-01
3.513796028845303510e-01
-3.478922672420343698e-01
6.810052785442815004e-01
5.721094649333970106e-02
-6.130947856439555865e-01
-2.321202871454919325e-01
-1.066075614257932791e-01
4.121269004760447219e-01
-5.175494072285161673e-01
-8.740086275825410533e-01
2.743067839569354183e-01
-5.231527169835228364e-01
-1.069100894393633761e+00
5.751744221572256954e-01
9.177093268755558420e-01
2.631109899575227729e-02
-6.861306968532752126e-01
3.570545308633810144e-01
-6.281964758116573844e-01
5.886560882552949181e-01
7.137818934538158189e-01
-1.032629561476577251e+00
-2.025264118671814551e+00
-1.889133260436087758e-02
-1.182863411513451091e+00
5.893999659000692670e-01
8.564860011779861226e-01
4.863910304557540476e-01
-3.895591019194371563e-01
2.611075727637514055e-01
-5.628929693729202433e-02
7.381860486142807209e-01
6.314553977418956299e-01
6.952806523247203607e-01
1.061483338123062392e+00
2.179973821947893964e-01
1.423443680265755462e-01
-3.203383521755026608e-01
2.543070194872841805e-01
4.347705333216430046e-01
1.440462501323445110e-01
1.739580528489788058e-01
-2.263579628381790498e-01
-4.363377450471930263e-01
7.303188699864404665e-02
1.614375558390078458e-03
-2.878148488320417808e-01
3.252802735895774650e-02
-7.806103171788769668e-02
8.814831832620982910e-01
1.462702623937791047e-01
-5.956511305654191291e-02
-4.403370538540091750e-01
-3.613419511605638901e-01
2.368766862358638314e-01
-2.881196633178963462e-01
-7.918235863272163333e-02
1.497192691508961448e-01
-1.568141045220240004e+00
-4.423183576069460998e-01
-6.314532143738066372e-01
1.675424176773593343e-01
-4.314046987335201644e-01
6.499295087675278637e-01
1.943835666317365041e-01
-3.993823202650769733e-01
-1.260982832529571995e+00
3.198476905807992599e-02
4.929053091155657929e-02
-2.220351686059794938e-01
3.787585902074738775e-01
5.142331299471590844e-01
2.755796486665645917e-02
-2.432777975513052138e-02
7.622523937314598097e-01
5.450269634571108801e-01
3.616354247103718000e-01
-1.953624642635753972e-01
1.669169790673850629e-01
3.298375589703575472e-01
3.334973327626851169e-01
9.618237805838164567e-01
-1.024050399564468833e-01
-8.886111870255618550e-01
-3.312282483105937203e-01
-3.791081025764654333e-01
2.020556907661681667e-01
-2.824354012366529498e-01
-5.047927483524188297e-01
3.986997705815321646e-01
-8.134923429223110958e-01
4.533545942111324445e-01
-6.881949703838025068e-01
-9.589783065183986599e-01
-4.508806415138651852e-02
1.606065143251568683e+00
5.255016505091255619e-01
-9.213976846914820329e-02
1.129063184243285889e+00
4.362316261989717114e-01
5.994196014775583503e-01
1.630186975038104280e-01
5.393901345794405167e-01
-3.793230384177014858e-01
2.872993084797615393e-01
2.546699075864419792e-01
4.181684718176650190e-02
4.901057613793259327e-01
-3.430102239024849231e-01
-3.891748757554940319e-01
1.239125522053690087e-01
2.561029359616027179e-01
-2.436253392079965885e-01
3.408875909987856279e-01
-1.040810786328862703e+00
9.068597019891609934e-01
2.999382521520947004e-02
-1.335314891398714510e-01
6.479390381669203336e-01
3.761234360187549197e-01
6.420077023565771979e-02
-1.658819800305711967e-01
3.412195584183405073e-01
3.132149540638637930e-01
-4.076751704625240780e-02
3.297377853343835818e-02
1.209171120029631230e-01
-1.363969770307407181e-01
-2.144891274138633341e-01
-3.171861642359996014e-01
-2.022410304307349915e-01
-3.812466542731535735e-01
7.952309855853516574e-01
7.915148793913961978e-02
-2.355039185605473095e-01
-9.272150465645287998e-01
-4.524546103782635109e-01
-1.530053743362924934e-01
4.621423071768473445e-01
-1.755050251703094422e-01
1.261521373476061969e+00
-4.591671263433580452e-02
3.316222230197470311e-01
3.951850445312544147e-01
5.802813758411101697e-01
1.014695578237393148e-01
-3.207824699504919774e-01
-4.752824294329013877e-02
-3.486976173450154759e-01
4.127126419577651362e-01
-6.678518985019522847e-02
1.262682979482927098e-02
1.108871869439442548e-01
-1.013522885382702299e+00
6.970407167665213510e-01
3.491292112376258583e-01
-4.589293382198465776e-02
-2.949999532503905231e-01
1.241697766060533836e-01
-6.490394363059849570e-02
-7.292506285547533107e-01
-1.606777111517677437e+00
-5.793669953864002409e-01
2.944853180702109441e-01
-8.430589186005861269e-01
8.202538993079682150e-01
-1.768094805622367094e+00
-3.962659765212108720e-01
7.496070095323577043e-01
9.966397080112985307e-01
2.524173953592889763e-01
1.006826681387531508e+00
1.201935189601895104e-02
3.148003431310917311e-01
4.078418442595237448e-01
1.395381258088801424e-01
-4.330735399301344213e-01
4.647266473606006532e-01
-1.581474755291618073e-01
3.286516885438451885e-01
-8.724925507371444899e-02
-2.227336812428943810e-02
3.078760066161996267e-01
1.583377683911552647e-01
6.347815247427670560e-01
1.124690138054108418e-01
9.270374982938654751e-02
-7.621709875545154556e-02
-4.512597433191066765e-01
-3.695923066197003698e-02
-9.153040595716650518e-01
-2.944340559242881739e-01
6.594947090866374317e-01
5.253022391541025682e-01
-4.407947379637300322e-01
4.429920885469716962e-01
-3.073488345459403082e-01
-4.569730177928695847e-01
3.509080609663490780e-01
-5.694610429211824920e-01
-1.985700168117890407e-01
2.961124438639033407e-01
5.454533054543793114e-01
4.934921031833813809e-01
3.056589415123476261e-01
-4.609164642551993873e-02
-1.035186413178572629e+00
-9.022882612604791186e-01
1.585790964400481395e-01
7.420303215603774039e-01
-1.539027437878339954e+00
-7.748718898365469787e-01
3.588010383705508288e-01
3.368984444196905792e-01
9.218094149245558144e-01
2.425262175846431001e-01
6.234527431988042823e-01
-2.244261056897820517e-01
1.208724039931657196e-01
-6.802457424062128277e-01
2.223160484606100940e-01
4.526131452443711289e-01
2.857779373896676134e-01
-1.237803977499554592e-01
6.333360131833629114e-02
-3.402121035236652657e-01
-1.852506317929338009e-01
1.194670253646177294e-01
7.043100954818929393e-01
3.873135191902924573e-02
-3.527741353502680255e-01
-8.382019911126110667e-01
8.056247902822569196e-02
2.404436360277317219e-01
-4.464738749073032809e-01
6.618215682524228871e-01
1.172008076792708103e-01
2.729961305489218004e-01
4.178647596509810769e-01
-7.192902209204729558e-02
4.004307922094583749e-01
1.784111436137812701e-01
5.400110631846583714e-02
1.006324642532539226e-01
4.787762701657048425e-01
3.459149220256688140e-01
7.608164398266503703e-02
-1.044002361232990866e-02
-3.196019523540543639e-01
-3.821263784274637754e-01
2.925141339534899354e-03
1.290078947018371280e-01
5.462083688742153109e-01
2.357738786840041789e-01
-3.191041193606277554e-02
-5.788582950161825780e-01
2.979409488117592542e-01
-1.215443812915765337e-01
1.697280658697870870e-01
1.265609267319879605e-02
5.148764914193294517e-01
3.743392468449085464e-01
-3.166459454784976701e-01
-5.529357586984529060e-01
-6.872016663839181083e-02
6.800055972133092763e-02
3.702750667523654338e-01
-1.279751568237778581e-01
2.611295686341166267e-01
-9.983080642220235612e-01
6.561634620750288471e-01
-2.381207126006989472e-01
3.940655614589121392e-01
2.011068951584567555e-01
1.314181983917185256e-02
-4.425433240591297168e-01
-9.875174083995796881e-02
-3.964047930169476985e-01
-9.574389546637659953e-02
-1.516115284201875246e+00
-3.836237934305052888e-01
3.664093854998577982e-01
-8.510616771518625390e-01
4.792509118165554083e-03
-5.603358977295910259e-01
7.413261737245879779e-01
1.449161601941979238e-01
-6.554753864229671823e-02
4.554450750293901340e-01
3.178395781933706643e-01
1.986258490449497455e-02
6.540861656903108612e-01
3.857370935207470319e-01
2.111674373415173001e-01
2.856676115799626214e-01
-1.825085572447973925e-01
3.219024514170323870e-01
5.379658252355858095e-02
-6.536424820728914398e-04
-1.766368102754452274e-01
1.734212485933914472e-01
-1.210071844271342900e-01
-1.380203502362034040e-01
-1.742603078840183062e-01
3.337970493705391117e-01
-2.820743220567493159e-01
-2.511314043833603460e-01
1.725652460093598031e-02
-5.561622765731222273e-01
-1.003041680462246482e-01
5.305046377650418643e-01
7.688338117065057764e-02
3.898233230906277269e-01
-1.573130739272442236e-02
-6.829907137219657365e-01
-5.419924085906694389e-01
5.267499511860418426e-01
-1.272416572942221880e+00
6.065119014702625710e-01
-2.515371552098528696e-01
-3.375500863134366369e-01
-3.920337549815929301e-01
-1.257844200336518004e+00
1.215156560229519123e+00
-1.645935468343859842e+00
-8.677427589113969608e-01
-1.492118616536958875e+00
-6.110454239368508234e-02
-7.251244253100369574e-01
-5.273742767336232068e-02
7.725965053987475795e-01
6.103503072428239085e-01
1.626723431678855247e+00
-5.020533799570611189e-01
9.626377795693142891e-01
5.574369483069133713e-01
5.999670380298205430e-02
1.013463997202076472e+00
-4.713857646673888513e-02
4.136646596313314772e-01
8.463754893086214981e-01
1.160336967847229450e-02
-2.481243030585893738e-01
3.645255098754469070e-01
2.684534243924110997e-01
-1.577996024883644537e-04
2.527268463925519959e-01
9.492604281789654083e-03
-1.459891606837935840e-01
-2.874755101489032127e-03
4.325419836723251935e-03
3.091205598067623544e-02
4.254483802848477159e-01
-4.864351646833556253e-02
5.172943435277592705e-01
2.286164204284609203e-01
-5.499095226366587652e-02
1.941574960990468390e-01
-1.922257122418181419e-01
-5.343886963761095288e-01
4.248119039538182373e-01
2.673483957239299880e-01
-9.419479702362060225e-02
1.266009300853506436e-01
-6.241485796973518241e-01
-1.418733433457788351e-01
-1.332697115841718682e+00
2.642700925532301959e-01
-1.356909983701458655e+00
-5.981436091620375706e-01
-7.989629872757300078e-01
1.398608330781162090e+00
1.882322313645134804e+00
5.703965136144715231e-01
4.803489226570676340e-01
5.928216822075192682e-02
2.779716402869419345e-01
-3.576405877641951614e-01
-6.776256373834036451e-01
-1.470245082151842908e+00
-8.572103546771683291e-01
6.576380324754067530e-01
1.284831057396276677e+00
-5.789432927963047426e-01
-5.954948622703586381e-01
-4.189143359077441842e-01
-7.130991676270934665e-01
-8.286214268924907422e-01
1.008733415642625530e+00
1.134040683972945551e-01
4.003151844557449879e-01
1.216973047250216045e+00
-4.130465827223065989e-01
2.398193568462508585e-01
-8.950091879628054858e-01
-1.032355840129562052e+00
5.476623916518539303e-01
-1.017307181456263532e+00
8.845232329599898025e-01
9.891593268911798020e-01
-3.531911351354923290e-01
7.207766720064686661e-01
-2.910028324364366537e-01
-2.953405251317841040e-01
8.310418966142831820e-01
5.739366861984632889e-02
7.679797354442138291e-01
3.293549124287389329e-01
9.644195646418546319e-02
3.381944014929254561e-01
2.411064074656021627e-01
5.290139200220353444e-03
-8.803317069320790167e-02
-2.723140931843662238e-01
4.140024958510528097e-01
-4.255086122866122977e-01
-4.173927814167613937e-01
4.019638448776072237e-02
-1.181539204463333936e+00
2.364194980782687583e-01
-1.356898453079446565e+00
-2.740051006013495272e-01
8.656621582430558126e-01
-4.834993098906911757e-01
1.030340611560238706e+00
-2.575438148669710325e-01
9.312513474542074565e-01
-3.858923319721704326e-01
7.712621562028827427e-01
-1.011685262166167609e-01
-4.449239754702871141e-01
-1.164354731031993495e+00
-4.084419406538283281e-01
4.488845916828715366e-03
8.527902946875075552e-01
-5.891865793739963220e-01
-4.090935538740607669e-01
1.148025983511346271e-01
3.980834088386376868e-01
3.728311259568281577e-01
4.960108186421207654e-01
-2.989727630596085151e-01
2.604591599086467091e-02
3.370948684109402738e-01
-1.273448116831561172e-01
-8.285263770541632100e-01
6.836976233958246274e-01
2.430451849652454366e-01
1.383428044626672238e-01
2.113190291910466145e-01
-3.838506158360135423e-01
1.101356382916904297e-01
-3.416794378627184270e-01
-8.035461439218506419e-01
9.296207099044196953e-01
-9.047939133136850831e-01
-3.849655203063801490e-01
1.495916523379314800e-01
9.342260028536023553e-01
-3.433176730544699184e-01
-1.615853620414604841e-01
-8.069629036266798283e-02
7.029785744519384538e-01
1.241719574499666051e-01
3.002890870679674751e-01
-5.194018737271972885e-02
-1.605213959302758397e-01
1.799272988909953186e-01
-2.563188195451954199e-01
-7.901014218300931313e-01
6.550475636008306068e-01
-1.551356770561336529e-01
-5.584709878749505307e-01
1.018029197502148542e-01
-2.105369993767171599e-01
9.986593491025427816e-02
-7.825797629224537921e-01
-5.530928638641203765e-01
-1.627936892564994242e-01
8.700746939474738317e-01
1.655514092079832245e-01
-5.295014972882663429e-01
-4.635526101788257636e-01
2.851835446218451420e-01
7.879928195295907156e-02
8.263004547572116998e-01
-3.018035665241767251e-01
4.235780962731769406e-01
-3.074627998443955901e-02
-6.545909789739892126e-01
-3.273792043315640887e-01
-1.011376199374337814e-01
-1.620459058149787523e+00
2.810283722090933800e-02
3.486401424208893651e-01
-4.399993582590078778e-01
4.560169980755758856e-01
-1.324922162630992384e+00
9.494697188031486768e-01
7.683521442144555236e-01
4.921218678049685824e-01
3.148430596176345075e-02
6.399452601155772857e-01
5.402083819804980036e-02
3.138591625002890018e-02
-3.040181141235294704e-01
-2.268212580348873408e-01
-4.809038867994216981e-01
-9.189544613178090016e-01
-6.004497258952773420e-01
7.497708638664452030e-01
5.426846317271813991e-01
5.163838589865493711e-02
-2.160142181794183769e-01
-3.557357893777036151e-01
-2.906300113339018165e-01
1.830590763376294394e-01
-5.414775915737701784e-01
-2.945057553712179255e-01
9.159499185806544430e-01
-7.941201543356438686e-01
1.152308306915081348e-03
-1.735348005391250115e-01
2.411008772515793597e-01
3.864095630626301903e-01
-1.468383999063774259e-01
-6.856774810615964277e-01
-1.760936992253979483e+00
-2.598782184873687839e+00
-3.281940083260759256e+00
-1.427320344405303976e+00
2.789280390706268875e+00
1.949849386375150484e+00
2.773856510795732477e-01
-5.330449364962938086e-01
-2.456465372645857403e+00
1.091091977898128285e+00
-8.048724106900919661e-01
2.182507165686744521e+00
4.278799172805292095e-02
8.756470093624968420e-01
1.908507196336244882e-01
-3.450646398153088268e-01
8.940968072709599701e-01
8.637518724756472199e-01
9.019374897522766665e-02
-1.474899648045635336e+00
2.726236484369570778e-01
-9.227601213015945714e-01
-2.171520658047648988e-01
-2.789685844212247967e-01
-1.125350064134014866e-01
-2.104258916429465387e+00
1.254364497078884533e+00
1.096587551202822031e+00
1.432588082718237121e+00
-6.239166105644627924e-02
7.000164464438708434e-01
5.519265912061482870e-01
8.793627646534298015e-02
-2.174842495884432014e-01
-3.588906501835850138e-01
1.158268027216409646e+00
3.566762376798610634e-01
8.765628318756632509e-02
-1.696203982677078059e-01
7.828357938042526110e-01
8.196389379429186439e-01
2.425425063675870629e-02
-1.446394812857533796e-01
9.545005279282435806e-01
2.732904972839084179e-02
-3.334158236905362949e-01
1.118400514454130468e+00
-2.580832894334517125e-01
-8.616046448901890087e-03
2.226464970509822727e-02
-8.261381152010541795e-01
-3.296835976457798689e-02
-2.700364058337146878e-01
-1.113761573739531441e+00
-1.014836018966926989e+00
9.966474039259018980e-01
-1.890441060455245181e-01
1.272353636974708824e+00
4.785935248009523524e-02
2.067956926830233078e-01
3.236021907999844793e-02
1.973684202257096343e-02
9.206831631933795612e-02
-3.529740717213930568e-01
9.139076386866296087e-01
-8.903714436916143615e-01
-1.192101089732301000e+00
1.418810300064541341e+00
-5.708695212714143263e-01
-4.732795509467433992e-01
-5.937568787993341424e-01
-9.478589583638674654e-03
-1.647097622823901819e+00
2.927089863030104544e-01
6.644785972712063948e-01
1.024607192525758048e+00
-9.596380639605164298e-01
-1.405358181410303553e+00
3.295967102669561943e-01
5.179617980442484670e-01
1.166737159045307282e+00
-1.140082548743215074e-01
8.593783871658163820e-01
-6.739902302839645420e-01
-1.989383463732390167e+00
-4.093754517531081327e-02
-1.105493205524812561e+00
-1.847533383724632383e+00
-9.382380212844166900e-01
-2.493298454267544040e-01
2.367404148308738798e-01
-1.975380223303285332e+00
1.096586839866112495e+00
-1.863193604200875653e+00
-6.916000123773029251e-02
-1.018954246453924739e+00
4.452829566038628561e-01
1.423250493888313706e+00
-1.606056367541042196e-02
-7.415507276024084771e-01
9.318693201362648892e-02
1.860644838617514951e+00
6.028716900760432151e-02
-1.284858747898887321e+00
2.025178042709216419e-01
-3.453569222822275298e-02
-1.559871121707995023e+00
-2.044572923347119264e+00
1.188712568703529815e+00
1.165259074539759965e+00
1.448250482839650521e+00
-1.888608185399394124e-01
-1.247934429764597508e-01
1.037268934565946932e+00
-6.945853384014707421e-01
5.407614729655075836e-01
8.783686139365548540e-01
-5.242919756637978712e-02
-5.994660801458771004e-01
1.695380934018480223e+00
1.441826257903992548e-01
