-2.827989379996903807e+00
-5.994809378433211045e+00
-1.004894677642044210e+00
-2.857599615955159766e+00
-4.149000200983425479e+00
-1.304366139147760784e+00
3.285050192688742321e+00
7.123490284406616135e-01
1.767143885814876469e+00
1.031888013188059672e+00
1.044617833999942125e+00
1.203612199178947240e+00
7.791227147282705490e-01
-3.661665997931360383e-01
4.646288478968675362e-01
3.622548462721699170e-01
1.793767213278897099e+00
1.639189814086819519e+00
-2.058969390461406590e+00
1.578728081104839642e+00
7.720925204866685432e-02
-1.243651119009600681e+00
-9.163026033636560985e-01
1.293203263585957385e+00
1.182018932367001174e+00
1.584307673897462188e+00
2.052184277496094111e-01
-2.263957492541368577e+00
-1.654501600110561910e+00
4.470136356742496209e-01
1.234178807120156041e+00
1.543069484640481104e+00
-4.110461899211688142e-01
2.132378708000362000e+00
1.917749499373261113e+00
-6.812579023803929656e-01
-9.209154812838467041e-01
1.515910690588945897e+00
-9.822002407594274120e-03
1.549486779052977603e+00
1.703849190000378266e+00
-1.134605599568746293e+00
-1.461102502955929916e-02
9.601870356786558203e-01
-1.644469810352055528e-01
-6.595405996683321170e-01
-1.720616891504725299e+00
3.411684427277494880e-01
7.635232627298407238e-01
1.443299664415372691e-02
2.155829661466666658e-01
2.862243395190428252e+00
8.056945622374281357e-02
-7.828183157480724796e-01
-1.009432007916704954e+00
1.383772566290381312e-01
-9.668280772875061935e-01
-1.161263923926641350e+00
-8.963494504348896719e-01
1.860772589061741700e+00
-3.369544860042010814e-01
-6.189108743476230412e-01
-8.238929538392114615e-01
9.576508109031777183e-01
1.429964782744010510e+00
5.178182894861556029e-01
-9.148373062761053220e-02
9.744475332331048456e-01
6.289122855592091943e-01
-8.241133943845027066e-01
3.237762826948648032e-02
4.488883617850086827e-01
-5.697199923703910596e-01
-1.323949874508859592e-01
-1.918257256901652941e+00
-1.178911059104331416e-01
-8.726756238251773823e-01
2.151375646487019289e+00
-1.847888821565718265e-01
-1.138876805588940222e+00
1.575433715128986112e+00
2.481688085664008475e-02
8.655715428955251811e-02
-9.682101338959612224e-01
-6.264410145657062223e-01
7.293493451445293152e-01
-1.323280573538123950e-01
-1.405503582546155483e+00
-8.755370044859662748e-01
-1.917717821392773248e+00
9.893587203395641794e-01
-4.004906208704289705e-01
2.066236365371322270e-01
-1.531757853141574088e+00
7.862777833669626348e-02
1.102571793898525554e+00
-1.499229027138770709e+00
1.626824018168625985e+00
1.753924749487953960e-01
7.192751399341216212e-01
1.049623859673108894e+00
5.553663488848997742e-01
1.872996668128336983e+00
-3.796786858737616344e-01
7.754980438125659292e-01
-1.588382147352335877e-02
7.409488941427081476e-01
-1.526096129171189419e-01
-8.391582221162470212e-01
-4.688334352702842045e-01
4.723173827087532861e-01
1.701846958759645867e+00
3.758377167660686413e-01
3.127994062111250084e-01
-1.231602406812220663e+00
-8.990655779129524960e-02
4.658572823893135095e-01
-5.351906205849005227e-01
8.497741648608244658e-01
-7.070915601545233464e-01
5.717133965835441423e-01
-9.915920804401257005e-01
-3.811708846125475558e-01
-2.906726525352381074e-01
-9.724278343107274347e-01
-3.729163489459341729e-03
1.123658222978787480e+00
-1.365607984639486183e+00
3.535536915173786987e-01
5.174089409532913741e-01
1.230885094059180895e+00
-2.549391473831257304e-01
-8.082305638615496779e-01
2.321930752405824971e-01
-1.049642372138214874e+00
1.142112660991095874e-02
-4.918694724629544268e-01
-1.564203944533308688e+00
-7.004520791437710558e-01
1.364153496126791487e-01
4.636085683005427560e-01
-1.035364966192728886e+00
-1.193751197792907615e+00
-5.969461924448438150e-02
-1.211688120240925620e-01
2.225644158814776841e+00
-9.513565853835268538e-01
-1.468352739293042220e+00
1.322126589520759454e+00
9.551450844980100552e-01
5.090794084334007152e-01
-4.362926473606734690e-01
-3.596323436046007238e-01
-6.748564993690125968e-01
-6.814501774642742760e-01
-4.501389840015134203e-01
2.032043472307026866e-02
1.271314318994521964e-01
-4.161580881968427459e-01
-9.219340956607612325e-01
-1.025291800514730678e+00
-1.673488116316423469e+00
3.506142540029054400e-02
4.302773078754547065e-01
-7.767239264156691192e-01
-3.999441377184171365e-01
8.294812042023269605e-02
-1.345048583434730549e+00
-5.137256257618764144e-01
-2.483188214312145092e+00
2.575457300864921084e+00
-7.023525708162416947e-01
-1.122962932220890719e+00
-1.713431301212106295e+00
-4.746824882163862558e-01
-1.422719709539493449e+00
1.185360451190502484e+00
-1.854658967496503053e+00
2.283949841163938732e+00
1.683568670148864799e+00
-2.517976663650528302e+00
-7.236191476279624224e-01
5.279561410550240197e+00
-4.000837770761183632e-01
-3.332961550656991623e+00
-1.473443350889167558e+00
3.662668777643888762e-01
-2.916898166843255424e+00
1.053150789127853093e+00
1.147071162518193299e+00
-6.034874548424185026e-01
-3.334693907123510659e+00
-3.318035622617280023e+00
-4.223175596150558597e+00
1.671293426506438085e+00
-1.766738940678228342e+00
-1.513004526718808584e-01
3.601135844433073885e+00
1.210363886202716621e+00
-2.458555784173441783e+00
-1.964401535934738874e+00
-1.617341770661058664e+00
-3.825062996708755492e+00
4.246212877578680711e+00
-2.310543642689592225e+00
3.255368750999123151e+00
1.889403609977797993e+00
-3.905125622735705626e-01
8.701074346362972500e-01
-1.388390999444757412e+00
1.227664756858128481e+00
7.570951287357567949e-01
2.944838542419427441e+00
-1.105637758743959864e+00
1.526490746246373931e+00
-1.819178115567254839e-02
-8.184281161681843386e-01
-7.209960803480782721e-01
8.044509268266294422e-01
-3.069382701794908908e+00
-6.119412989640571343e-01
8.023678721829681226e-01
-5.424506126129421624e+00
7.590099165986732288e-01
-1.663108275683866211e+00
2.393621914730485134e+00
-1.442580716880435432e+00
1.332798785162878641e+00
1.467768695625982778e+00
-2.955948447414615377e+00
-8.544747435094159904e-01
-6.972116514987090063e-01
-6.244976860603695945e-01
-2.938844168377098942e+00
-2.199826597907998060e+00
6.310348986020304363e-01
-3.100760807108764450e+00
-6.193432501997815365e-01
1.810282238269500077e+00
1.020782349882661144e+00
-1.535307822689029766e+00
-3.256188102888858626e+00
3.519167821862269729e+00
-2.538865492994773820e+00
-1.488247508971165978e+00
-1.124966702964901977e+00
-1.612256974564449719e+00
-5.361945336022425623e-01
3.421540356205650113e+00
4.517764107782227256e+00
2.758073803846078587e+00
-3.706448398637207098e-01
4.039890047843760712e+00
-2.634256556362464252e-01
3.151856880487914569e+00
-1.083712352679189861e+00
-2.606058867251685562e+00
2.695071588585657985e-01
7.312321184821392039e-01
2.464300475741203034e+00
-2.759278894810042626e+00
2.661390510422459332e+00
9.339302207644739617e-01
4.056269569421169230e-01
3.161315033107315653e+00
1.048370381504150961e+00
-5.443560382310959067e-01
-2.465834985316420536e+00
-1.689686322889513148e+00
-7.992927742621156462e-01
1.902948859505312118e+00
-1.116069921523774156e+00
2.099657733712724461e+00
-1.951629095432343419e-01
-1.032017613190492900e-01
5.635204527961829024e-01
1.931352570630964882e+00
1.690160081848356699e-01
-5.950391092626582390e-01
-2.128806441108228587e+00
3.169863796224541730e+00
-3.379779657126784076e-01
1.624207430199891222e+00
-1.907308971386582730e+00
6.228197433793899451e-01
-1.582395957917174023e+00
-1.409228478085843561e-01
-2.915312521908180354e+00
1.892405174680402480e+00
4.748715106301609201e-01
-1.621595885637272749e+00
-8.241517515390920368e-01
2.480414520986514049e+00
-9.014181101830269771e-01
-2.241845413175687973e+00
-1.624955952795626324e+00
1.104337148060932083e+00
-3.221591833075415634e-01
-3.198115757273887638e+00
9.257909776193136153e-01
4.432745366809460741e+00
4.060140225521962076e-01
1.754105656623409892e+00
-1.331690932829404428e+00
-2.556188084729922760e+00
1.508684852469248217e+00
-1.198018081697832873e-02
5.788312215901654234e-01
8.790347568900670483e-01
-1.187057795207050681e+00
-1.010523804351021848e+00
-3.438008155259112186e+00
-1.349662182983573988e+00
-1.588464998698563280e+00
4.263173174592181647e-02
-2.266171701598035160e+00
-2.047035220331750338e+00
4.023299805095344461e-01
7.888534009093063348e-01
-2.037529578273988562e-01
-1.623820098501682185e+00
1.938261161959148771e+00
-2.026960459360786615e+00
-1.840567938027612760e+00
1.992268110941184389e-01
6.412160188205531242e-01
-1.334457953400352892e+00
-3.552200936206747484e-01
2.773573782338158988e+00
1.557136893913713793e+00
-2.447481793624956659e+00
-7.307185778369488238e-01
9.909022870165298258e-01
-1.883519412973177376e+00
-1.670827973704389180e+00
-1.464829094889382510e+00
1.159492139933717691e+00
1.006189136506083992e+00
-1.035203374905546481e+00
-1.788614930053663121e+00
-5.040689265057102242e-01
-2.636787100244921245e+00
-8.823392064005044499e-01
-3.588198089231733778e+00
4.113718550131989282e+00
1.296386432076705564e+00
2.587015915833500657e+00
2.170700284511856371e+00
6.792291176689913001e-01
2.355752771436044890e-01
3.200483487265560090e+00
-3.791998351803810507e+00
3.161099878406893104e+00
-1.033243220295132936e+00
1.133276487660286602e-01
-1.291044739286903553e+00
-2.378042436419756989e+00
1.299790462321265938e+00
3.680606624014996608e+00
-1.683654301326670488e+00
1.647680567389888218e+00
3.326931950942633165e+00
-1.079722800119195192e+00
-1.103238580540851776e-01
-8.997460685879586917e-01
1.258720951333397009e+00
1.497795011425393508e+00
1.268701762594965254e+00
-3.832262299038947106e-01
1.602089404422914365e+00
1.564551948529983028e+00
7.294986387148578721e-01
-1.718141198780791079e+00
-1.189470079183343909e+00
2.572418895012706486e+00
-8.530750356821183988e-01
9.029756968091339209e-01
8.369828542497165236e-01
6.616423507326700815e-01
1.622969459193064568e+00
-1.180753071060874904e+00
-9.962381628995123917e-01
-5.303227673135125775e-01
-5.479292833512962035e-01
5.564488256097255281e-01
1.085204842603623820e+00
-2.215879770394514892e-01
-3.090626422626875591e+00
-3.824351202700072561e-01
-4.237694138220546858e-01
7.291222670199130063e-01
-1.072639302167203157e+00
8.104983158637920626e-01
7.565718081563161945e-01
-2.185432876976668437e-01
1.899943384625697451e+00
1.527329894218938389e+00
-9.138185060948210703e-01
3.710331290886313971e-01
1.790249106785356314e+00
-6.555814942608798601e-01
1.058643639752837817e+00
5.991587204141732848e-01
8.871637162651269115e-01
-9.221697772418482320e-01
2.057416833820469471e+00
4.725818460375589836e-01
3.154214946367425165e-01
-1.056973724317328056e+00
-1.089090478616532298e+00
6.963130816611693419e-01
-2.421060714746162412e-01
9.993978235349392225e-01
-5.531483603652098680e-01
-2.342561574970756788e-01
5.615779440314228044e-01
9.818230261782570634e-02
1.931031896868705910e+00
1.307696452756693106e-01
-1.516373044176276386e+00
1.198953495478866316e+00
1.290573531310879485e+00
-6.570499311085226113e-02
6.764585132137464207e-02
-1.315539024095471632e+00
7.752431413171410046e-01
-1.411221341432065124e+00
7.204241056116997832e-01
-5.014884501287986129e-01
1.170016269292850852e+00
-2.384115906435769483e-01
1.083906390484848492e+00
1.493026066056220291e-01
-7.271590072743458477e-02
1.168408043733041524e+00
-9.427103299366074163e-01
-5.979997283818166975e-01
5.604029658249577439e-01
-1.171577424915063004e+00
-8.076089144082494453e-01
-6.509380162446209983e-02
6.210916000884707244e-02
8.668572585553194765e-01
2.333699973056372334e-01
1.004236328498402608e+00
-2.916041363994032465e-01
1.278302081111391875e+00
-4.570042999903916464e-02
-1.929695221712673103e-01
1.208767732596417899e+00
-4.442067647486754867e-01
-8.815635916350631485e-01
-9.349654830150980755e-01
4.771613404141399339e-01
2.773348452163041378e-01
-9.359375830599563073e-02
1.518879197331649555e+00
1.298264029724386814e+00
4.248888502956348345e-01
-9.664729054896944449e-01
5.181473763728871029e-01
-8.354669973552861784e-01
-9.033215703698791454e-01
5.656974685234493760e-01
-1.144965531522449176e+00
8.549995987994973845e-01
-9.978974219489208930e-02
9.103703025419053185e-01
-6.260589874248236875e-01
-2.274767575664263575e+00
-6.572447430230803356e-01
-1.999393272038440861e+00
4.638684565507777413e-01
-1.075079069028699874e-01
-3.389089832607692365e-01
-1.399431068958297608e+00
2.413034352474402455e-01
2.915925900547290617e+00
-1.652236395541671343e-01
-1.035338965032146286e+00
5.054015289020707957e-01
1.361868882728236141e+00
-1.924233772442313084e-02
1.436247220784737655e+00
-2.020374619177770226e-01
5.139137243574980474e-01
2.767881312120530346e-01
-9.889063890587732608e-01
6.954266826337576202e-01
2.419566525800009860e-01
-1.435724778939658774e+00
-5.775884785284693401e-03
-1.062685668708722719e+00
1.293357174054774017e+00
1.290216618204734100e+00
4.140652855326838466e-01
3.763968847624794556e-01
1.244977921512534225e-01
1.698583862655438148e+00
-5.854999095350870569e-02
-4.664732059374634421e-01
2.588961176176258205e-01
7.618805563986594809e-01
-5.288513391631285421e-01
-2.889988242337650504e-01
1.044824046402925422e-01
3.269190902291579937e-01
7.104832426958062053e-01
-2.027486256407823095e+00
-1.729869026587069203e-01
-2.594649876971872327e-01
-9.831922857103514435e-02
1.849648040204094901e-01
1.461930030950241655e+00
-1.608319275865706111e-01
-3.470144892082559496e-01
6.263508871974260428e-01
1.270091352379852268e+00
-2.336392432352857873e-01
1.142474944371860035e+00
-1.751647013628523375e-01
-6.506821163514538986e-01
-4.940618852477133283e-01
6.290110488047299109e-01
-4.170403473872537070e-01
6.053065047388093145e-01
-9.851067044589923577e-03
1.866556125344459027e-01
-1.144875568029471435e-01
-2.708847657725643732e-01
4.368775277559428516e-01
4.177215854880403367e-01
-3.122837818633163454e-01
4.108897544117019462e-01
7.309786545318837092e-01
2.065115079193082792e-01
8.776848463860055238e-01
1.776672152354882850e-01
-3.737750799633283993e-02
-5.088364134463843058e-01
7.159259696788209393e-01
-4.678477385647452080e-01
-3.630727150605260189e-01
-1.972622544341176565e-02
9.124910106598576043e-01
2.584510667299153019e-01
6.999824967834733513e-01
-1.687489999505198401e-01
4.523498197943675581e-01
-6.087568050066566316e-02
1.382492477304509138e-01
2.322373499108552619e-01
-9.591944457144681024e-01
-5.418886103566119550e-01
1.599072198905771014e-01
-2.367225169135071805e-01
-4.575238685919520432e-01
-2.959687158991382572e-01
4.422556254818392207e-01
9.004988185382263310e-01
2.047312937402329114e-01
1.398623451607631241e-01
-1.655729329579966880e-01
-1.011306516644473685e+00
7.377572578350035659e-01
-6.824467340276685334e-02
6.731455416284665150e-01
-1.180367946946007773e+00
-1.333604834226580271e+00
2.417314705306359002e-01
1.787689020189454081e-01
7.068977707766392893e-01
5.838606750673851487e-01
-6.689547287011468057e-01
1.036659265905497840e+00
-1.060506070314878591e-01
4.014080168925627801e-01
-9.931081951696317800e-01
-8.182473819270433824e-01
-2.149745611223451203e+00
1.635867705758213275e-01
-1.820994288946663264e+00
1.045395674927393492e-01
1.164111386494885991e+00
-1.301843282373615684e+00
-8.663360629425649606e-02
-1.654442562431008401e+00
-3.815763960281545047e-03
9.799117138799440241e-03
1.403383007137605665e+00
-2.565640423541562520e-02
6.666037806831468515e-01
-2.313489101287942717e-01
-2.742336742443781672e-01
1.137742861222448276e+00
1.324319016500359547e+00
1.463512388971197897e-01
-4.509950742563397785e-01
1.281837867501008088e-01
9.844747557267128357e-01
-7.913848115857267107e-01
-1.010815645306438748e-01
3.650642005543248692e-01
-1.597338809563312312e-01
8.152759268099242229e-01
-9.051337177164645031e-02
6.371805711471580924e-01
3.044476371621933630e-01
1.800737864856572501e-01
-9.831140681909240620e-01
-9.783943734819006144e-01
-3.361317854070574596e-01
4.339732434376656345e-01
-2.732656658781544845e-01
4.207367476480236013e-01
-2.008318947156425782e+00
-2.213684015670209781e-01
-1.753423349110038831e+00
1.183832972431375641e+00
-1.269425057578657201e+00
6.700210324355493352e-01
-4.695374706685823130e-01
-9.819601718155152037e-01
7.232150516990324407e-01
1.284698426426741813e+00
-5.952563226915920103e-01
-2.385294848540435164e-01
4.441413511158394112e-01
-6.555210963151063552e-01
1.570874987097597097e+00
-2.301776735665067575e-01
-6.917804295120618674e-01
2.918980685821897514e-01
4.073931727792625135e-01
7.989170240201116657e-01
7.622961038502699127e-01
-3.142043862033581242e-02
-3.716940260463552637e-01
-7.679020670392816550e-01
7.588999063776835641e-01
1.978841812797143829e-01
-3.749704939238205914e-01
2.017007448046420626e-01
-3.242821805776216482e-01
-6.673464934919695057e-01
1.073803588256621477e+00
1.330893931310707379e-02
8.836664672934544384e-01
-7.134717095294937361e-02
-3.093976750884017135e-01
-8.194647993098668204e-01
-8.996183807419140255e-01
-1.253953740674526862e-01
-2.812053819334144056e-03
-7.440491885839828345e-01
1.245444809063896152e-01
-2.099421559741875831e-01
-8.469015797548007374e-01
2.003125893951018810e-02
-6.464739562247130422e-01
4.427838575214884109e-01
6.152298855342515083e-01
-1.358944352805574907e+00
-1.112309177460622661e-01
-9.173086867632922470e-01
1.128160603155194064e+00
-1.322647938542148016e-01
1.249927047754624265e+00
-3.411330333748441301e-02
-7.212643543762056186e-01
3.661636369575218541e-01
-9.527388451096708843e-01
1.449908644379924172e-01
-1.759171640435902129e+00
-6.475677865888040952e-01
5.298999354921392069e-01
-7.805435866685193069e-01
-2.950648579364884005e-01
-3.755012102785075800e-01
8.395935425290431686e-01
2.402004937095540693e-01
3.217673141312269447e-01
-1.651128842243299588e-01
-4.051543088244021762e-01
1.083662386450019888e+00
-3.307737640987722105e-02
1.987717826422792933e-01
6.052287783371105290e-01
2.017712288063619464e-01
-1.523283106860089386e-01
-9.535339156440133523e-01
5.213032728926405568e-01
2.730925785935460204e-01
6.257037442044741660e-01
3.050181389232594631e-01
-7.408834261850848479e-01
6.161885701727090048e-01
1.195112407194181880e+00
-4.551348436166825773e-02
-1.316353305449064204e-01
2.194860467383588642e-01
4.412129289685881584e-01
-6.429294724825417029e-02
2.241600018435234709e-01
-9.018164214431061421e-01
-6.609826340766196129e-01
1.824301254188012422e-01
-5.580487572491557025e-01
1.246620181331713345e-01
8.878738410292821848e-02
2.319406143131658826e+00
2.040081653449092314e-01
9.157226019235534253e-06
-1.613669512414422913e-01
-5.571395511505989884e-01
2.478005172309993287e-01
-6.586810638062421397e-01
-6.687249556478849222e-01
-4.339869647221637483e-01
-1.302277360677321638e-01
8.987289476986665138e-01
-9.486985466733338646e-01
3.065690158029570900e-01
-1.352951063359050021e+00
1.695737373841277318e-01
1.265318715293082041e+00
3.421238210522290490e-01
-4.737166985380719675e-02
6.571419776754421349e-01
3.712004150475576858e-01
1.237884480067132503e-01
3.449546525473154990e-01
3.253969015794444530e-03
-1.223487737520038976e-01
3.968737401910090723e-01
6.902524098739404312e-01
8.446808355395528378e-02
-4.744326397571895226e-01
1.021688661209900317e+00
-7.228699841477834176e-02
-5.948797687734828088e-01
-1.338270013905880629e-01
-2.491290296102114110e-01
2.783777409439384121e-01
4.911237689687925068e-01
-1.810873599038610726e-01
-4.254076968136256687e-01
9.171362347095786127e-01
5.424025140960792024e-01
-1.092275963770508035e-01
-2.981403577149045470e-01
2.062240459814645432e-01
-1.636813356291519639e-01
-7.136372284440781755e-01
3.588052836260330891e-01
5.426576977168904303e-01
1.659129134297464836e-01
-2.351997336812404193e-01
2.118919585959873619e-01
-8.297152255146241773e-01
5.508969945619253128e-01
7.548691582751645979e-02
3.492299962970870641e-01
8.342610590475635357e-02
8.331477711688783927e-02
-1.908916736877668552e-01
8.737916839171777639e-02
5.515022259034498830e-01
-6.432545600451451684e-02
-5.286728666090295681e-01
6.352814157122000926e-01
1.924636401472265557e-01
-1.079548675052470347e-01
-7.536779186108525375e-01
-8.591261326240753338e-01
9.471659239498229910e-02
3.746874617968868337e-01
3.135851782901994955e-01
-2.342738917879925442e-01
-5.209392062233459963e-01
-6.122197771221063456e-02
-1.187798854099155477e-01
2.244674814567209076e-01
-5.257767981408334457e-02
-3.439651264655686491e-01
8.133380330596865493e-01
3.324932140759122023e-01
2.268168637984212810e-01
-3.123171339092420951e-01
7.834009706520763672e-01
7.234248904882215614e-01
2.304712439742216956e-01
-5.060349419740133303e-01
-1.087740965645713209e-01
-1.495029680302547570e-01
-4.285572955453794686e-01
-1.588862013192202660e-01
-2.047797286811318118e-01
6.476820720843577961e-01
5.490361357924225527e-02
5.067906328216379430e-01
6.932722643704250509e-02
-3.454594907336002163e-01
8.241407580739472660e-01
4.272202826270231346e-02
-4.809417810273680649e-01
-3.596732720598221356e-01
-6.458712656885656767e-01
3.984948834044351740e-01
7.285798556892619793e-02
2.455757602703511899e-01
-1.274977156942843637e+00
4.895280371377717238e-02
2.555724320906941904e-01
-4.605861575317523049e-01
3.875159871566278280e-01
-2.256264262772754714e-01
3.379302426799338788e-01
1.530601040092653964e-01
-1.039639824175388472e-01
-3.274325717759902360e-02
2.564138299050510161e-01
-4.597107694084652252e-01
5.666975992915417315e-01
5.266180822191326993e-02
1.356985955818398593e-01
-1.231746329651196570e-01
-4.140376556382626694e-01
5.243323456827999607e-01
-1.035553998746665677e-01
-1.296950725034107244e+00
-1.686262252342923373e+00
2.039614754387346351e-03
-3.279175564648517671e-01
7.410149227168904007e-01
2.314482144824518139e-01
-4.084865762690089719e-01
-7.227638314276090270e-01
-8.000424222514440631e-02
1.698279503402383983e-01
8.669090720396402938e-01
2.018712209097275889e-01
4.308236420485553886e-01
6.259998046547683714e-02
-2.860141039837615917e-01
-5.686821369914372148e-01
-1.672075263119416899e-01
3.622384704196689453e-01
9.914954033137783618e-02
-3.868881547379160457e-01
1.047286272998135370e+00
4.650693693880764146e-01
4.407937173046914264e-02
7.042792931965117242e-01
-2.667992394533778566e-01
-5.072819300362148287e-02
8.531976887390950726e-01
1.972574973559000633e-01
9.196223113943110539e-01
-4.498516285558390448e-02
-3.240135893665087030e-01
-1.908311062782169498e-01
9.949561468926926278e-01
-4.336076118866745432e-02
2.202902148247279368e-02
2.680864232274176584e-01
1.567951966024876964e-01
-2.548385550570592128e-02
-5.692752371279939938e-01
4.198884274576119569e-01
2.978087654374871884e-01
-1.900384243002609386e-01
3.273629672929955214e-01
3.821355800518469459e-02
1.120725365037739674e-01
-8.162579882180683866e-01
-6.170405838783888930e-01
4.794730689653354805e-01
3.317699129104447753e-01
8.646437713249430224e-02
1.329361448405327883e-01
2.091435883436162935e-02
-1.164691358551106948e+00
1.063061609775239447e+00
9.017600735301882775e-01
-2.268980899581588551e-01
3.331390409416142839e-01
1.456143756918483745e-01
2.230022320044407202e-01
1.377014319989743052e-01
6.919087747194954119e-01
9.043542712332680589e-02
5.359070501912477358e-01
1.397300376916582598e-01
4.593920625329549201e-02
-2.756925590808308874e-02
1.706023858145749861e-01
5.067608069327841358e-01
-9.492678612755237055e-02
5.865136532061727970e-02
5.242002917314247945e-01
-1.344798919381579305e-01
-5.857894421973542931e-01
-6.392045414067023534e-01
1.372969309456426035e-01
1.029533584540169855e+00
1.075838503863997708e+00
-5.557654073522676486e-01
-3.604356115030610264e-01
-2.077186760401571464e-01
-3.650533937089938119e-01
-4.785403771070231849e-02
-3.642754831226155399e-01
9.477323182787016354e-01
9.360753141820260526e-02
-3.041560301736974115e-01
-6.821674619001849571e-02
-9.116321594048508725e-01
-8.447921866743952624e-01
4.542848369968247035e-01
-3.391788862324031095e-01
4.809171438131672471e-01
4.845869993266517517e-02
-1.390891616369201444e-01
1.741082903756150824e+00
2.404041399827724079e-01
2.216942069462941034e-01
-2.991788890429745718e-01
-1.211146156165957111e+00
2.931153249971383268e-01
-1.029332614909854865e-01
1.015380628246953076e+00
-5.004502625652287318e-01
-1.301327934817004817e+00
-2.850272982665420507e-01
4.618705661970001763e-01
1.677619151770965988e+00
-4.753695045604016678e-01
8.916623800199989791e-01
-4.631998513689468133e-01
3.149631668096731785e-01
6.537830657574374982e-01
5.807014434432997696e-01
-9.668025286631931614e-01
-7.369224031219867577e-01
-1.228145701310585092e-01
2.486139199651054843e-01
-9.336342807327748794e-01
2.673026933297178442e-01
-8.414111673437615901e-02
-3.929014888894104551e-01
-1.173210972264720375e+00
1.976139689727651749e-01
-3.880369104406455327e-01
8.535252036332170444e-01
-3.911302289631078399e-01
2.125843607668757573e-01
-1.349083445253833391e+00
2.776024223272196001e-01
1.472182460040971197e+00
-2.176086659385856881e-01
1.150761086261363753e+00
-4.131534766475004616e-01
3.458336283150835189e-01
-1.215099177610083764e-01
2.979180088285234007e-02
5.659148563281088395e-02
8.645895524508675489e-01
2.068858486434375574e-02
-1.478680210395447170e-01
1.336988548418240053e-01
2.889262078351484964e-01
6.373994348995901671e-01
6.304364895675362845e-02
2.415399047220920525e-01
-9.475181098635854227e-02
-1.776547124817575984e-01
3.501702698859262552e-01
-1.287146463200564694e-01
8.860408066679209549e-01
4.684224543595909007e-01
-5.453967572634174088e-01
4.482445304173118261e-01
-4.766631683912352924e-01
3.444317034114772746e-01
-3.674032085063055897e-02
1.637655929482926820e-01
9.806192788922318826e-02
-3.661386954344371669e-01
1.579619073196864565e-01
6.594683425755417661e-01
-8.602375101871105600e-02
1.015497935363838811e-01
4.029441158527923283e-01
-7.288315971589189382e-03
2.883003123919144484e-01
2.873675971418696573e-01
8.645144431155227238e-02
-3.372879341232624256e-02
7.452810069806787840e-01
-9.530295049435283383e-02
1.991416192650850570e-01
-2.005315938173492241e-02
-5.154953797968158113e-01
4.948609277914574056e-01
9.966205074486844673e-02
-6.909156493500318019e-01
-3.134996547319033877e-01
-8.189766629275579968e-01
5.041137500416378314e-01
-9.775214400682407101e-01
-1.519831938904394469e-02
-2.598095430616880752e-01
2.545143436516307922e+00
1.207759364648031797e+00
8.050553783603912050e-01
-1.022122491910072206e+00
-3.067530634229444220e-02
2.764541860283845076e-01
1.969104098260860691e-01
-4.080323326616318302e-02
6.544055381494549017e-01
-5.523857862518618544e-01
7.081441110039135012e-01
1.425855826874760646e-01
-2.382205974135976484e-02
3.406403526059253450e-01
7.215894510002503204e-02
1.635333099149668401e-01
6.480466463696741286e-01
-4.703621592448809646e-02
1.241410571391890760e-01
-1.076955565754964539e-01
-9.191540691094965965e-01
-6.346207429224344221e-01
3.566563029850400857e-01
-1.545351629326677523e-01
-8.026585971916909701e-01
6.063900552414704936e-01
7.484093028568794548e-01
5.793150773554021082e-01
1.875367027030537537e-01
1.851024614040550909e-01
-8.784792282299289101e-02
-1.158396079035146631e-01
2.823066582605066599e-01
-9.939601244921228429e-03
1.234363995548130866e-01
1.299794622010982392e-01
2.445764422616202305e-01
-6.819561907989332150e-01
-2.339840794939723190e-01
2.811811887321235548e-01
7.941550237302850146e-01
-1.331092784780737726e-01
5.290934720049346174e-01
-2.026845299609063289e-01
2.024022514919841531e-01
-7.708033617124124826e-01
5.437286821372196988e-01
-1.077582985036317220e+00
-8.568196667341457240e-02
2.159000510293405950e-01
-2.604409916877567510e-01
1.026722788020259847e+00
6.268894273637052317e-01
1.276402738877581988e-01
-3.806464784476543128e-02
2.717086296339369933e-01
-3.738812737049086454e-01
-6.122455009885087174e-01
4.302331817739412090e-01
-9.478319534223580423e-01
7.256883084986668342e-01
9.123436281433180417e-01
2.253390219919124138e-02
-2.426556504182467155e-01
-7.447587644239254123e-01
-1.407097366975723185e+00
-5.450035379052863282e-01
-1.250637012740804521e-02
-2.254746019105591692e+00
3.608384275875303748e-02
-1.070700848397946603e-01
-1.452658462921598392e+00
1.587361017766742544e+00
-1.188347724294227303e+00
1.387645186393289265e+00
8.579189108710920664e-01
-1.979938831317142878e+00
1.052602059577212090e+00
-4.884945019606785066e-01
-7.345319114427288909e-01
-1.334475448962284538e+00
2.216483804435304128e-01
-1.900164544876463024e+00
8.939014554954292091e-01
-1.117971278707916127e+00
-1.481436690509762677e+00
5.925502835984644556e-02
7.339010178894329606e-01
7.880055704313928544e-01
4.415031377592349981e-01
1.866358784590576025e-01
3.177387941492166301e-01
7.204610119536380974e-05
-4.710846049192751739e-02
-6.568231677750875352e-01
-1.822213189939917988e-01
1.510385048694564025e+00
1.100815104554311086e+00
2.857989860091874612e-01
-1.146234698815277397e+00
7.531745503160376387e-01
-4.602732571230949699e-03
4.606361910795189751e-01
-1.040125554704251165e+00
6.896706567183102932e-02
-1.267651340376270808e+00
-1.107104835369115303e+00
9.521845736491535428e-03
-3.765795874588673819e-01
1.753234579711415275e+00
-3.041006253601610809e-04
-1.164696261031680224e+00
1.453400959646322876e+00
-2.083898069484313720e-01
3.667143645049099066e-01
8.000743298466763687e-01
3.381108315272428610e-01
-2.115724044249465696e-01
-1.026312244421579090e+00
8.942200494686677326e-01
-6.154600339445676083e-01
9.727046751999537388e-01
-1.079092032209388652e+00
1.100028250085810511e-01
5.893462529062524213e-01
-8.032580744068681389e-01
4.320282231112315685e-02
5.595403011077382249e-01
9.197631337416463104e-01
4.745498036344070747e-01
1.531248477812647835e-01
-2.571875459613846004e-01
-3.027606978508839974e-01
3.655980190929516427e-01
-4.132204022681401634e-01
3.135187423252323025e-01
-1.200858997718227961e-01
4.397443789236306078e-01
-6.861560425708881916e-02
1.858268884547800703e-01
-1.041721044052784650e-01
1.731000000523863491e-01
1.430534337176483095e-01
-8.002771357264555352e-01
-2.197736075198911121e-01
6.722162659856216818e-03
8.537252010206903829e-01
3.377448974140394578e-01
-9.241423919723631974e-02
2.492069416453610020e-01
-1.481102830704902618e-01
-4.797441278369583006e-01
9.352522851931868164e-01
-3.292961873216089519e-02
-8.785919448776288165e-01
1.730067440848732097e-01
5.752743726082883979e-01
3.613135148594579515e-01
-2.883046761270868438e-02
7.811854594979804334e-02
-2.153800927309227342e-01
6.515893364564062651e-01
3.990115172347756256e-01
2.100447552566829523e-02
-1.309283299669476985e-01
3.260624843528546757e-01
4.969885016885370460e-02
5.895312860989971870e-01
9.521479090074669305e-02
-8.272410924488695638e-01
7.403759484023458848e-01
-4.896045554044608367e-02
3.202167477277895746e-01
3.742413292006138148e-01
-6.188160470467528318e-02
2.046099186108187584e-01
1.922572932486190378e-01
-1.904900360423943395e-01
3.482286659428997233e-02
1.782755885379704863e-01
-4.989585969284696665e-01
9.108316456986238485e-01
2.577324667191344676e-01
-1.470288802537093598e-01
4.723928009429932684e-02
-6.436981400709830548e-02
4.189566475147418201e-01
-7.197807565812391895e-02
5.574628778699506348e-01
-4.006583056544043009e-01
4.333430067479052128e-01
2.028755477675789898e-01
-6.925783873092395959e-01
-1.147794815581131278e+00
-1.793790165084812316e-01
8.950506493216818793e-01
-5.173077332119955241e-01
-7.374487326889233030e-01
4.222475746849665423e-01
7.608324652397144838e-01
1.213619301140161366e-01
4.397084780680244886e-01
-5.893056603592239373e-02
3.639734483995062941e-01
1.389306336329522995e-01
4.698605685327434944e-01
1.799851662587685919e-01
2.429774293096576554e-01
1.059770342226487028e-01
-4.690825622870542499e-01
3.103407441728635030e-01
-1.531844301085052706e-01
-6.657190758853329671e-01
1.087834470668762821e+00
-4.200731634675165110e-02
8.119803005960384290e-01
-1.972458728741431633e-01
-8.643017495841407438e-01
2.107275480928574307e-01
5.675733575907185996e-02
-3.715660434133055690e-01
1.114850031878315884e+00
1.730556874372293774e-02
1.367569908425989855e-01
-1.857503146118353321e-01
-1.539151512605624328e-01
6.010562128736872678e-01
-6.378597310283319333e-01
-3.372937499330375122e-02
5.531002148460583134e-01
-6.461089977807451534e-01
4.365082663354948878e-01
4.713343902911288907e-01
-7.182510152260496161e-02
6.097799457595018957e-01
2.438162677933616851e-01
-9.205864057199522610e-02
-3.659276520234151786e-02
3.646396565240618837e-01
-3.481176703934331096e-01
2.667405897900040346e-01
-5.265662865390370317e-01
3.102134056088149405e-01
6.015968323459859324e-01
-3.843639522785731455e-02
-3.601177199304118892e-02
-2.405868818759361594e-01
3.309466785381925957e-01
2.110154296832431609e-01
3.102146763601727475e-01
-1.974063167726420209e+00
-1.037189340292531847e+00
-7.067993205794310674e-01
-2.438163822256012858e-01
-6.396184151411515861e-01
4.426762544445282943e-01
6.865374294929957322e-02
9.100876655491918488e-01
6.821603616792402958e-02
-1.064505860986255242e-01
-9.872774685987228960e-01
-1.759150816203608692e+00
1.531958563249453453e+00
-1.591536995646812835e-01
8.760722528837088241e-01
1.490407079776146781e-01
-6.779345061579179765e-02
1.540369235562731198e+00
4.033279753124838218e-01
-5.921900290456572069e-01
1.875255845851320213e-01
-4.864005301018337613e-01
9.413025217481725271e-01
1.248753363406474998e-01
4.539888385030871332e-02
9.061000997737249651e-01
1.567072089145017388e-01
9.848103982953114732e-01
-2.016863870783620616e-01
-1.249458256920832344e-01
6.825024738140691438e-01
1.112992748174215452e+00
1.537497240480124316e-01
-6.934378940851674278e-01
-4.696579697501750417e-01
9.836390977995810303e-01
6.059975492138543196e-02
-5.012983020387953292e-01
5.188523216932015014e-01
2.806251740616227952e-01
8.577146504476533539e-02
3.332423147704167699e-01
3.131028557927350575e-01
1.220725217130197299e-01
3.936213289485545053e-01
1.177728886974382660e-01
-7.837367448452318142e-01
2.620117639478966587e-01
-5.056914885443477559e-01
5.835489317228651496e-01
-2.151084319794034361e-01
3.217214720222540958e-01
-2.378132152927088239e-01
1.331352023072145119e-01
1.006068425362037111e+00
1.783561211337336694e-02
3.360073715257411164e-01
5.873061172290551246e-01
-4.795282864895054897e-02
4.129871394593038203e-01
-1.812677091972293986e-01
9.492214078403380384e-01
8.233345905144141552e-01
-1.314669011351596584e-01
-4.392351730774186058e-01
-1.669387420205096006e+00
-1.075932951670592441e+00
1.150867955454162761e+00
-2.182375566332341588e-01
4.450459704710810899e-03
1.227369647823888243e+00
1.401596135170504409e+00
1.909786201826559615e-01
4.358470537936936506e-01
-1.076600472272444931e+00
-1.431916380270498168e-01
-3.582315453411807904e-02
-5.478998708768876291e-01
-6.316615621260139868e-01
8.001369405535792012e-01
7.550685175990307085e-01
3.455244192335680253e-01
-5.502846796175754340e-01
4.332915597020209342e-01
-6.610331937907057975e-01
-3.841997653792139089e-01
1.306086254863844331e+00
9.482546641621819594e-02
7.555370615521844746e-02
-6.231879539294552517e-01
-1.241993349849070505e+00
8.776404978399018342e-01
-9.132680490348684677e-01
6.595562355950753686e-01
-1.310461175982211568e+00
-1.084302431003560274e+00
-1.408980632603883176e+00
-5.236836631967615174e-01
5.552125889539796799e-02
9.335282279884888901e-01
-1.085518984511158358e+00
4.567128284432073193e-01
-9.791282486997155976e-01
1.526176166384930200e-01
6.536665809381239090e-01
6.058381985617717902e-01
-1.372082536111561835e+00
-1.090914254082369528e+00
1.132256439112550694e+00
-4.155551586718047585e-01
2.329925801700637178e-01
-1.705278681945471275e+00
8.392191778835029758e-01
3.484449335523946423e-01
2.788101786471469667e-01
6.234765370845697374e-01
-2.451668066719616679e-01
-2.679996364627366262e-02
-9.516233464190312907e-02
-5.003876008514812623e-01
4.966535875741165396e-02
5.962788265147349609e-01
1.027803067660021163e+00
6.504812332731123581e-01
-1.262738370966936197e+00
3.074010443999543041e-01
-2.119326920179545048e+00
9.358911381755694592e-01
1.485075147508511384e-01
4.018164970410547099e-01
-3.566887381519260325e-01
-3.307809788628257031e-01
9.067501492326205392e-01
1.507524915711342839e+00
-9.021353026111061935e-02
4.307671617090747529e-01
-2.483316345276044002e-01
-8.402615388227197002e-02
8.389810800462663698e-01
-6.183113100039153848e-02
6.371576760786002991e-01
-1.102572346765867684e-01
-8.084950071365930302e-02
5.096043390772025949e-01
-2.778217771243104428e-01
1.130919138582197475e-01
1.528949803271787214e-02
3.726636440971874964e-01
-4.582739387527099972e-01
-1.048851866380822589e-01
1.778508446070728721e-01
-5.596458001844436536e-01
-9.914990621439974117e-01
4.129678328168920887e-01
-1.678436677431537627e-01
9.057000926275953212e-01
9.108795231044003460e-02
3.679434424285893401e-01
-3.094186964562979369e-01
3.354314856320693705e-01
-1.048684356687169084e+00
-6.479926936561819506e-01
1.504526655674451041e-01
-2.801813442085501205e-01
1.718941203391328998e-01
-1.736829120478200483e-01
-1.521726175348188936e-01
-2.672932182058410100e-01
8.753777660305278596e-02
-1.406405232801982264e+00
-8.852996722824401088e-01
4.522635235910609647e-02
7.773862208082740199e-01
-4.082024734456506376e-01
-4.407962859475994533e-01
1.498409684820105170e+00
3.045534853425727606e-01
1.029844049893374081e+00
-3.786830654893132420e-01
-4.323089693224407837e-01
1.182953120308572359e+00
-1.641595193269557162e-02
4.975154476892779676e-01
9.316268022738977139e-02
-3.321885733660792095e-01
6.451685551031310917e-01
-1.207141537565846079e+00
1.967905831240107928e-01
-1.097924231049082877e+00
2.478150881392147120e-01
2.026478168896722609e-02
1.336159817120870508e-01
1.095826145584102740e+00
1.430618492510959128e-01
2.457527850511020961e-01
-9.601958726924161303e-01
-3.794921705630728281e-01
-7.317731777718413655e-01
1.031736269583624771e-01
2.566268105872684946e-01
-7.064285169292485733e-01
-6.709422644631360955e-01
1.810404228379717401e-02
1.365240052774550350e-01
-1.330026234439154909e+00
-8.540992437076553312e-01
-5.744736881155613206e-01
-8.738510489865531916e-01
-4.739771148929596833e+00
-3.126054321534215585e+00
3.699821158556805045e+00
-2.992806154231127461e-02
9.246296130287556814e-01
-8.010400110434138243e-01
-4.769553843351256317e-01
1.351586747086571227e+00
-1.140079385625923480e+00
-1.030620171204884139e+00
2.083871086119915450e+00
7.274324206484317212e-02
1.463974173546936652e-01
-1.377630425944924575e+00
1.291595334272994666e+00
-6.262431579216958255e-01
5.186735381582682769e-02
-1.141419728512758747e+00
3.423780886628439157e-01
9.935274457175501395e-01
1.370512003073703078e-01
-1.356952154197781146e+00
-1.326631225278326998e+00
-4.925229551632157587e-01
-1.302486121149797782e+00
1.417786110505101282e+00
-1.072107661458451489e+00
-9.014028770312487726e-01
-7.086200988157715930e-01
7.364213133811945422e-01
7.955248560394229118e-01
-1.065222587777188146e+00
-5.914977916137296177e-01
-2.888322926449855998e+00
2.346337350231991525e+00
-2.189046706809563148e-01
-5.444857055133693891e-01
1.966238225391360173e+00
-6.049190505941089979e-01
1.057609948025573843e+00
-2.372214160038023101e-01
-3.267160359674049497e-01
1.884128609803231935e+00
4.015139530226544684e-01
-2.750943628593019441e-01
6.096252192749346266e-01
-5.722807724467658952e-01
-1.085209554331758031e-01
-1.884782068909283403e-01
-1.383421140225252532e+00
-6.841926544767948926e-01
1.623936359798756057e-01
1.053650685374412310e+00
-4.054805421193795612e-01
1.453971370939471708e+00
-1.152171936568418653e+00
6.236905981651197362e-01
3.681642696086300237e-01
5.623572849491980108e-01
2.058248149563269846e-01
-5.631106773655369935e-01
5.802389646465807571e-01
8.089013932655583217e-01
9.087431950596434882e-02
-3.404483256735044705e-01
4.080226182243962274e-01
-1.659941858961319627e-02
-4.877543000388042671e-01
5.340368855340373866e-01
1.269569283247269642e-01
-8.396605791312589107e-02
7.495333109157013007e-01
5.744648043227575940e-01
-9.941265585642258262e-01
-6.917969243326177464e-01
-8.709700666018667103e-01
1.961079304496029518e-01
7.574392425279790064e-01
1.458517018313905678e-01
2.355792894113726554e-01
-9.505271181530710045e-01
1.789951529536284447e-01
-4.300151278106888464e-01
-2.094561116138480283e-01
-1.307705015614424315e+00
-4.180834104729533318e-01
-1.165731164981181678e+00
6.389642361222560574e-01
4.275202263369662359e-01
-4.863761281922958091e-01
5.449424358174552729e-01
-7.443811288045413255e-01
1.217653495227383198e-02
-1.375313066321385058e+00
8.180015216846614479e-02
-5.736238488755274201e-01
7.343994910140159149e-01
-1.572512808085016367e+00
-5.170269604190862456e-01
-1.124220611950493415e-01
-1.119065116951465599e+00
5.867444146881686251e-01
2.821910025454948956e-01
-1.029064148892149255e+00
-2.231835196378132227e-02
-1.653025602977322928e+00
5.590274843075825340e-01
-1.324823934062064223e+00
7.509236938911763026e-01
1.139395242870488767e+00
8.835929102474608943e-01
4.521687358894820319e-01
1.806300782379888226e-02
9.299939994384829323e-01
-9.266814000231543558e-01
5.834037008525631146e-02
-8.897849587907542546e-01
4.656157140408277995e-01
6.420941279851959393e-01
1.992644216479075303e-01
-8.753355121032115882e-01
-5.429697881629824696e-01
1.835477044794612045e+00
3.890225618669759244e-01
2.196279789892456868e-01
3.592303040415086857e-01
-4.102502705828815488e-01
-1.440062452261137604e+00
3.430773236775852553e-01
-5.395093412670924626e-02
-1.871900746662376602e-01
-1.541590951685776423e+00
3.080268241825441233e-01
-8.759674037261797608e-01
7.081764350391344109e-01
4.986377910852825002e-01
-4.143539650023261300e-01
9.982376111546045205e-01
-6.767996208727573848e-02
1.016422925749067119e+00
-6.347465438629859014e-01
-1.975794363956384858e+00
-1.544818117692142945e+00
1.512866838641152789e+00
-2.914798997782698242e-01
-3.021064926741461321e-01
-5.543844142955303145e-01
4.742129137365143632e-01
-2.666893386855227810e+00
-9.113593512305115940e-01
-6.170936245131826425e-02
3.422277800618251931e+00
-6.689432524022016491e-01
-4.439291366977733966e-01
-4.688265521090153043e-01
1.381870862971865455e+00
-7.097732772178566574e-01
-2.749877707180315323e+00
-4.846706911614562241e-02
-2.070729734979273040e+00
1.837874534129115833e+00
-4.577163351323307872e+00
-4.647448080689858152e+00
-1.744467941647315445e+00
-3.846051564088255770e+00
6.730563541391744842e+00
1.197486840675627384e+00
-1.987728037170620077e+00
-3.039442666221968459e+00
1.677583238836878543e+00
-4.659004036717185881e-01
1.294379496823110376e+00
-1.417177633406138337e+00
-5.615204356847546263e-01
-3.192388472990039361e+00
-9.806634613960538704e-01
6.273070385124773551e+00
-5.208588930272369799e-01
1.439002561121535129e+00
1.738020009998833881e+00
-3.623863025825938555e-01
2.780564987035936575e+00
1.841301685543867972e-01
-3.067649838235182891e+00
6.372008012799543764e-01
-3.396677126815095260e-01
-3.653832464383460543e+00
-8.578597314713285460e-01
-4.805483828502427057e-02
1.840876284597953161e+00
-2.670033469299159634e+00
-4.874479168848077082e-01
-3.636353152652699539e+00
-3.440409097105384006e+00
7.177903995503331913e+00
5.783836107760095130e-02
4.282465208847212601e-01
2.361333349023452932e+00
-3.052150468761261060e+00
1.315870011985453836e-01
2.942927614928653179e-01
1.667627580966317136e-01
-1.907921309860853842e+00
4.934603835698581520e+00
1.264221518504762276e+00
1.026074032023421623e+00
9.590133498553337077e-01
-7.334750480343400492e-01
-7.483834308645093136e-01
3.012856423969691999e-01
-9.903961210866885079e-01
9.891217707992305819e-02
-9.396591927821242862e-01
-5.177410445995835886e-01
-1.786715025373840082e-01
1.054627363373691784e+00
1.572811359009658849e+00
2.193506771340713257e+00
5.585289072870504301e-02
3.137730465837345051e-01
-1.228873629987775384e+00
-6.016412617391834194e-01
-1.096726344882899884e+00
-8.437724959236889699e-01
-1.083816729434784909e+00
-3.114969161433070788e+00
-1.287754550064618142e+00
4.795451821706261386e-01
-1.818041758930149632e+00
3.643700562029615897e-01
-9.533666822291620990e-01
-6.726476148620785800e-01
3.993046901106442892e+00
-1.439562451371241281e+00
-9.160750778043421638e-01
1.499725513863386039e+00
1.532372264678340645e+00
3.821922441938964132e-01
1.880691744689201528e+00
3.905623752239270607e-01
-2.197245644274480547e+00
3.354737631983678581e-01
-1.851833744397594961e+00
1.262099516157553780e-01
-2.942588134704990033e+00
1.874299262818834022e-01
-2.198888008695797092e-01
-3.540054658096687845e+00
-2.682513463780261009e+00
1.213023951393127131e+00
-2.121439243824455367e+00
-2.214544016096540169e+00
-8.147586454500919118e-01
3.022189213949415532e+00
-2.897562651317213245e+00
-4.670211252631505938e-01
7.226236741803893082e-02
3.149138840364961389e+00
9.277339362086574059e-01
1.088112968450294815e+00
-4.573984278479114041e-01
1.218558882845995672e+00
-5.440724630142199647e-01
4.880040418293125903e-02
2.090657173385019885e-01
1.897440856571965540e-01
2.084706092223836293e+00
1.882684353583219394e-01
4.257034944276182897e-01
4.619183539122228566e-01
-4.876489530973853181e-01
-2.970557172970354376e+00
1.622857203545158944e+00
7.942462170047819292e-01
4.134974996056596019e+00
-6.031462079222294631e-02
-6.997855404674868662e-01
-4.003896835894048545e-01
7.613235115856425983e-01
2.397785869378016521e+00
9.308482843447511978e-01
-1.352630882570700355e-02
9.459078254145290021e-01
1.148996886723261168e+00
-2.269883139752041590e+00
1.827792771143420758e+00
-1.026693629585863965e+00
2.409938601888962140e+00
3.905116833762505846e-01
-1.345553184209379527e+00
1.329260034347583330e+00
7.771469054096556972e-01
2.003723931023241978e+00
-6.031527438220813941e-01
3.170854445091488283e-01
-8.605208349200236251e-01
1.693976135316896281e+00
-5.150327838314462392e-01
-2.413266259261552249e-01
-1.932543598917309424e+00
1.711827670278384117e-01
1.728511715594590326e-01
1.640125291467640967e+00
1.453095315332496806e+00
8.288671521315997825e-01
-1.753397145685084979e+00
3.993201380092621378e-01
9.982579633260153518e-01
2.044958182306182148e-01
-7.288300893295641680e-01
2.412348880912941418e+00
-1.011752646682493595e-01
-9.715512535835790775e-01
2.335696513990177803e-01
5.375230277009396262e-03
-7.244108427056444865e-01
3.485941706097517301e-02
6.039809470857377960e-01
1.100759950904136725e-01
-2.226288767267017299e+00
8.459795913452136662e-02
-1.353868317202099769e+00
5.460756273609853606e-01
1.475397053630949085e-01
-2.187337807825342928e+00
9.857368589677792392e-02
1.689333626379012854e+00
-3.163787952043669582e-01
-3.502846885172183899e-01
1.284037478289166367e+00
-1.079957153893940092e+00
-1.127364975474514086e+00
-9.432932157815788754e-01
-8.043427728593295356e-01
-4.496971200871979768e-01
1.693316233021490910e-02
1.973570806999700888e+00
5.234757497732833720e-01
2.045050895378911271e+00
3.607586408539156242e-01
1.947573060493111852e-01
7.673752185741269383e-01
5.975845389392092644e-01
3.315796716353107687e-01
1.485868769875741568e+00
-2.722331935011295112e-01
2.959531656476773742e-01
-9.018967258530625752e-01
1.313097402358606836e+00
1.326736895916360570e+00
-2.926635760164538747e-01
1.271037981587378685e+00
-2.548395219383494115e-01
-6.543546026638039637e-01
3.775595258674514509e-01
1.065492669616307175e+00
-4.403981372596428301e-01
-1.613861170248570343e+00
7.474138359575545065e-01
6.763901690509740439e-01
-1.002078668646021686e+00
-1.219399684769597814e+00
3.812276717100884227e-01
-2.762703473142726351e-01
1.201027707473091954e+00
1.825339138359825641e+00
4.058227280921848368e-01
3.582333335018622056e-01
-3.692618129478903999e-01
-5.453613885257169169e-01
5.643020869883933477e-01
-5.628116942468324169e-01
-1.566061327345103171e+00
-2.550187256752964871e-01
-4.263373119109842291e-01
1.141684997277991220e+00
1.140297386960675619e+00
9.652966959744099240e-01
1.440253363975616541e-01
3.626986295619825107e-01
6.877764833598190575e-02
3.630136752030808933e-02
8.067801827310193685e-01
2.925987332850712441e-01
-3.953825873126018409e-01
-4.801982417663746561e-01
4.724319152116676079e-01
-1.207139270460678981e-02
-9.834270786179066803e-01
-2.502323030435495421e-01
1.790125497439472912e+00
-1.994831489512367551e-01
-3.282101507454397993e-01
-2.504336443357114028e+00
4.453362304118615445e-01
1.954548507953289160e+00
-9.428616357270197534e-02
7.936207318183092774e-01
-4.448663024209325578e-01
5.186136063191670170e-02
1.842007686220491713e+00
-2.949897850289245893e-01
-1.016344937391837400e+00
1.088583603243852505e+00
-4.978455625493738435e-01
3.947770203484999296e-01
-9.379827927559207801e-01
-4.383432105525233990e-01
-1.261059795746500622e+00
-1.523529030166548281e+00
1.198045840163138864e+00
-2.235413128882566713e+00
-7.430374116283359198e-01
1.055991950125523937e+00
2.899697495677106551e-01
2.459037200998460959e-01
1.450302420291865735e+00
-2.205281398491971689e-01
6.632999017210678971e-01
-4.378286873035935195e-02
2.711736498520295191e-01
1.277214508908146140e+00
-3.141658522101060114e-01
2.579069104426133796e-01
-1.211126906102890866e+00
9.166852646618357525e-01
-3.564087888831681261e-01
4.051063672980269592e-01
-1.315634738075960541e+00
-7.644441810851010377e-01
1.886583023693984229e+00
1.319784887502662429e-01
-1.049771129704419048e-01
3.392413195566827966e-01
-5.040203633834680064e-01
-8.751147384299415855e-01
-3.912340133916900053e-01
6.370072930088960250e-01
4.174083229880654056e-01
4.783351636767798620e-01
8.493379400676256963e-02
8.448458702784609198e-01
-6.459402775471502212e-01
-5.129875912808930238e-02
1.062546307373638532e+00
6.039997404585907559e-02
1.698401816136499431e-01
4.110135044648988156e-01
-1.878550224335473473e-03
-5.690939202032854194e-01
1.027338221983969513e+00
-1.834197057046834667e-01
8.282607228542659614e-04
-1.518335929291766973e-01
1.938121783599016934e-01
5.264282042811371104e-02
-1.051120715039039588e+00
2.434935616235519573e-01
1.866391676508971920e-01
-1.207093502266529672e+00
1.199438162142718589e+00
-1.539200709994385408e+00
-1.138241753978683324e+00
-5.509368797392951711e-01
-3.694016650762373399e-01
-2.122675549195252587e-01
-1.355419413759282765e+00
6.998294186157200114e-01
3.610621297460775980e-01
6.127108463689887596e-01
-4.263634030816691456e-01
-1.835838612032181683e+00
-1.140842365789628499e+00
6.966875393137824668e-01
1.847814987710357792e-01
3.672436652324710393e-01
-6.474417912505138206e-01
-1.356188138017239142e-01
1.834309110282260846e+00
4.267055071446986814e-01
4.994374350162258391e-01
-5.849855739951210776e-01
-1.018682157232015717e+00
3.099063487460526067e-01
-9.610687027347550870e-01
7.756071121780838684e-01
1.124539737744705503e+00
5.858498283304864884e-01
5.514187914946288016e-01
-3.844313647423452385e-01
9.777287399390186540e-01
9.216795683729864241e-03
1.437390625431707869e-01
5.586899054421687882e-01
-2.876765622805342870e-01
2.078230030720017441e-01
-4.771763823220800949e-01
6.947445661051439014e-01
5.726362640201627663e-01
-1.578540600476950884e-01
-2.448891833274552954e-01
-4.437373573446617980e-03
3.844427298021657613e-01
3.172220324521749513e-01
9.672692102041159368e-01
-2.427224511888114722e-01
3.169107720024794683e-01
-1.161670918629340021e-01
1.578681926225062593e-01
8.822096533883914127e-01
-2.083499083915269501e-01
-5.337152120171647640e-01
7.683639580271717229e-01
-1.223225365832160058e-02
-1.202864880922313306e-01
4.372576735046996843e-01
3.453395455399221881e-02
-1.118834827915763608e+00
-1.468470781593725905e-01
1.090061488835137871e+00
-1.062743002001955261e+00
9.925928051587576961e-01
6.497313574749594700e-01
-1.860021225190801486e+00
-6.665551683910200254e-01
6.270858965503699478e-01
-6.637109209906082163e-02
3.388900230192258278e-01
-1.722146523320716049e+00
-6.126100680620212291e-01
-5.723703173293073210e-01
-2.048153934011855970e+00
3.489225065661319292e+00
-2.175915580043405184e-01
1.677823533987828464e+00
6.629223471341372242e-01
-2.138997121231710707e+00
4.768693587069843809e-01
9.772917199516550912e-01
-1.769880100148957247e+00
-1.348273055175784663e+00
-9.913944371182452642e-01
-1.723551413927771003e+00
8.184677279273191441e-01
1.704103433593684880e+00
-4.154376974563812885e-02
2.681665881971977416e-01
-2.737309498090635673e-02
-6.753227940897303938e-01
-4.302718422720906433e-01
-2.422576488124501826e-01
1.309415714064380287e+00
6.664419288178946577e-01
-1.178792788685071313e-01
7.278527877930496270e-01
3.846953023402641669e-01
6.369297727266409748e-01
-1.927703463394689343e-02
7.667276419071893390e-01
-2.738266622681296836e-01
-6.903135819113428440e-01
-8.895482235098788326e-01
-5.231448563264495810e-01
9.664290724659477805e-01
-2.123590961612571881e+00
1.678725074307360066e-01
-1.557455835910167341e+00
1.233148952304348400e+00
7.061230861678702286e-01
3.351397395529872592e-01
3.181333669067549219e-01
9.988281583805597164e-01
2.671171381963296509e-01
-6.163631609971090830e-01
-1.236587108116741440e+00
-3.602774364995408041e-01
-2.946290535084227780e-01
3.015080790013214829e-01
1.567617381890637818e+00
-2.302373537592086739e-02
2.726915641693941073e-01
1.024341436266471700e-01
-2.563731684489368168e-01
-3.677922939253561174e-01
1.174992267887463304e-01
1.472177250785644986e+00
3.785137629716534002e-02
2.027461212501651122e-01
-4.282432434855326653e-02
-8.100216341648857066e-01
1.129034636168530836e+00
-6.484262550946781056e-01
-1.360586301712976676e+00
-2.568270869865867945e-01
-3.262648900922729411e-01
1.380452186700242556e-01
9.410711490774081867e-01
-3.735544932395290507e-01
-1.257457794129764661e+00
-7.406659141284168690e-01
1.410477780019394056e-01
-8.545841928999625692e-01
-4.730763071057016433e-01
9.638414747827978024e-03
2.319964424830274763e-01
-4.152874292951487245e-01
1.141390604051737423e-01
1.588468654302617189e+00
-1.090762704822512974e-01
5.880218249282576082e-01
2.051843271484347642e-01
4.833528232908226308e-01
-2.161536680679924938e-02
4.870734725890485950e-01
7.777189071270540488e-02
-2.709557802562162498e-01
-1.186162511951812243e-01
-3.966861935321926436e-01
8.947815408774970614e-01
-2.000739412884745549e-01
-6.812821668735460356e-01
9.286804375653355814e-01
-2.445639051763943694e-01
8.182446047097000075e-02
-3.167798867292873632e-01
-2.845521074308695608e-01
-9.511200963992885171e-01
8.846225359254694665e-01
5.801286034189828689e-01
-8.587459930915911088e-02
7.924902418616280864e-02
1.128656376899292435e-01
1.300747327920174445e+00
2.432478037196383336e-01
3.613957666020413684e-01
1.057575932150269654e-01
-3.363332378356096442e-01
4.681294255688236983e-01
8.435089402407736081e-01
-1.363435225312130683e-01
2.654027765551658091e-01
-3.394231860616135354e-01
-3.927030793784692664e-01
3.312876784465732527e-01
5.793996160333886314e-02
5.660941194823036066e-02
5.268284940676795647e-02
1.130223275591173193e+00
1.829208338827324198e-01
-5.631605826263509640e-02
3.510012837753493375e-01
-7.308157633770635542e-01
1.320262779509312756e-01
1.487592034714451950e-01
-7.547668971716502417e-01
3.273236368878323366e-01
1.199957208092172767e+00
1.130504815119456608e-01
-2.297014700473422044e-01
-1.189761087326656419e+00
1.202356993468630231e+00
3.045896472236726549e-01
-1.344384698768477548e+00
-1.439934868318550054e-01
1.497825141736825572e+00
9.382243313959821585e-01
-2.339833811554981047e-02
-1.054806376442066346e-01
2.966060086941053608e-01
-1.329450076939784620e-01
1.381794419636314664e-01
3.326102817269219192e-01
-1.281345063089264769e-02
5.348114399410852648e-03
-8.679955806929702533e-02
2.965181707904204420e-02
-4.323835686232634368e-01
3.686779837885296729e-01
5.776963657815354924e-01
-1.134186813674736283e-01
-9.601391324874464228e-02
-8.385718131337042136e-01
2.452871339558754527e-01
-7.206770380530218567e-01
7.306792895870952709e-01
-2.057368612249760587e-01
-4.441927952055733098e-01
4.179861932444464134e-01
-3.813644383114035419e-01
-7.948644188360287632e-01
7.797023669986037353e-01
1.097468850423023223e+00
4.933079745096623225e-02
-6.272024332305493888e-02
5.203032527160150744e-01
-5.649251989457729772e-01
-4.381761833858366373e-01
4.135046837632261885e-01
-9.434799048731461191e-02
5.248830743846064628e-01
2.441409379265968294e-01
-5.513757045726226380e-01
-2.749926501999607198e-01
1.004134047800563367e+00
4.969655695116143718e-02
8.914027781052271671e-01
3.042487196004495242e-01
-8.715328827142040935e-02
2.088562948293290755e-01
2.878390835583966023e-01
2.396943649827797118e-01
-6.144949499885080796e-02
9.734601701551286179e-02
-8.929637748788168961e-02
1.750680588441241026e-01
-9.272401131147754993e-01
-1.092843858547601910e+00
-5.826493912745300818e-01
5.620981564245552953e-01
8.343181459959848612e-01
-5.093154852045935765e-01
-5.032767927611995207e-01
3.255635918018345842e-01
-3.448904303626303403e-01
-2.870802584568143967e-01
-7.340408321456709517e-01
-8.960293969088146682e-01
-1.057701129252005101e+00
-2.044106927637898696e+00
-1.310197459332419267e+00
1.311375701972410379e+00
-7.601414087110187900e-03
1.448177901668128653e+00
-6.729362324578178622e-01
8.604829742183754682e-02
1.284271578224136734e+00
3.598007514658790873e-02
-4.138692841096115738e-02
-2.048320923333508403e-01
1.101224356485126954e+00
-4.613840412930406143e-02
1.247867766439667125e+00
-1.259393714830882027e-01
2.892400960469709292e-01
-2.497974862904395743e-01
4.791349607776822506e-01
-6.233073615535816847e-02
-9.635041994304820445e-01
7.164606356331043591e-01
-3.296904365427127392e-01
3.432281219334389899e-01
-1.362038518570654055e+00
7.883803497645719416e-02
1.999616072593935590e+00
9.976438368785554012e-01
4.843466369181926856e-01
4.124909994794953572e-01
2.323488901420498465e-01
7.819459544915785543e-02
-1.008645527030949784e+00
1.348343964230423742e-02
9.057383853914703353e-01
-7.063394088759678002e-01
8.367965389122318243e-01
-6.480681553313967225e-01
-3.925250218944438263e-01
-2.523409159374931376e-02
-1.107596459159975399e+00
5.209888061294181139e-01
3.846351772268482572e-01
-8.110063076534909099e-01
-1.306503801306249102e+00
1.089599755905493739e-01
1.991204418025241396e-01
-5.249791636272125306e-01
3.728351790068132887e-01
9.763726390394950050e-01
-8.198716612662708680e-01
-1.174415837385598849e+00
2.812882586395663020e-01
-1.631726761884829124e-01
-3.042717839168884719e-01
9.054211853623536088e-01
-1.037784102898349881e+00
7.208238482629990285e-02
1.120952349792120106e+00
-8.136460428421804503e-01
-5.648291750881929973e-02
3.790861903158507240e-01
-1.464991939345713923e-01
1.244838169419827834e+00
-9.791509290474637028e-02
-1.427325779674842421e+00
-2.327487686817485413e-01
5.040021390509543675e-01
1.224382574371595034e+00
5.948256250230807840e-01
4.463059503705766318e-01
-1.843684631684852915e-01
3.986759163674282735e-01
-4.153428963436228694e-01
-1.520906193856052857e+00
-5.705785227527935266e-01
8.495234925038809282e-01
-4.318936842741689652e-01
6.998748575893971868e-02
-1.160387402548192171e+00
7.352514278773857326e-01
3.804980357112773826e-01
7.106098465974753919e-01
2.437097240568106837e-01
-8.228963729405094907e-02
7.320256780159375976e-02
-8.479937027830677376e-01
-5.523561077104504058e-01
-3.574433350887151195e-01
-1.874813526945442899e+00
-1.453002521322991347e+00
-1.537785209789493068e+00
-2.240999075682255093e+00
-1.729202714741551627e+00
-3.316860166405717791e+00
-2.046881269681946058e-01
-3.530722699056624947e+00
2.079378290305438526e+00
1.976568194096913311e+00
5.835740993773566032e-01
-7.366308544450674844e-01
-1.191722632085099098e+00
-3.969508639544789830e+00
-9.763312418387107838e-01
2.609908595495082362e-01
9.247849434118473599e-01
1.638759879731126690e+00
-8.532298312074239055e-01
-6.945097751779009121e-01
1.558680067981466744e+00
-2.094197711805153572e-01
1.786584972519775327e+00
-1.096763220809811035e+00
-2.575087680015832881e+00
-4.065608294157323499e+00
2.393342710904089454e+00
-2.712418585499305479e+00
-1.572242248044731783e+00
3.302524881990647643e+00
2.038971454053264853e+00
1.134079750909751549e+00
-2.064221463016620461e+00
1.571625313158219850e+00
-1.668368302035623030e+00
-3.025214712338879508e+00
5.174211182880358306e-01
1.311892756630338663e+00
3.289240637449646343e+00
-2.627396398013165935e-01
-1.108698514353936737e+00
-1.898224975394529501e+00
-1.833642249004468372e+00
5.660421976550806811e+00
2.136487535068776200e-02
2.087949029143481017e+00
3.931332196647422395e-01
8.935553303110195245e-01
1.144183985002569681e+00
-8.522910628438327141e-01
4.693392912635043768e-01
2.930044871292045716e-01
-1.658887246944436011e+00
2.416098577062293806e+00
6.559752100572504574e-01
-1.453996440918997601e-01
-2.564324124403568050e-01
3.370141822449403968e+00
1.622533798754073886e-01
-1.919250275516176885e+00
-3.076078788798803476e+00
3.307677214906899366e+00
-1.511057804180780062e+00
9.939735171763830479e-02
1.625321983865785636e-01
-1.720889025390659022e+00
8.484711760329393115e-01
2.329104443857941575e+00
-8.190796981905354990e-01
-9.032318273480777204e-01
-6.811017446754134008e-01
-5.337672007046240230e-01
-2.311736208401911075e+00
-6.216839362706635397e-01
-7.963154023598711939e-01
-8.371362067543342000e-02
2.338388267716095203e+00
2.450255096233473484e-01
2.970199374872190656e+00
-7.795390942110511645e-01
3.491920197248236102e-01
3.066055608392472265e-01
-1.013683561028677182e+00
-3.798419556050647294e-03
-1.364428592176438082e+00
8.560879612534589844e-01
-2.212474928887010694e+00
1.120628418096312195e-01
-8.829883181126014779e-01
1.042297103709320938e+00
-2.371881591480995422e-03
-2.794146983272068896e-01
1.964175728827665779e+00
-6.359412798171044656e-01
7.703409497104027892e-01
2.167865541438782906e-01
-1.436902516427355003e+00
9.771256194387328842e-01
3.445163355734603083e+00
-6.107393978874611218e-01
-2.550080156719182756e-01
-5.732319094629088063e-01
-2.112310667703621858e-01
1.836114816492697699e+00
-1.127621073029987098e-02
2.004190943506434230e-01
-6.292145815618452875e-01
1.745304877643049091e+00
3.644118830485533200e-01
4.994524904887244765e-01
4.314466676079348195e-03
1.342142052525776119e+00
-5.965674670330667340e-02
-5.191080004239829737e-01
5.280755837161620059e-02
1.434475117875485095e+00
5.065592685313052845e-01
1.163889389295738264e+00
-1.270484004653797683e-01
-1.615554002000941236e-01
1.537688690076507991e-01
5.249394202233007567e-01
-8.559848594416340495e-01
3.450557027851596237e-01
-1.214116270557856064e-01
3.002056308326362388e-01
-1.884129578899029073e-02
8.640420950724001514e-01
-6.458230284631485962e-02
-3.232740139713071725e-01
6.236214539916742350e-01
-2.041738102855355508e-01
4.005244037267524093e-01
-3.197917594344910075e-01
7.424997837638322995e-01
-2.376008980776691537e-01
-5.180483591816397171e-01
-2.190949713818483247e+00
3.772224064806727339e-01
1.645080473585389225e+00
4.731071763262859053e-01
1.442267031785237630e-01
6.403946707619959655e-01
7.826461471579427842e-01
8.347649082162288403e-01
2.126374907931690705e-01
-1.772559742977989072e-01
-1.025630310003118772e+00
2.301382818813412778e-01
-7.496485547691021933e-01
3.488164603897381255e-02
7.098807053123235011e-01
-4.498103901716934971e-02
-6.512304567729707561e-01
-1.142711742413946130e+00
7.317557131127366832e-01
1.094804100224680443e+00
-6.459374309439087636e-01
-1.997942371298140563e+00
-1.819224858277754375e+00
7.287869991924793567e-01
8.509464333904751543e-01
-1.588102237284385598e+00
1.235183786091678670e-01
1.422360610774406897e+00
-4.824362403559553369e-01
-3.752548353834471162e-01
5.782478469077072525e-01
-2.384077355176020152e+00
7.908893562409347044e-01
1.132420155434377573e+00
2.177230304618764933e-01
4.537695861747890191e-01
-4.863611257880438576e-01
-4.752456371725714002e-01
-2.363902090819527957e-01
-1.202318957277426659e+00
1.154850219103478459e-01
-1.446081869110710016e+00
1.236519582481978852e-01
2.946921661329232056e-01
4.347877907560818711e-01
-1.267028353434810128e+00
-6.569431856599351471e-01
-1.398893376615673589e-01
-7.479935258230079320e-01
-3.666899876579312045e-01
4.710791119683487294e-01
8.470131695594065313e-01
-1.571695866944535336e+00
3.205599463047006381e-01
1.048497692100439360e-01
5.857306487689867280e-01
-1.103113696968709201e+00
-2.784691985337204301e-01
-2.348319016312364838e+00
-7.149579261995504531e-01
1.115460520338495964e-02
1.258382567707666544e+00
2.112422693647962035e-01
-7.077577824799137496e-02
1.612380838403050798e-01
-9.961247277943666156e-02
1.420804736739358920e-02
9.261632558469475862e-01
3.949234139093343865e-03
1.109601506936988224e+00
2.474207421455436595e-01
-5.396536530726711023e-01
-8.278960878541171686e-01
-1.427909291162953398e+00
2.851023516142979775e-01
1.042452493831824256e+00
-8.577248021638624875e-01
2.767215338720963924e+00
1.381304673652036907e+00
-3.160685696646790555e-01
-1.118344011435057794e+00
2.043893432693982826e-01
2.470040911889173907e-01
-2.915360599325222957e-01
1.442235015999434378e+00
-1.733711226562217878e-01
-1.701661744569074597e-02
1.197220125854143502e+00
7.690251148213456123e-01
-1.199744207181227651e+00
-2.037145476738471572e+00
-2.961634840833202720e-01
2.111747809899827966e-01
1.879374125736645862e+00
1.050687369310388641e+00
4.871649218343845344e-01
-1.116915103057854741e-01
-1.224178644161669216e-02
-1.210867963399486547e+00
2.619971916283179159e+00
5.063443540857756053e-01
4.676682622423478097e-01
-1.714691850749747865e-02
-5.214400705990750867e-02
1.329450005263066448e-01
-1.847955477608806685e-01
7.551782286926550514e-01
-3.598869305980731959e-01
4.813293349328530146e-01
5.232208630986686648e-01
-1.208870133701657190e-01
5.336150989442798309e-01
-6.706471985443624995e-01
-6.157074407476377242e-01
2.493599554320502509e-01
6.722250871841168873e-01
-3.909530850938012225e-01
-4.482106311549760580e-02
-1.173371313245641590e+00
7.357759550834728213e-01
-2.938884192787811211e-01
3.403916828544119588e-01
1.779795652832026898e+00
2.325622904553152626e-01
9.513591401968449768e-01
2.045413834154975741e-01
-3.366311289476671131e-01
9.903659164294214001e-01
-1.162951178073869662e-01
-4.315179981714156732e-01
2.679893185401246991e-01
-1.431538092218855307e-01
6.774670660388033561e-01
-4.059021442116317879e-01
3.385852482911749783e-02
-1.351000612827171432e+00
1.836134911436954620e-01
-5.207936188708097713e-01
9.009933692958620455e-01
-1.966398182615565760e-01
7.178763992419460171e-01
-9.947506150731202368e-01
-5.144993950434315622e-01
-1.844213392804352758e-01
6.591237170140383794e-01
-1.692878203371445955e-01
9.173627995082297426e-01
1.570173094435944883e-02
3.291643050388169955e-01
-4.528851313963663250e-01
-4.944453889160269622e-01
-1.153564765099165834e+00
5.630050572624994282e-02
3.373385976349654314e-01
1.768169324133535281e-01
5.815999532239133352e-01
-2.369073300004222449e-01
4.473396090094882149e-01
-1.248648107651759265e+00
-1.648836769978533900e-01
-3.775502180449387679e-01
1.342057776264308014e-02
3.859411334913964708e-02
-7.536133529548485477e-01
-1.471543585765520357e+00
1.608527468595663201e+00
5.459561564033276193e-01
1.179339136371082342e+00
-3.108135889336473001e-01
1.868857605165364644e-01
1.837314408208925998e-01
5.685942876955561998e-01
1.358517683728430736e-01
7.960238011784531720e-02
-9.897177756377199820e-02
2.101337423186532272e-01
7.253691283617519359e-01
-1.897475032979557552e-01
9.359581816311313140e-02
4.437874332904269137e-01
2.601584632936776997e-01
-2.179127815862390571e-01
1.120612088766006209e-01
2.604726283861190025e-02
4.368292237513818899e-01
1.490736247224611066e-01
7.286905403946764698e-03
-3.820733355322379898e-01
1.665775231694965330e-01
-3.108402173076731390e-01
1.433123857060900175e+00
-2.436370680352722973e-01
1.119380152972460907e-01
-4.015423523760821012e-01
-3.345504191049895049e-01
3.357513652889609346e-01
-1.480923892960454569e-01
4.205278626506671336e-02
6.057843839167215139e-03
-5.051437612195771587e-01
1.983308557807390571e-01
3.251964700954153575e-01
-3.056181850137857925e-01
-6.396813824300501272e-02
1.209287178208093283e-02
3.587232639195024886e-01
6.783071487932967880e-01
7.122548020500089894e-02
-3.917480408967580208e-01
-3.772047648478050741e-01
5.141138265678182329e-01
-1.578845644165074003e+00
2.340532473984895390e-01
-8.035904411324287233e-01
6.280401901093542183e-02
5.991201253333184873e-01
-2.867989335658749916e-01
-3.497654933901566121e-01
1.263424259086701307e+00
-1.868470459043300169e-01
-1.186695574642701922e+00
5.770235411890548560e-01
8.369318753276260292e-01
-1.475169000841987321e+00
6.425274579236427419e-01
3.906050990797640399e-01
-3.796531427339415177e-01
-2.903153016760876004e-02
1.440517569935493958e+00
2.949387627521548039e-01
1.301851690012652552e-01
4.508990527323505915e-01
-1.398112077334486836e-01
-1.580746802114080529e-01
1.399066604440589723e-01
7.025947532149923180e-01
-2.191012565981982629e-01
-2.567702284870262974e-01
-5.425137802274313525e-01
4.368519906805337083e-01
-5.087986072544057325e-01
-1.320503269498431720e-01
-3.919115790272192368e-01
2.534738584331541061e-02
-6.897514519724673443e-01
6.688458129003130304e-02
1.194364822033457507e+00
-6.721079011659001345e-01
-1.763356756348792853e+00
-1.051003437439805392e-02
-2.609291999160460729e-01
1.598803262191146324e+00
4.661419277983103182e-01
-1.284544425853483496e+00
-4.038592122167072862e-01
-2.401484240015826499e-01
-1.284686566418533404e+00
-2.633697075253031428e-01
-2.959504924782695445e-01
8.942594030482273193e-02
1.540039179837457972e+00
7.347263605318353763e-01
4.899343130371634492e-01
-3.296368205151603004e-01
5.279032165342668614e-01
3.541598249486070937e-01
3.563820507030820428e-01
1.363158929045845236e+00
-2.421062510310318938e-01
5.097617663562261647e-01
5.435595854344521527e-01
1.158493272281773401e-01
2.159811554027038505e-01
-1.359078290414249615e-02
5.270296486528522895e-01
2.292103245903996944e-01
9.705707431542327790e-02
6.931554774397147289e-01
4.079664875399213742e-02
5.126508648746774810e-01
-1.349343054828987976e+00
-3.496618758817610639e-01
1.438435577304420177e+00
-1.123032666054600170e+00
1.956416533303594329e-01
-6.797518780397463489e-01
1.607559472941443024e-02
-6.274617728331310929e-01
-7.788665799315837024e-01
1.247789195446147525e+00
2.257604260872130564e-01
-5.937530046435218756e-01
-1.014645457304848009e+00
7.336385075022650026e-02
7.718842496028864852e-01
1.160509044642845100e-01
-3.594483154233731326e-01
-2.373110661241903063e+00
-1.189554380254170818e+00
-6.445503796695195575e-01
1.065728557424156842e+00
9.710955048443160598e-01
1.590019219655948168e-01
-3.656324519595655631e-01
-4.039689245196674827e-01
-5.336486411777714434e-01
-1.076141096125281804e-01
1.281657621483606402e+00
6.536241239990178142e-01
6.345835378640728441e-01
3.492535547682371622e-01
1.477574266485729426e-01
-2.150852219790353459e-01
5.107120785513238337e-01
6.717949990263034632e-01
-8.650303278979658284e-02
-9.048385970136680126e-03
-1.633824747974956526e-01
5.148214570733676831e-01
-5.728725724716523526e-01
-3.691818337750974455e-01
9.585761927090766243e-02
1.005306230487588159e-01
1.529950826008139309e-01
1.039822943735382532e+00
-1.389702566276336260e-01
-9.405244581494656697e-02
-7.631412757725071216e-01
-2.706627363795026109e-01
4.994882415201378212e-01
1.202874545978413479e-01
1.426317232762535636e-01
2.759652021753906670e-01
-3.832276900427915023e-01
1.798804031602565523e-01
-2.119519302641744429e-01
-5.251038387461540724e-01
-1.308108087484918802e-01
8.422350018403851335e-01
1.529964947576852585e-01
5.568984349582210835e-02
-1.579242189242199057e+00
-6.858073321676909639e-01
3.659572744753230022e-01
-6.567870481013883266e-01
6.412077003309658574e-01
-1.237695130608507804e-01
2.089619890246344203e-01
3.465327709432627357e-01
-4.397606226844633093e-02
1.345131810638168224e+00
2.286351642650694960e-01
-1.414452455534979947e-02
1.015817792295911487e-01
6.651942099767236272e-01
-6.388370364142836877e-02
2.717318438472016151e-01
3.383920787467258884e-01
-5.075705185562142674e-01
2.572530174274729742e-01
4.457144254323627125e-02
-1.582196674789694557e-02
-2.827132398440126981e-02
-5.101389954621653455e-01
3.053238039088281841e-01
-2.457582942720837882e-01
2.253216128778489924e-01
-2.611341192533976896e-01
-3.558143329575516600e-01
-2.568988701868304414e-01
1.262380962076402380e+00
2.716722708312564460e-01
5.383298932297163608e-01
1.809302025722294704e-01
-3.156358653613074994e-01
4.740198640247604844e-01
1.615414468566020445e-02
5.954882532908678527e-01
-3.147468957432222880e-01
3.866314678209544775e-01
4.825808301977153880e-02
-7.712246707610127816e-02
3.498094834333461134e-01
-1.321912748664079429e-01
1.809609795844995261e-01
-1.590358776575404309e-01
1.976233136559809034e-01
-1.900206190390862915e-01
2.017290452813639279e-01
2.853715548761563414e-01
-6.344215169599612403e-02
2.037351499149902545e-01
-2.498498838165784941e-01
-1.719866456190283222e-01
6.968783476713592551e-01
4.934800596432891151e-01
-2.538102243402624580e-01
-5.174931010891949817e-02
1.046957229575516402e-01
6.176603308933482639e-01
-5.247275874707976739e-02
3.919124056954796376e-01
2.593013966342262999e-01
-5.753823793217809068e-02
-1.151973336801552117e+00
-5.974523698006114492e-01
-4.117519166430287370e-01
6.868048711214290725e-01
1.874105346900787616e-01
-6.750695514246474183e-01
-3.675156855967882108e-01
-4.466169500312875962e-01
6.902263107078128457e-02
1.166894610777634789e+00
-6.729145168914336672e-01
6.176743092967041937e-01
1.001749126857526928e+00
4.424046967270374164e-01
6.487331720112685662e-01
5.221041835134128117e-01
-2.915901475883629357e-01
-1.030597286292453063e+00
2.852702412709279267e-01
-4.036115212217915305e-02
5.032719478648314260e-01
-9.082209571586068175e-02
-6.086958156761188565e-01
3.423120982088250219e-01
3.100107828949975608e-01
2.975093167893458901e-01
1.272685820092342324e+00
-1.917653303284310717e-01
1.962310325224534413e-01
-9.235069324618166986e-02
-5.576397469356682290e-02
-5.598734427388275536e-01
-1.694601437213014705e+00
-2.598583339445959539e-01
3.542287698254556472e-01
-4.843066091875634083e-01
2.536549113999365668e-01
-1.939732458302502183e+00
-8.956479628073667210e-02
1.087774137320556278e+00
3.352841078651573881e-01
-9.982164445845241596e-02
1.048877089890831060e+00
3.337785525108292184e-01
4.321921366197057357e-01
4.320436947991849741e-01
-1.177708638210623326e-01
-6.240884318859334090e-02
-2.624772193417513888e-01
3.296114382489683248e-01
2.281374105529930807e-01
-1.443130798454550223e-01
-2.760802098447727171e-01
-5.344315800516216131e-01
7.498088897944884534e-01
-9.616806808996449796e-01
3.114641286788604607e-02
-1.342714613698703596e+00
-6.275934422897166964e-01
4.057920629504345178e-01
-8.779320989855440294e-01
-1.210879665034393593e+00
1.295468202296722326e-01
8.324088141830437992e-01
5.002050334190585312e-01
1.477962040446570979e-01
-6.295503938026503210e-02
1.927904520544546363e-01
-1.018258228431729417e+00
1.210001613654307029e+00
5.900134708050362997e-01
-1.048452603060319732e-01
9.451006234794171457e-01
-3.547383589913361002e-01
3.594087624513804258e-01
1.244845630498913891e-01
4.297579042206828293e-02
4.740105061057433011e-01
-1.339312041607896964e+00
-7.272326179872608265e-02
6.884187308337320899e-02
-3.852617007737819121e-01
-8.775305988623132158e-01
1.773853462222518829e-02
-1.218636740112310823e+00
1.067652329602077232e+00
6.169576530818040583e-01
1.253446824363172007e+00
-5.229528640051924748e-01
-5.146034229227269829e-02
-9.402362606771620390e-01
3.259901926201866362e-01
1.043967956116975460e+00
-1.137289750586230330e-02
-4.584989133197347466e-01
-3.058128209473335302e-01
3.067251984089844341e-03
6.996592922247675261e-01
-1.502481080335614227e-01
7.278508304875374035e-01
2.323087773891862606e-01
1.924162853078111371e-02
-5.523085729169170399e-01
-2.722452327905307556e-01
2.136944400830133040e-01
-1.522340388492734731e-01
4.171192057137628195e-01
6.239008209543601968e-02
2.266338477489727721e-01
1.177521173915236474e+00
-4.368630467363892461e-02
-1.509147312319606207e-02
-2.787487473542754959e-02
-1.758251819234709912e-01
1.438153189786660069e-01
9.106283003895411510e-02
1.955760194438589950e-01
4.000191474886882759e-02
1.075124475133596991e-01
-4.798958343572923835e-01
-2.636842909536965540e-01
-1.644420971646977092e-01
2.646207022315343882e-01
5.941243124169180712e-02
3.298042699806237876e-01
-5.076050318962470609e-01
8.314705206534935000e-02
-4.453171734420030559e-01
-4.073692733929356602e-01
7.107726130013053423e-02
4.995042285359666684e-02
5.025266400978706249e-01
6.966957057985617707e-01
-8.832169070012315659e-01
-9.074687954597882023e-01
-7.727582923646098001e-01
1.210418448295638993e-01
8.449773215072255983e-01
-5.294685050108310920e-01
8.241260601106654704e-01
-8.711208296585255528e-01
-1.652095562098651049e-01
-6.318149804214789889e-01
7.560189856216438242e-01
1.313273664241370042e-01
1.615888615268504247e-01
-1.036684665123198679e+00
-3.896858211999920107e-01
3.887338764975756256e-01
-3.518580201051316747e-01
-1.263406373351642076e+00
-1.503858170475214084e+00
-4.171748139441682768e-01
3.375786023536860858e-01
-3.854954772846634348e-01
-8.020217836852548965e-01
-4.454723230447449334e-01
1.216141941845831909e+00
-6.603619674345575508e-01
8.856896166507565171e-01
-2.142721768759006662e-02
-1.113704210996752986e+00
1.207887649309103750e+00
5.217058521669935001e-01
-1.776557648166618708e-01
4.902142218632405957e-01
-5.737782290096014037e-01
1.220522319692129543e+00
4.568245104944448354e-01
-1.273290017889359971e-01
-8.002015004215288219e-01
-9.726461767478333797e-02
3.215821227682997829e-01
7.821416411207365860e-01
5.845359029470653667e-01
3.734443163986855829e-04
-3.709103041635845172e-02
-3.014393704850750200e-01
4.110794057517579148e-02
-2.830724549450905347e-01
4.802293487007803369e-02
-2.194154563226030641e-01
1.736465550077018749e-01
9.166160942823238234e-01
-4.908634536597811238e-02
-3.606149456037531786e-01
-1.063329761141012630e+00
4.800266436194444153e-01
-9.312523236883305522e-01
-8.496566532802633798e-02
-5.444968595349400919e-01
2.121140110951620084e-01
-1.785118817268863456e+00
-8.512136705376422974e-01
-6.760739662842754072e-01
2.220199235252990483e-02
-1.493675915394532705e+00
9.438846246571551413e-02
-9.082698102764445724e-02
-1.933751418047869874e+00
1.923702203418948820e-01
1.867185848373043466e+00
-1.010696111700793320e+00
1.251269977898691321e+00
1.961817113293456150e-01
7.113897745782403748e-01
-3.759038336720453288e-01
-5.944806060153133842e-01
1.295755013502423614e+00
-7.661888385935630708e-02
2.609328387656634218e-01
1.365563596186069262e+00
-8.127977172331002365e-01
-5.241580466927995285e-01
1.065114689312849139e+00
4.018287463801472059e-01
-5.139937299560213280e-01
3.242396103929717777e-01
2.209158728456851739e-02
-1.116606295480899069e+00
3.520973624355827614e-01
9.154925078086960030e-03
2.765349431711670025e-01
1.056394307963940848e+00
6.812878027638491485e-02
1.732522033770524938e+00
2.916063723699168220e-01
5.488760452802617928e-01
3.544751471990282288e-01
3.484718141371404565e-01
-8.242792100006668399e-04
-2.398067450206509965e-01
1.786000747544052025e-01
-8.331954938106339581e-01
1.588851416711945408e+00
-4.669038327841785185e-01
-1.444269167899323580e+00
7.985993615883284213e-02
4.404450263909229224e-01
-1.577822039122195763e+00
-1.730702102517199137e+00
1.472936576120110530e+00
-1.696673718622216942e-01
1.961123143560146387e+00
-2.366642930285130508e-01
2.390548412246986110e-01
3.391942438645400015e-01
6.324459944384980270e-02
-6.984856968240482633e-01
-5.255246490842269136e-01
-1.967803001055135725e+00
-3.067125029393699687e-02
2.713291816352425556e-01
2.032514067298155869e+00
-1.482678626915709064e+00
7.708795385028359703e-01
1.063675856581278723e+00
-8.202182335532615109e-01
1.700887999491229596e+00
7.094743278655768481e-01
4.388993738484704421e-01
2.575379792224797848e-01
8.342513760300473979e-01
1.386838899564515337e+00
7.841447258187352887e-01
-9.764565723855654911e-01
5.095217431532511609e-01
7.135751701522224932e-02
-2.115329363080212799e-01
7.809882518811084307e-01
1.590230448549319053e-01
9.380652107635817361e-02
-4.097637210012295556e-02
-2.994331675305390017e-01
-1.044961520523325582e+00
5.676769952602673808e-01
4.077430033491601796e-02
1.005882314837856173e+00
1.714772574978854491e-01
-8.371661582326900275e-02
9.904704074038417350e-01
4.275744456935294813e-01
1.160315768134985992e-01
6.115559182183398779e-01
3.367792991981530260e-01
9.629186129750016976e-02
-7.562080494213702098e-01
5.814725548533867805e-01
6.201472969066367247e-01
2.707379979555294969e-01
2.356012816458653014e-01
-6.042480036921659137e-01
1.760708033912349091e+00
3.471890218092792829e-02
6.211737943036765852e-01
1.378463673443154569e+00
-1.140916195150257328e+00
-1.155418793057383098e-01
-1.477747914996435374e-01
7.471008342424485527e-01
-7.621750950307507599e-01
5.237566984130206382e-01
-8.247011109117576844e-01
-1.762969845841631245e-01
2.472828799608005612e-01
1.207114390572406215e+00
-7.391216466882664093e-01
1.401583610421865966e-01
-2.246950288665404971e-01
3.846907050428485242e-01
7.994907893799811927e-01
1.028915048951831723e+00
-3.285342176063489328e-01
-6.887873831225851395e-01
7.649479623744083467e-02
-1.199526878382986217e+00
-1.552101515298016654e+00
1.098100372485966369e+00
-2.099912528289434033e-01
-7.735321341967422715e-01
4.699551714300629346e-01
1.126456299778385350e+00
-1.141238235687923819e+00
-2.013296830194996723e+00
1.149447670639473923e-01
8.073144409662533771e-01
-1.506231969493510237e+00
2.308384150362466358e-01
-4.355836659645745401e-02
1.635315932384715065e+00
-2.640567029801635379e-02
-1.180000155535463335e+00
-8.793704222406510951e-01
1.070400632383059714e+00
-4.857926551448443764e-01
8.079918337080412849e-01
1.233272458463849253e+00
-1.220981094333572492e-01
1.816100120034800092e-01
-2.652901928693935374e-01
-1.022290253864510223e+00
8.246990103923508286e-01
-4.823113392878168315e-01
-1.445440414117998396e+00
-1.350405588973463411e-02
-7.437006143074669229e-01
6.352271520808588923e-01
-1.342099173056706007e+00
-8.824499621210821765e-01
-4.773745842269585538e-01
1.557609960341355348e+00
5.274627755971528220e-01
-9.411817040036338788e-01
-1.403104208154828836e+00
3.131369707698209992e-01
-2.713605612078223150e-01
8.478463833994169807e-01
-5.321340555533083938e-01
2.228211969687179383e+00
4.405762400864437489e-01
-2.894400909334403638e-01
5.089157501160319896e-02
-9.465458584595533298e-02
-2.109219518414010341e+00
-7.404037035463261196e-01
7.582969503905898634e-01
-1.335833528790133284e+00
-1.226220807884980113e+00
3.089009510643945799e-01
3.429090997852154654e+00
9.769694843935625705e-01
3.822658693619919168e-01
-1.370019722081818325e-01
7.896473528704118783e-01
-1.058614681295913518e-01
4.733856031767859074e-01
-9.179192061417476012e-01
-7.061099194875570806e-01
3.982806498566365816e-02
-9.127900142656911742e-01
-1.614977345795553854e+00
6.168160779333844435e-01
3.821662010961118794e-01
3.347689075778025325e-01
2.655063255884362317e-01
6.430937560822860277e-01
7.043738389257531152e-02
1.083446974178934097e+00
-2.745899158309895172e-01
-6.683826860055043229e-01
6.119043042651066688e-01
-1.762141102421493244e+00
-2.071926552853857739e+00
3.566686461819821297e-01
-2.129989286627842482e-01
-2.969851616754102808e-01
-2.551654208710829042e-01
-1.592025704090870519e+00
-1.576208857523885731e+00
-1.808495009047721869e+00
-2.958894873803948666e+00
3.056359019433282587e+00
-9.602423045655688050e-01
2.198665585306081471e+00
-4.715394026593287546e-01
-3.288465620833093128e-01
-1.262166003224832522e+00
2.610648942577211695e-01
2.747097485065852496e-03
1.470272956931783837e+00
2.701735304340507904e-01
-4.269137202435405731e-01
-7.630330961773256204e-01
5.752937940309513221e-02
7.984520860247832363e-01
2.417612117410722905e-01
-1.166204791325685525e-01
-2.169013723284462625e+00
2.414986348209325340e-01
-2.403088768218053506e+00
4.835007564615143028e-01
-1.314473033474341745e+00
1.753192595266553022e+00
-1.617303063349044390e+00
1.377290261909503766e+00
-7.692817358603848410e-01
1.664463741616073245e+00
6.280465582101462108e-01
2.524967945962286464e-01
4.376138411434941922e-02
5.184102939322051684e-01
-3.577789419616594913e-01
-8.057140880904929414e-01
9.895775114166822650e-01
1.527728203600861590e-01
5.822622234120470308e-01
-9.050617743624332634e-02
2.202564028296648768e+00
1.828874650985823136e+00
1.463386669690057706e-01
-6.442110872865962623e-01
7.043456881190408581e-01
-1.081367914390651275e-01
5.475226669679338354e-01
5.491914736218890258e-01
-8.570837804849965602e-01
2.743102874618738585e-01
6.765382655198877160e-01
-8.916968263030112807e-01
1.024952435267526968e-01
4.320666313690550431e-01
-6.649368256866756699e-01
-3.478722818727232879e-01
5.843816747325611405e-02
1.585077032903066119e+00
-1.230245002398856480e-01
7.736757234802800198e-01
-9.472406504033457908e-02
-1.045925206035934085e+00
1.610480304282093211e+00
6.468560651674980511e-01
4.453847055945208133e-01
-8.088789577107208251e-01
-5.467896504133701319e-01
-2.270463474564342388e+00
-8.407237900970643274e-02
8.413235212038729927e-01
-1.359082974348392536e+00
-5.374211911160924338e-01
-8.839703003229576472e-02
-1.532123404986032611e+00
-1.072471457204585699e+00
1.997377672368023660e+00
-8.746580328026470896e-03
1.655234371265287940e+00
-9.500310719285723904e-01
-8.427730346100128500e-01
-9.536895627945994602e-02
1.544746277708661353e+00
-3.660166789594538894e-01
1.012547439098670843e+00
-7.952975505796611166e-01
-2.717195487353731842e+00
1.660215817802493110e-01
-7.624207283791304413e-01
-1.336676621810515497e+00
-1.015905849784552339e+00
-5.329202384532436554e-01
9.742006030880430156e-01
-2.053303912638046735e-01
-1.067566433221073696e+00
-1.825388855413007771e+00
7.455337650413897954e-01
-1.749351965689729616e+00
1.200258076762214854e+00
1.016370234647963722e+00
1.783773462152327127e-01
3.967856798381916850e-01
-1.643947353494073615e+00
1.220869542571191069e+00
-2.629075788758440391e-01
-1.040821348714773720e+00
-9.783517213412309399e-01
-5.708792340510080443e-01
-8.283572010499039573e-01
-3.749602847195109945e+00
1.457659955404732255e+00
9.956393776816818697e-01
1.741657428841164812e+00
4.696571653180333095e-01
-9.395282141681426946e-01
1.137360089522944540e+00
-1.090866585870527317e+00
-1.544422978278578551e+00
1.069808817724879457e+00
1.019416641149148317e+00
6.007125013887093523e-02
1.539684090109977754e+00
