-1.238533668657252562e+00
-4.282569647376521793e-01
8.380103096041120470e-01
-1.656210750592310266e+00
-1.161426075127119706e+00
2.543436467009561497e+00
1.131886326776561313e+00
-1.973077788431879531e+00
-5.291805606057395917e-01
8.516697863596009999e-01
-7.476382497628816237e-01
1.146118423983357726e+00
1.218215956594981275e+00
1.544899830790655182e+00
2.495546282891822898e+00
-2.024739084823304058e-01
5.832455163992921188e-01
-9.036432689895689263e-01
1.841996384302991396e+00
1.597715718923843564e+00
-5.377525980066080180e-01
-8.486836429146104033e-01
1.452691351559180610e+00
-1.898916710158274235e+00
-2.047694246831008869e+00
1.469883658987261255e+00
-1.911341115383941025e-01
3.455394069999446760e+00
1.010776486017157971e+00
9.254543193533232293e-01
-1.799401927648290878e-01
1.082381531558406662e+00
-9.885948400554808169e-01
1.182138742867323122e+00
-6.427124421802423715e-01
6.504048159277794894e-02
5.045474660216672236e-01
-1.800607190336144248e+00
1.520439275255813794e-01
2.374661287070564342e+00
1.075071087707131889e+00
-7.037304677792335372e-01
-2.186415962170145111e+00
-1.174805044009399113e+00
9.028973512603225560e-01
1.902145657234780129e+00
-8.067730974058469062e-01
9.974454598763362601e-01
5.217447763088204349e-01
-1.187861490044184398e+00
5.960059287863295197e-01
-4.107290168896420846e-01
8.031308957371191548e-01
-1.905712849048264212e+00
-8.865707017517776567e-01
-3.722087277912676795e-01
2.029012259950898400e+00
-2.653812202508378792e-01
-1.413370368411483780e+00
1.895234189323254936e+00
1.339295825993075839e+00
-5.251155216021828886e-01
1.460294838397809380e+00
1.713414604117368345e+00
2.445485454024742822e-02
9.981472387415826764e-02
-7.161912856477022915e-01
-7.614818732118656675e-01
-1.816003308775623326e+00
2.894333369417664836e-02
-2.127400547112800133e+00
-7.782910220830150383e-01
1.741688811143309590e-01
1.169049356009774554e+00
6.972892312849329755e-02
-1.609069200277086775e+00
1.165658088483431554e+00
-2.399839810631362313e-01
-7.628924914386112643e-01
-2.202944982979981869e+00
2.290916700988658294e-01
6.066977409066660609e-01
-5.359547753400575321e-01
-6.967175535982728096e-01
1.019850195619395272e+00
3.637874715399003200e-02
-2.969728390555073649e-01
-1.576919622057557646e-01
2.843086637752567203e+00
-1.011770324589762016e+00
1.564604976887620902e+00
9.735350965797107126e-01
-8.113829782628802223e-02
1.569448589552791873e+00
5.932111908141625423e-02
1.013662379327271879e+00
-1.014074011583613100e+00
1.352850434229740273e+00
4.140733649295608165e-01
-1.693223160036674946e+00
-6.937265074779535023e-01
-5.281183098367182582e-01
8.635635216364396793e-01
-1.413477005181284163e+00
1.999440535011705711e+00
3.815864577873256946e-02
-6.898449367149643852e-01
8.111252323845666856e-01
-6.206202304613163134e-01
-6.204143449221295459e-01
-2.876390574972688130e-01
-1.473059008979396234e+00
-1.997430263074362777e+00
-3.848219240137032982e-01
1.036470356984139141e+00
-7.780512691042374973e-01
-7.016648517714265676e-01
-1.174899628055960654e-01
-6.417144579352678235e-01
1.156229665195261269e+00
-7.594643558507500058e-01
2.370034256106875459e-01
8.347877381409097852e-01
-9.604085123268051027e-02
1.256209800855065728e+00
-1.093798060883738099e+00
7.266677385486440821e-01
3.663971200481204171e-01
-5.978107355608917040e-01
-5.730382687038227951e-01
-1.048433900909527150e+00
-1.056770224820979820e-01
6.220851665005857623e-01
-5.158545076567936372e-01
-1.010201099442367800e+00
2.612915316986693173e-02
-1.407347255936330366e-01
-2.467645965999092805e+00
2.307217545946647907e-01
-9.448472608467233247e-01
-5.532925094345271244e-01
1.037249111525726297e+00
-2.335611313095786734e+00
-6.287492731366745025e-02
-7.087481241419381073e-01
9.271354198208729969e-01
3.784974773581094021e-01
1.446066617952292077e+00
1.775826987842114568e-01
2.863149227288949022e-02
-1.325954538371632907e+00
6.759565857355780416e-01
9.276951064461674834e-02
6.765271288293364105e-01
1.088681356842438719e+00
-5.467033270249652688e-01
-8.302758628610049652e-01
-3.358030525928126231e-01
-9.158084246821930618e-02
-2.245885067393635470e+00
6.905015509045557831e-01
1.279455598838781238e+00
-1.876181130591741963e+00
-3.748267468209057762e-01
-7.859295587248686932e-01
-1.355805041889081464e+00
8.138100306964495267e-01
-5.976689210138548258e-01
-1.766758152275506921e+00
-2.948106706769101137e+00
-2.637860148501349755e+00
1.512388348437095242e+00
-6.670317483284163851e-01
-3.397160637430380881e-01
1.692672433098324936e+00
5.304124255565415558e-01
-1.648653119859954774e+00
-9.722007924704700876e-01
-3.305185902658169250e-01
6.567774323343530396e-01
-9.883855674617426645e-01
9.392555082305520386e-01
5.469768375848522712e-01
-1.606190936621595400e+00
-1.195523273168379863e-01
8.915093999600859354e-01
7.815641805845041645e-04
-1.262969140556594150e+00
-3.069817048776022350e+00
-8.020081118653912267e-01
9.048621651532652299e-01
-1.519450130790195086e+00
-2.336438300909534416e+00
7.433467688579944999e-02
2.157127316465760614e-01
2.269003190411902793e+00
2.856515421219630868e-01
9.584739888867608304e-01
-1.833984370158479704e+00
1.767426845701374871e+00
3.281766709629234668e-01
2.480615309232329757e+00
-1.152048501619473697e+00
-7.950869231425614636e-01
-1.545095258246143910e+00
-9.481017916330779505e-01
-9.498032700683332052e-01
2.008727019329843877e+00
-9.041489892699872133e-01
-1.382696431566497797e+00
8.528058334541414043e-01
1.687627647263562292e+00
-1.017874280244532303e-02
2.533792881615620551e+00
1.431060472319543031e+00
-1.391146552705335715e-01
3.818424120065964655e-01
4.882174168698738548e-02
-1.136974927700251214e+00
-8.901702099012838154e-01
-1.813059445098269551e+00
-7.630448382508131511e-01
7.794797459941038564e-01
-2.621045107328853208e-01
1.244501640905566697e+00
-1.169254438213879199e-01
-1.879199308306012117e-01
-1.980754795754761322e+00
-9.495837874882500085e-01
-1.040152882297659342e+00
-1.109654431720836332e+00
1.045860099088102624e+00
-2.164967485659439639e+00
-1.013946785170834808e+00
1.503936466880391731e-01
-2.940166494331797886e-01
-2.998886382483395785e+00
-5.954885490508056156e-01
1.204508659652417712e+00
1.666484131968529514e+00
7.512547466514206684e-01
-2.055714136735474984e+00
1.031816880499689115e-01
-8.668999666883461241e-01
8.412858585923902455e-01
4.556726949247760783e-03
-1.692791483128085472e+00
-5.731713667141120627e-01
3.644833482788018220e+00
7.025544485010800644e-01
8.358949952795837746e-01
1.915754653998814394e+00
3.252175409318689869e+00
-7.085156286848318108e-02
1.541030868339261950e+00
-1.497260205323138527e+00
5.010374639123420515e-01
2.883798316339364121e+00
7.407018023393739936e-01
-2.609924533150937975e-01
-9.057606783252079019e-01
-6.885813476078767037e-02
-1.190290716671247750e+00
2.424311209576766046e-01
3.770377833103147336e-01
3.362530667228055270e-01
-8.163900145521638674e-01
-1.594420354904589610e-01
4.354926820412864386e-01
3.503129660791224342e-01
2.198256133182184546e-02
4.987068873384669088e-01
9.402367094948178572e-01
4.562508232852865442e-01
-5.671316280321470060e-01
-4.754537024633465614e-01
3.142213390750943081e-01
1.255769886622477571e+00
7.557409246405257797e-01
1.126956494804499942e-02
-2.918228552929082176e-02
-1.100968841318410663e+00
7.748499190834818862e-01
-1.335576095678050912e+00
-8.122234294911853669e-02
1.474036324211062343e+00
-2.339594528170375609e-01
-2.922990469317410800e-01
9.842076183892243257e-01
3.698901295319848015e-01
6.498969471593517566e-01
1.062120989245462610e+00
1.234275894121351635e+00
-2.086580979878198683e-01
-9.700879033085265668e-01
2.107244919106853187e-01
1.453801684767484170e+00
-2.359705753946149953e-01
2.038700121148276700e+00
-5.507915906699305530e-01
-4.216280677929036269e-01
6.277742341584212626e-01
1.699974826583018794e+00
-5.910742907143394786e-01
2.575657578896425326e-01
-8.199693278601860591e-01
-3.064902393216979437e-01
-1.422989348001461707e+00
-1.166886150949591805e+00
-1.484557248587889289e+00
-2.026796743879452911e-01
-2.218997802987818346e+00
-1.505360849903272014e+00
-1.300730240516012048e-01
1.658505915447312073e+00
-7.448059258224738466e-01
-8.586985261165837047e-01
9.073889905356216645e-02
-2.598507579962450187e-01
-9.183822713490294998e-01
5.687956805398954874e-01
1.175696442470035852e-01
-1.214904999536760011e-01
-2.022203904859118495e+00
-1.751899536145415937e-01
1.808101661627661061e+00
-1.184282917561706894e+00
-1.427122580626438708e-02
7.150820797357306802e-01
-5.635272699284209486e-01
-4.618974923321742532e-01
-8.978544219228485890e-01
7.582482532211587412e-01
3.121069687474020138e-01
8.268999294417327117e-02
1.618442708018458687e+00
4.761026368331164882e-01
-2.134325987299395155e+00
1.984901345126702243e-01
1.178468204105914241e+00
6.536242569728771823e-01
1.218712954532017029e-01
6.623141743206162335e-01
1.418003458080828505e+00
-8.894500435185181964e-01
9.481268172622194790e-01
1.202353995351201688e+00
-1.618758276395656948e+00
8.136695695362168301e-01
-8.992309791535189889e-02
6.924008956231660072e-02
6.784239331418548957e-01
-3.975256493784519729e-01
1.552627702095089379e+00
1.232942052839578473e+00
7.506493452593741011e-01
5.205438041804500982e-01
7.121232122654865826e-01
-1.607213510047827976e+00
-1.325732549471807242e-01
-7.453759424119625887e-01
4.289121163013031035e-01
6.156703908603885500e-01
1.037726838992035994e+00
-3.604745922472273878e-01
1.552953334816433495e+00
2.815202423876496107e-01
-2.366205237656979210e-01
-1.122667058298402853e+00
-1.982271310364965011e-02
1.355463906825862708e+00
7.518342438049270271e-01
-5.653638178669955217e-01
1.047333361060856838e+00
-3.099364456040308580e-02
-9.879565654158599664e-01
1.363823755987886077e+00
1.080991781700574306e+00
3.146865517761149866e-01
4.325858422200603015e-01
1.889874950156319455e-01
-1.539005216884079097e+00
3.282255132372270401e-01
-1.925015590071728511e+00
-1.601658785458755507e-01
1.001626291700941307e+00
1.397180016364199528e-01
2.450011984714445257e-01
4.765640496387497649e-01
1.450677318898772605e-01
2.559383925244891889e-01
1.108776025272764504e-01
-9.098600503479150614e-01
4.134941679914602708e-01
1.727113425653616696e+00
3.976513398402959365e-01
-3.746568654431725598e-01
2.428663713104892430e-01
-6.227226576472920383e-02
3.419773963769626168e-01
-9.478079970187784919e-01
4.405449273044310665e-01
-2.370155747951742664e-01
-1.050325962482866915e+00
-1.643740556882489212e+00
-7.114133585772919321e-01
3.583313156998618187e-01
-4.961523030266030698e-01
3.952749484360203458e-01
-5.012110695849379960e-01
-2.505014872707786999e-01
1.474110952776094052e+00
-6.184690696573510449e-01
1.090081529766132373e+00
8.221101810217983363e-01
-3.938826505630689256e-01
-7.947481478427955714e-01
1.110678820089575414e+00
1.048328186278452145e-03
-6.061644013652432994e-01
6.232575235110648926e-01
4.847275875765405528e-01
-5.703781327010021274e-01
6.943166562489760940e-01
-3.195533780521386813e-02
-2.605260985519328720e-01
-1.270546043947003712e-01
-4.137191451799575592e-01
-1.716397169631026232e-01
-7.203598733746809923e-01
3.405098494730990910e-01
-1.853563851640397608e+00
-8.540894677360147957e-01
3.176308717162061868e-01
-8.019856409754325677e-01
1.885922530988236812e+00
6.584777211341700243e-01
2.876551785820210538e-01
1.443813072166589273e-01
4.648141304103816651e-01
4.493758404192007561e-01
2.839832202804986605e-01
1.113484590092126858e+00
-8.706938096893254708e-02
1.205220742976514270e+00
6.394336103023190443e-01
-1.814415900007455285e-01
-4.585039645309185730e-01
1.555209176507732050e+00
9.032931011584913739e-01
-3.704758002338907064e-01
5.300089384169974771e-01
9.866854336972155082e-01
5.514084563582898335e-01
1.718505231841627734e-01
7.163907102174604802e-01
4.471125346166786585e-01
-1.158042154335237495e+00
9.804464590346149144e-01
9.840045974924425121e-01
2.465990710185529677e-02
-2.430937798441727971e-01
8.712522002375605590e-01
1.168809357985122865e+00
-3.432656079081768397e-01
-9.665311314943064724e-01
-1.057670163098262117e-02
-1.358483364528107140e+00
-1.042963024918362569e+00
-2.977101050093651502e-02
9.505707021938801793e-01
-5.519914949500441814e-01
3.109064595851402490e+00
6.328162725434595126e-01
5.350558517269206060e-01
7.530546206002038945e-01
1.244675769988551339e+00
-3.374655292387538918e-01
-2.572722195552787361e-01
1.232066182192598447e+00
1.581930606942791029e-01
-7.830016939312169910e-01
-2.387704840281244453e-02
-4.973606876220335593e-01
1.727660457332427901e+00
2.541807508568795226e-01
-4.407722132685081839e-01
-1.605682808723954746e+00
3.083565368160789411e-01
-4.218903309212473363e-01
1.311037987353310896e+00
-9.873819125579516021e-01
3.015311271193210629e-01
-3.887498377361152113e-01
1.447191672536157991e+00
-7.628278060779589143e-02
-5.841319996376375112e-01
1.115302642914987263e+00
2.848707909248569814e-02
-2.514128830701697903e-01
-3.559070027301839412e-01
1.446568401870866882e+00
-1.475343654471656385e-01
5.696619119791889174e-01
-9.991570343984629288e-01
3.541249419261852660e-01
-1.946420772665782839e-02
1.126636216133084512e+00
7.656879025850009401e-02
1.076827582178820242e+00
2.850342785448328198e-01
-3.712225572933710027e-01
1.376681032058232557e+00
7.173694962386512053e-01
-1.901099426944777571e-01
2.582892179451447001e-01
-3.289766948337481400e-01
1.049932779013896811e+00
-3.039371189580301197e-02
1.117214895289732945e+00
-7.868674500890729950e-01
8.423889142516446382e-01
-9.064972640198137865e-01
-6.486709332584563725e-01
1.752304685154721375e-01
1.082599379067102463e+00
6.824859876916353763e-01
-4.429317331828378501e-01
6.520165641504319654e-01
2.836425419574856166e-02
9.786423843976471693e-01
4.750345604425247892e-01
5.019250623020656832e-01
2.647574299690537369e+00
1.202636710532325737e-01
-4.237385177440720629e-01
9.912901384619322576e-01
4.988481774644388245e-01
6.370024510497129810e-01
-6.528075971807922873e-01
-1.224819115341114761e+00
-1.201974520804230062e+00
4.708743146245474298e-01
1.112558673858526026e+00
-1.020021246339166687e+00
2.515729629510823795e+00
-2.754666645647042000e-01
-7.763812853575033923e-01
-3.265471850418045552e+00
-1.246603529203438532e+00
-3.902458161196339925e-01
9.871328565647341513e-01
-1.623211171634328487e+00
-1.550876985789565010e+00
2.373517039616518165e+00
-1.823330974000882121e-01
5.856905899523280334e-01
2.843107652182136125e+00
-3.648412172680889909e-01
-1.251380533739084200e+00
-1.902603385198911035e-01
-1.095413128378299739e+00
-2.770289054361488645e+00
5.928470240485159692e-01
3.325019117362981724e-02
-1.208886034722834069e+00
4.622933770850055635e-01
1.919765776757152542e+00
-9.245184660502310525e-02
2.261048091315308040e-01
-3.158469215336956459e-01
1.063090281783019897e+00
2.846195475148701193e-01
-7.371774399754634777e-01
-2.299621715773124020e+00
-2.424408789933567565e+00
2.291382827189591520e+00
-1.702493291333781134e+00
6.072290126059838311e-01
2.948694707364769574e-01
9.031501418338666598e-01
-5.714851805573426535e-01
-1.458746780073103544e+00
-1.094325517403317294e+00
-7.880050084911703889e-01
-2.370005203806820893e-01
1.043586812165500533e+00
-1.125226656584736584e-02
1.662982765058320433e+00
7.255806136477294110e-01
1.700759293611009415e+00
8.491037604373561365e-01
6.788734144976936724e-01
-1.051300167952175402e+00
9.136027068639369642e-01
-2.993490558157705927e-01
-7.431336719582641859e-01
-1.236217106568670232e+00
1.575670164438620902e-02
-6.262244743508283973e-01
-1.602794617349613260e+00
2.443268764231904533e-01
1.163076684951079187e+00
-7.611481088761883340e-01
-3.412543788622857122e-02
-2.100540760843752075e+00
-1.689594884920030626e+00
-7.382657431893390187e-01
3.025971684984964383e-01
5.808762283134401017e-01
-3.218150497911896613e-02
-2.183745216350760021e+00
-1.544073286735202721e+00
-2.906727173166096190e+00
2.782099966788567968e+00
-6.844110450859738348e-01
3.140187866945710615e-01
5.549452832296738469e-01
-1.466264137926459821e+00
1.286557758706553312e+00
4.043572280544188713e-01
-1.218973092642024803e+00
6.999359993985353190e-02
1.027937281074258635e+00
2.597415377766187916e-01
2.555602078911503039e+00
2.186594767937934669e-01
-1.721412365283228885e-01
4.615441184954500731e-01
-9.761156148768038721e-01
1.295512732285072355e+00
2.077859457909290608e+00
-1.603654919240535270e-01
-1.105958089630509233e+00
-9.736425202853304928e-01
1.467319453956400288e+00
1.014652489056123708e+00
-1.289879125607575894e-01
6.012792857933655505e-02
-1.774718928429805387e-01
1.357886812129665666e+00
-1.943748183623920378e-01
3.935275526246805322e-01
-9.953559478266139626e-01
1.178599219460360281e+00
9.110834095624177342e-01
1.131795108379770154e+00
-7.388047671070325784e-01
1.502987260027836280e-01
-7.763403924566584235e-01
1.359021743165042428e+00
2.622427819396115356e-01
2.432145726628987814e-01
1.308722052669595293e+00
9.557446313428632489e-01
-8.008315797503222644e-01
8.254399306837241213e-01
-1.024458586123387693e+00
-1.649470913494193725e-01
-4.734326679313486941e-01
-8.229918479083901950e-01
9.748581961416965536e-01
1.025924933978842990e+00
1.327068347488838951e-01
1.448372286155473754e-01
2.480400828036823935e-01
-2.680518587555202337e-01
-3.665495641060998455e-01
-1.965830385100176159e+00
6.449486611600824260e-01
-1.240994736705168577e+00
1.080611281773261823e+00
-5.762060203413106318e-01
-9.025842833709091240e-02
-4.898545531472351944e-01
9.558979527279241051e-01
8.272018023160994105e-01
1.740394330887978569e+00
5.426810557425312265e-01
6.491356076422517551e-01
-7.790371156645576889e-01
-9.150577260530810830e-02
3.356389972469495664e-01
-1.198259955046456326e+00
-4.442347215966357954e-02
5.169785723821395118e-01
-2.727614493795796902e-01
-7.284633501734039118e-01
5.277667543560710106e-01
-7.133998325009194286e-01
1.315811871265216149e-01
-6.425241451307220908e-01
-8.232000135049498679e-01
-4.718626663633346263e-01
1.182634943446058795e+00
-7.918143450628217783e-02
1.129686224724050447e+00
4.206296218127374975e-01
-4.096237085688926582e-02
9.505297395267421623e-02
-8.664460330714215397e-01
4.188538310092890238e-01
-6.201287182116911600e-03
-3.307545746204933468e-01
7.815317664832777123e-01
-6.617087983186685507e-02
2.117560776800077704e+00
1.470549195876808546e-01
-2.288433827497225459e-01
1.671413808189648742e-01
-3.467301096550333139e-01
6.182038630372375942e-02
-1.501537113747448027e+00
-7.026694312609645943e-01
7.358408883768644548e-01
-6.463741151123152118e-02
-1.403128194333388201e+00
-1.026415154756428333e-01
4.188507985788496035e-01
-1.258574100633344628e+00
6.368179983540571687e-01
7.156448075968516731e-01
-6.796445315475554416e-01
2.654533492163922981e-01
5.325091722728022559e-01
6.933770821679914320e-01
3.198030242536672452e-01
-6.057026693708866816e-01
-7.348247996831756002e-01
-1.227505279473335154e-01
4.188682004892210209e-01
1.244679373812282164e-01
1.267909653173702411e+00
-7.498177726747333738e-01
8.399137182574574201e-01
-7.720356510700498998e-02
-2.601388695599956002e-01
9.167431845279147007e-01
-2.111008409894504501e-01
6.604116533002336864e-03
1.181806495475339780e+00
-3.606631448833105824e-01
5.120665828536358211e-01
2.913724194110506871e-01
-1.358892649795960528e-01
4.020950834887474512e-01
3.795560671276916320e-01
-1.345136786416379460e+00
-1.041937959338288949e-01
-1.026794883290555349e+00
6.946130380976192065e-01
4.724763375525199427e-01
6.730285848715853447e-01
-3.162693567874532569e-02
5.335202468850802626e-01
-3.878046583005498871e-01
-3.451509818857689260e-01
8.413162553916231357e-01
-4.296340659580089594e-01
2.382793532479438037e-01
3.609061753058060429e-01
7.592414648119868992e-03
-3.543689525923667677e-02
-9.464851519550585568e-01
-1.836241183185092885e+00
-4.891393460514818492e-01
-7.796157458742518642e-01
7.597623442156434814e-01
-1.039427937214125519e+00
1.710811444492716660e-01
1.832329848074342460e-01
5.901341089137753793e-01
2.287998041943618277e-01
-1.768375851351402739e+00
5.552746221920177305e-01
-1.568116578474693545e+00
4.514258574917902056e-01
7.415430114946186535e-01
7.749933208352799419e-01
-1.168838598125625738e+00
-1.445118429710181007e-01
8.936247449771940188e-01
-6.545824035069893743e-01
1.250106733109512813e+00
7.010553735226789929e-01
1.941406618700796338e+00
1.530447825292931219e+00
2.359294820761565215e-01
-3.009225212411734685e-01
1.485307105947495820e+00
-7.819401101960961054e-01
-1.768666926713541032e-01
9.945957666957658816e-01
2.385032762290271169e+00
-9.994206178322494194e-02
-4.523486115519105843e-01
-7.433512919474943859e-01
8.166348404474008671e-01
9.188426397887994312e-01
1.144658091788628429e+00
5.848800350624809852e-01
-8.174949604756057697e-01
-8.586368880620992572e-01
9.290955068853551380e-02
-1.094434626138492295e+00
-1.279092402248525329e-01
-9.684936275581365051e-01
4.302474628266484413e-01
2.106635709163194869e-01
-9.497541401614689738e-01
-1.912992079790950262e-01
-1.526733597543284970e+00
-9.048884731341317877e-01
6.804419411462653278e-01
-1.739008348082695887e+00
1.385725071507049044e+00
4.941783282004696964e-01
4.631204606904535392e-01
-7.998186296415887853e-01
-1.229805225994444751e+00
1.403479181129525521e+00
-7.775882897217301082e-01
2.324466135240616516e-01
6.356075223237546146e-01
-1.597985400901211217e-01
-2.318354807905354864e+00
-7.992788815879172670e-01
2.911147042997522805e-01
1.092928951094035872e+00
-1.028754129298288245e+00
-6.076597929710658708e-01
9.137884246270893129e-01
-1.443306100609081100e-01
-1.385752148947686779e-01
-1.660361888865970137e+00
7.578750515765703133e-01
-6.292155032367363621e-01
1.634508721789684760e+00
-1.418790790803856894e-01
2.960639016780112209e-01
-2.204514369014671515e-01
-1.516015117605698626e+00
-3.235608755052065133e-01
-1.552397217310625965e+00
-3.930911950084504669e-01
1.108682907123204053e+00
8.838437746253351435e-01
-4.477093911224990785e-01
-6.334647674860638400e-01
-5.220369322776455823e-01
5.403497493352323877e-01
-2.530913543309312175e-01
1.720852668188252776e+00
-8.074238577305101194e-02
1.605878398510531602e+00
1.397316526686647853e+00
-5.894297396305190340e-01
-1.600307700691258272e+00
-1.112920918222037647e+00
-7.652833523922777381e-01
-7.919582480146636350e-01
9.637628381509141251e-01
-1.241683669814653834e-01
1.952025813810934096e+00
-5.448686963168695163e-01
6.009844280982332698e-01
7.830483136597830018e-01
-5.351735189582229602e-02
-6.121605955713754765e-01
-1.833272265524329425e-01
-1.948143897150270698e+00
-4.197987913782735836e-02
6.158241157322106307e-01
-1.301757657471027674e-01
-4.597315877489752678e-01
-1.306784681832508788e-01
-7.695396162584103861e-01
-3.362628296598146882e-01
-5.848427115302362589e-02
-7.889320852916223425e-02
1.250700130702465218e+00
9.752556532670028089e-01
5.505034534916760647e-01
1.475756493480654130e-01
-1.366683442660143299e+00
2.217803851968902229e-01
-2.262955939843892539e-01
8.310320278220778567e-01
1.609042615029248058e-01
-8.612207076155173890e-01
-1.842567293366489611e+00
6.220567223625376174e-01
9.102997046219685195e-01
1.447374041496037433e+00
7.271561415959426622e-02
6.006271470216919539e-01
9.286864864653802121e-01
-2.646743509349785972e-01
-3.862729372493779456e-01
8.085058352089181943e-02
2.196984391465466868e-01
8.933854949237891585e-01
-4.451425745918737298e-01
-8.603256551844533639e-01
6.820155968825540871e-01
8.866442218406954678e-01
-7.296099858194996512e-01
6.206351285068377743e-01
-1.007199258714222223e+00
-4.914193279307580431e-01
1.367914869319682758e+00
-1.055825414527934880e+00
-2.315616895651529950e-01
1.439471711117958685e+00
-6.032640336250216784e-01
3.997368672471631745e-01
4.720727949867323803e-01
9.843976682354609320e-01
-1.316480154226809529e-01
8.121404775497461648e-01
9.442459674978836981e-01
-1.206119232089611637e-01
1.040650619301687119e+00
-3.653100845162253196e-01
-3.828546957962566943e-01
2.036144028683061213e-01
5.972024456405573556e-01
7.712490183786168130e-01
4.089881495139567891e-01
1.443443027221514852e+00
-3.642144568201577393e-01
1.162547717552836923e+00
-3.427325754258972457e-01
-4.024241775510544183e-01
7.995377318033449754e-01
-2.693342271582403469e-01
5.803420649563539868e-01
3.496621651766513850e-01
-9.099864702605395816e-01
-2.031562420923561429e+00
-1.652444983740406492e+00
1.247452451400986373e+00
2.850595355887802773e-01
-6.625008205062780098e-01
-1.853021511387371867e-01
8.145477095221337338e-01
-2.315399698130262696e+00
3.747193457840389819e-01
-1.742219905626374743e+00
1.405309550050818368e+00
1.094507167340718068e+00
-6.040677904820668243e-01
4.790382901579450237e-01
-1.079679877827748991e+00
4.556625530991265105e-01
1.504715635758594683e+00
1.306279720406008593e+00
3.202986186178258809e-01
-5.456109489373989208e-02
2.943091588914436563e-01
-1.472079825424859600e-01
-5.174757280116324409e-01
2.174664758780043838e-01
-3.287707355760494665e-01
-6.712710571813493843e-01
4.097794079862435157e-01
1.144694742613024063e+00
4.529033713480067058e-02
1.057440555816248906e-01
6.855559862284343886e-01
6.750426896593882953e-01
-1.243819034075321212e-01
-8.073462801313376902e-01
6.269783101478348941e-01
2.861767043049117665e-01
1.019824545838096119e+00
3.065216367393494568e-01
-1.418546383013689627e-01
8.974847341315105309e-01
-7.557567422525153233e-01
-3.976292072785692078e-01
6.904292560199206674e-01
8.310469059879754816e-02
6.745360820376720135e-01
3.189367175973434887e-01
-7.881189656375171548e-01
7.248949251460948262e-02
-3.411714848035547476e-01
6.942554258498988273e-02
6.197352622843121939e-01
-5.194100862583853756e-02
-3.075709396446458799e-01
-2.877889969701060702e-01
4.585066389130456610e-01
1.619021861195063527e+00
6.996859361535311406e-01
-1.054730369653809896e-01
8.398195984071467057e-01
-2.743774230472911801e-01
-4.854508076935093452e-01
1.415534573446461719e+00
-3.384610689981037979e-01
1.696753623223232199e-02
2.424058860397774462e-01
-5.244445310731618015e-01
1.498484287498667689e+00
-1.757035307207215347e-01
5.064544018704636441e-02
1.088630181920562601e+00
8.401147430197390964e-01
-3.693706559892016017e-01
1.050371204444099371e+00
-1.612353041907192308e+00
-2.933157305348385036e-01
-3.196003922194105146e-02
-1.265830421700324004e+00
-2.955616002235672557e-01
4.795209457161261901e-01
4.870334051854077750e-02
-1.451439028094757555e+00
8.621112513163271540e-01
8.491354708795818551e-01
1.486816798445678822e+00
2.688524731938315981e-01
-3.537604901575571725e-01
9.994157558533481311e-02
2.196799995341640332e-01
2.195738224986454046e-01
7.268291231316841294e-01
-7.097985536128507966e-02
8.219420844520169966e-02
-1.182599042897531039e+00
-1.312325126599621195e+00
-2.951817688598868394e-01
-1.444964619768068115e+00
8.242092899720621091e-01
-3.530302188312389733e-01
1.015652446136905196e+00
9.795264379074916095e-01
2.572892641762941635e-02
-1.169475206204174528e-01
2.078841323079683445e-01
-1.074864788714340325e+00
5.883441392304896711e-01
-5.033055066481921802e-01
3.800791395356482860e-02
3.952779873473137584e-03
-1.408029569981308793e+00
1.129564043247240246e+00
3.246127674564713850e-01
2.665689939973447387e-01
1.118657288172527631e+00
1.994303702748797535e-01
6.075803343506579468e-01
-3.566019195272094322e-01
-4.052346621543108651e-01
-8.914449531010915084e-01
7.417473245334462728e-01
-6.164255927005330982e-01
2.125753552604886742e+00
4.656558651776699365e-01
-2.207389069522038838e-01
9.976965832533890577e-02
-2.562306319504309773e-02
7.977284656510140737e-01
-1.050866165612177383e+00
9.866362801342771771e-01
6.986145632955890195e-01
-2.730923242093251657e-01
-7.115211134328766618e-03
7.221409322961069854e-01
5.560774177512567418e-01
-4.621625406734867214e-01
-1.041061431220063005e+00
-8.841316212661157747e-01
-1.355826721067846297e+00
9.851481934645807403e-02
-1.667943221373022755e+00
-8.517371395098356501e-01
-3.395887551502189128e-01
-1.838323035418695461e+00
-5.984245602480681159e-01
-6.063122207586312262e-01
2.721444183306127584e+00
1.421351538898356193e+00
-2.881053513131119903e+00
2.085079774895644444e+00
3.153989210091263096e-01
-1.635187668309306064e+00
-2.828719568412980112e-01
-1.658020933969979405e+00
-6.980982977237731868e-02
-6.475371784252010876e-01
-2.252868611784121899e+00
-1.379137847476509249e+00
-2.358262838002568307e-01
2.042204025076070462e+00
-8.180032555268390571e-01
-3.557602004704788490e-01
1.464861269174557723e+00
-4.218104340033290711e-02
6.746767897737171449e-01
-9.166306015483377534e-02
-2.990518605730401736e-01
8.032304335687269203e-01
2.635883202071523712e+00
1.354388444320262230e-01
1.312504287567068273e+00
-9.590226197479609915e-01
4.717914700018948082e-01
-7.142697712055868786e-01
-6.763063959380385959e-02
7.286540590901988690e-01
-4.225659601548387156e-01
-1.380956826534655013e+00
-2.876666198272258002e-01
-7.933503652672798667e-01
2.903609895533697527e-01
2.627335338405653253e+00
-1.505411657291341854e+00
-6.000828708672431011e-01
1.067995453216939783e+00
5.734740387171257670e-01
-2.743123521708064061e-01
4.800049409402514788e-01
6.775436354625098412e-01
-7.402692489434977707e-01
-3.233194051449759243e-01
7.085232680901271118e-01
2.383305922168610647e-01
5.284161334890654649e-01
-2.830614262798249459e-01
-3.085958998295668110e-01
-7.431111299893413680e-01
1.035777896955666910e-01
-5.922099703073402388e-01
-7.220176060464699175e-01
8.368940678610548023e-01
3.836363828994701075e-01
-1.754909076280526670e-01
-9.905944425570410716e-02
-5.800535317708885863e-01
-7.862032633747364496e-01
-1.766631327803712459e+00
3.545602031047246916e-01
3.261638720316123452e-02
5.296333061851627999e-01
-2.061372574874282826e-01
-3.297545988209382023e-02
-2.281744783946671462e-01
1.616750387500175412e+00
1.228362110914634209e-01
-9.911876536165957763e-01
-1.846556351840417942e-01
-1.243301064058619954e+00
4.648949871394846833e-01
4.030512454442936043e-01
-6.636735633238282084e-01
-4.683717292949746841e-02
4.184365734088809630e-01
-1.024650966319853751e+00
-1.095635574316793592e+00
-5.181470342226792702e-01
-2.148165282217790462e-01
3.049259717137847714e-03
1.092024114550740777e+00
2.775717916061296586e-01
5.659419683114167432e-01
-3.705722775958639192e-03
-5.032319668296501153e-02
1.897754419578180141e+00
2.381104299818725956e-01
5.916354675003343555e-03
7.333908690964808796e-01
2.926702647604572105e-01
-6.758149274656056749e-01
7.717443017751931533e-01
5.567384871829861304e-01
-6.684534195209852481e-01
-2.877455870918950165e-01
3.531435386234891838e-01
-4.710361649293506314e-01
7.573562503877731000e-01
4.347429649757625358e-01
8.778836536826921388e-03
-3.522362456375353890e-02
-4.634795468491554327e-01
-6.794187432874188026e-02
8.977475750207423166e-01
6.050805931453757669e-01
9.918548640113694637e-01
-2.621022591173942651e-01
3.392282951493340026e-01
-7.305133396730877360e-01
-7.758861491171510638e-02
-2.127517242053197366e-01
8.284061436042520210e-01
-2.603993963990941518e-01
-2.555086728813634189e-01
7.385263332305529449e-01
3.510610659352502161e-01
-2.146458405380999301e-01
-1.105457028372208272e+00
2.160523760417457639e-01
1.056929255572867321e+00
-1.509283744660363524e-01
-7.425735746993172848e-01
1.778100441524495201e+00
5.113332110476471737e-01
-2.088395416923043424e-01
-1.372286502268157682e-01
1.327017469514119308e-01
3.082135339427747867e-01
-3.293136831380995000e-01
3.935489200574916469e-01
4.137192251756270922e-01
-2.723805732136451718e-01
-9.934028203780187471e-02
7.665051336117711944e-02
-2.791177421590437802e-01
-2.252367845866911911e-01
1.007182154355135556e-01
1.416768502063696200e+00
-2.907114375143596829e-01
-4.428180965444159650e-02
-4.279281782837190962e-01
-2.225155260956254377e+00
5.927775932859659092e-01
-1.136819215719778509e+00
3.625277401250136533e-01
2.260914000552771419e-01
5.088277958097533471e-01
-7.306185573040011594e-01
1.046912741817451614e-01
-2.926593179257893085e-01
1.097200699878907226e+00
1.922479440753408486e-01
6.549583369094552632e-01
6.219396350829936582e-01
-3.320337304419943014e-01
-9.616847200614844215e-01
5.604279183673059883e-01
6.149864298430709475e-01
5.243469671202631577e-02
2.955564016770615421e-01
4.058448053722904514e-01
-1.598403290097868967e-02
-9.558681856233424146e-01
4.418830982788952699e-01
-8.595673844829332388e-01
-5.868653102907498420e-01
1.514993875685674452e+00
8.660328659211474767e-01
-1.550173377800301011e-01
-1.183538760397455369e-01
3.954082074337255115e-01
2.472978329536490438e-01
-6.132219691512165172e-01
3.070399634112886411e-01
-3.480810955936286089e+00
9.039299098516805353e-01
-6.446340593371933103e-01
-1.511507683110719036e+00
-1.594866481272117831e+00
2.650424351705722437e+00
-8.716693147315108803e-01
9.835540542983571832e-01
1.170868307457412216e+00
3.983687291434981903e-01
-1.546816618886071915e+00
7.693608386184178638e-01
-2.134400813075089942e-01
-8.516900036383439065e-01
1.382274770045885059e+00
8.966674447975218065e-01
1.515211841071663512e+00
-3.195089981561359815e-01
4.226367138503351328e-01
3.104461328824569266e-01
-4.940962654390948505e-01
-8.232855905311865508e-01
1.184906659116808036e+00
5.582929766158131191e-01
-4.953758278925192160e-01
9.026889943002207595e-01
2.305747011265642521e-01
5.507115862784719429e-01
-2.803216293469553144e-01
6.552575384033023642e-01
5.850382166762518876e-01
1.021084014806007412e+00
-1.545729591171587924e-01
-7.517634136694570368e-02
-2.247687584005238215e-02
5.337835673028952232e-01
-3.335270864132468538e-01
-1.688634344378635299e-01
6.181248973879476249e-01
-7.563263704733883541e-01
1.970301926702926198e-01
-3.814570469856369828e-01
5.000618695958183313e-01
7.445639301540376565e-01
4.273389310177703182e-01
-3.912521936414455337e-01
-8.999794906106459158e-02
1.156410041944672562e+00
-1.187576949581435670e+00
7.519168173010570833e-01
-5.532721376811240432e-01
-6.302143808131091540e-02
1.244588948642072701e+00
-1.541170414253804077e-01
4.254792846299169096e-01
3.181837512760085640e-01
-1.161535802461302613e-01
-5.913539622600030299e-01
-1.738595379086183557e-01
5.755468556602678226e-02
7.773173583905185202e-01
-3.081403561391707902e-01
1.062573797928129560e+00
-2.398197343578878926e-01
-9.589986982453967135e-02
-1.123154055889433289e+00
2.875981334809104006e-01
3.593137608930182525e-01
-1.110520097367219794e+00
1.322334497967756262e+00
6.276658409790326631e-01
7.301286252729638493e-01
1.264263391262282765e-01
-5.494724100428673985e-01
5.678736038552905097e-01
-4.345270404598996494e-01
-1.151678390674280295e-01
-2.639259088077770543e-01
2.813435428382238257e-01
-1.997540530565170003e-01
1.808086984452032253e-01
1.256997362235433124e+00
4.554320024665950428e-02
5.974147063240300426e-01
-4.918517958929898293e-01
4.669778960466425266e-01
1.060195662389159743e+00
3.805254497404352010e-02
-2.388921246649222119e-01
1.540965427861706594e-01
-2.169989081024072952e-01
3.696802181355630657e-01
-5.981360816455099094e-01
5.417431388974645046e-01
-2.153271796708175589e+00
2.331728354623939237e-01
-2.137900866343113826e+00
-1.043558970547971532e+00
1.640704843037101845e+00
-4.759733000700564487e-01
-1.238974918827594716e-02
3.112372337269656009e-01
-1.754105659236281811e+00
1.488426225384640589e-01
9.397710171977832205e-01
1.441235116124887083e+00
-1.842418881332258618e+00
-5.102604665755015034e-01
-2.577543070875383813e-01
-1.624364946281926736e+00
-1.649316837082626330e+00
-1.574571438988591643e+00
3.472025185040198414e-01
2.825219225616403262e-01
6.408771426666355353e-01
2.322588128477411029e+00
1.928812873600218580e-01
1.322958240907542660e+00
4.790636534785387007e-02
-1.448135616286173155e+00
1.023908743004051214e+00
2.490288481046873392e-01
1.904531001953752467e+00
4.183428686582582046e-01
-7.529195978721754390e-01
2.223636948208444486e-01
-1.731376448764672782e+00
1.307393046609484744e+00
-1.834505284446615314e-01
1.215173470302118197e+00
-4.362251266276729877e-01
-3.833138489804018834e-01
2.165316771022496756e+00
6.601090177903249367e-01
-3.845855176313911494e-02
9.814395956555238554e-01
1.008394458055402065e+00
1.217866134657474841e-01
2.400619763152775477e+00
-2.164503964041942785e-01
1.474155173430559573e+00
-1.478204738061930978e+00
3.366650437539674967e-01
1.722733180820457566e+00
2.890696802808731536e-01
9.773575193080843437e-01
-1.584440458344856806e-01
-5.612584412744408002e-01
2.989753506724295851e-01
-8.278824889252212049e-01
1.403640506787122710e+00
1.365876553365487356e-01
-1.631293371629684241e+00
1.386806078342056159e+00
4.922550145063905869e-02
-2.464276359770219416e-01
1.735610140974990889e+00
7.224418430692391979e-01
-7.416146588239422854e-01
8.923185552433243739e-01
-8.452841663492681734e-01
-9.603883547328033732e-01
1.336207822732193629e+00
-9.626888116582088539e-01
-9.307514443996581233e-02
6.307953502337051432e-01
-2.271084006656025611e+00
1.287870884236287150e+00
1.601960075684525364e+00
-6.005285045636612334e-02
-1.862328639844138101e+00
-1.304657120199202325e+00
5.369589289109305552e-02
-2.036447619643042106e+00
3.365540928588900971e-01
1.851181963240152051e+00
1.098620434322632178e-01
5.537624318396084933e-01
2.844028409225943799e-01
2.996216577058688491e-01
1.311553291922795239e+00
9.292199705121921838e-01
-4.653868375747673147e-02
-2.276700831259379221e-01
-8.303070033999491173e-01
2.544531024670313446e-01
-1.590988655749455249e+00
-5.513030156219408395e-01
-2.398625412229237863e+00
1.109819347847326165e+00
2.912293805958163784e-01
-6.834287981101713760e-02
1.337136709840085702e+00
7.452574104971614322e-01
1.260795420612626783e-01
-1.033387204864748776e+00
2.329545788401078954e-01
-1.702579848955042996e+00
-2.478206250488798890e-01
1.050593461133095374e+00
2.750026155193391331e-01
6.736192270366097024e-01
-1.270099782023021984e+00
4.276138601346867185e-01
-2.115476867428544683e+00
-9.143047609841323808e-01
-1.557168534380603875e+00
4.287457403216552443e-01
-1.564244438890853406e+00
-2.000853880004992202e+00
3.347317403419885373e+00
8.045932541960709727e-01
9.643225705985698504e-01
1.116085061664207068e+00
-5.384046749768141016e-01
1.299376252322454572e+00
-1.626861296143454094e+00
1.943597992389369811e+00
1.047590768183622512e+00
8.232367018003294845e-01
-5.942231318589515920e-01
-2.369473292408208476e-01
9.188004372747560211e-01
1.186772302930600098e+00
3.603346254319562680e-01
5.758820008457854467e-01
2.098606884228355063e-01
1.427947156975073184e-01
5.349264880675818068e-01
1.441808691328807235e-01
-1.859237470786379909e+00
8.493319789876110359e-01
-7.946128167973822709e-01
7.059964632452607747e-01
-1.486420691012744433e+00
-8.495738254696224567e-01
-1.688376743819610226e+00
1.965232746935934749e+00
-3.515455657773900455e-01
1.675673634717520788e-01
-1.500079442478519098e-02
-1.844693066836682993e+00
1.532742601377773184e+00
-2.938803825894777955e+00
5.010091141619158611e-02
1.846443348828663567e+00
-1.021892491332342806e-01
-8.089600972166463011e-01
-2.237471983471758241e-01
6.565380153098191451e-01
1.524059226621348850e+00
5.175344067366831613e-01
4.640364202789462600e-01
2.107042050041590259e-02
4.744121687237731755e-01
-7.553853196371083101e-01
1.235924511875291648e-01
-9.541858877751456802e-01
-4.296081771914782577e-01
3.774944912078574966e-01
1.195884619938013760e+00
2.035469785087736794e-01
4.914798088713531188e-01
7.343121905374216940e-01
-4.845847141423584303e-01
-3.528335702183588163e-01
6.035622370578440643e-01
4.819377093526259759e-01
-1.605109077364694325e+00
3.500891588651397157e+00
1.040719716067027401e+00
5.483384364735687244e-01
1.514316199409893593e-01
-7.259704270004661009e-01
4.936074858377503816e-01
-1.825181901339623103e-02
9.476733994045352105e-01
-3.638840564124347088e-01
1.302986533095684685e+00
8.213512709116400634e-01
4.876491170704732592e-01
1.513912390460304125e-01
-8.059520797867715247e-01
-4.293548825741035913e-01
-4.839711538491416887e-01
1.473772897901384660e+00
-1.191697930270965378e+00
6.508732234487255575e-01
-5.415358419198796902e-01
-1.569946286057520624e+00
-1.106219230339948734e+00
2.048908932652753201e+00
-1.093474173406037808e+00
-1.626856537261355262e+00
-6.518676060549875029e-01
2.876557536007915417e-01
-2.706662531289404372e-01
2.748815923862876764e-03
9.469062473757791087e-01
-1.335815905879674581e+00
-5.325927066421106693e-01
-1.600116880158475530e+00
3.381538759845355291e-02
-6.036727749233522511e-01
1.321159778773889348e+00
-1.672452875760123359e+00
1.072463636018967104e-01
4.968196683051677165e-01
-3.198139019735927846e+00
-1.544924528267568542e+00
-4.741036589843855564e-01
1.020330460269127104e-01
4.321590078473863672e-01
6.745497329861752100e-02
5.686340575220975024e-01
1.247350974717699457e-01
1.023156516319544407e+00
-1.765115970689651093e+00
-1.923378152980734224e-02
6.149626493250957004e-01
-1.098548076212382707e+00
-2.796843262667975671e-01
-1.954912059170468286e+00
-3.010735504230256376e-01
-4.927824605481358478e-01
1.033433279983438258e+00
1.522421253689121290e+00
-4.153047182952823713e-01
-1.437558411161014460e+00
-1.864758928860448250e+00
7.872588174411585538e-01
1.541297814341540673e-01
-4.781331735491780033e-01
-1.728043565085397582e+00
-3.557422389560783715e-01
-1.654076640937937326e-01
4.760221406400150235e-01
-8.363303069541605517e-01
-8.831500954446243057e-01
3.060799173162715991e-01
1.646145441698751322e+00
5.082867250018160421e-01
-1.183950128976592575e+00
1.248518059570649930e-01
1.106284196041501078e+00
7.150748156443318404e-01
-6.657109698019877397e-01
-7.123907123408074193e-01
-5.717985147066073637e-01
-2.171292405631647604e+00
4.126505790681747610e-01
-1.404160802506065231e+00
-2.341677623284394993e+00
1.367859565552897561e+00
1.567344640894534846e+00
1.044809401430065288e+00
-2.980652378010482551e+00
-3.228985436928942132e+00
2.740284583612473845e+00
5.225817333125409192e+00
-7.398938083948722877e-01
-1.838547517799378195e-01
1.455966447530276042e+00
2.455090539728648658e+00
-8.476617132960104772e-01
-3.899537789783828146e+00
4.603806177459062177e+00
-3.055246325486318248e+00
-1.523774645078827206e+00
-2.214276016133661873e+00
-3.318802862543934307e+00
-1.698248058560514639e+00
-2.276628422680529784e+00
5.173677217331267286e+00
1.204990090827178006e+00
-4.078519166844734478e+00
-1.782468504979551671e+00
-1.528010785795882898e+00
4.989536627015440651e+00
1.207105501365636435e+00
-2.070637741529717246e+00
-5.445432909424248180e-01
-2.002399522904767082e+00
-2.128583092931673804e+00
3.909139394363892794e+00
-4.035296309771783108e-01
1.826018521122393157e+00
-1.866928747330951488e+00
6.500693029534136969e-01
2.619657501897092011e+00
-1.182573940732485340e+00
-3.446580449870429774e+00
-1.565566726253173391e+00
1.052139094547747344e+00
3.624605025280107196e+00
-2.529068410160065561e+00
2.097764840474312553e+00
-6.645471518412120471e-01
-1.076228921588192389e+00
-3.540457146418456880e+00
-1.940672926291868050e+00
-4.562021651729036620e+00
4.694252817119240362e+00
1.895149805664710918e-01
2.332286226627991343e+00
1.008457836601744484e+00
-1.636774389821690434e+00
-5.183323153139587358e-01
-2.435080340777709407e-01
-6.371516622107392669e-01
6.486141429900604827e-01
4.012322220996701994e+00
-7.989782260157362037e-01
1.795005440423010468e+00
-2.640067867513706257e-01
1.121146288236058997e+00
-1.732352468545513169e+00
2.163035409392803921e+00
-1.340836577704061783e-02
5.758493200442743598e-01
4.741782473982479873e-01
-1.443354483815769029e+00
-1.714634939598534968e+00
6.328938222369033806e-01
5.927163330143286890e-01
4.269680435746607827e+00
1.936188032255791391e+00
1.555172052488007939e+00
-1.654207601586224818e+00
1.723066383540191371e+00
-6.262205117092185525e-01
-2.473889200477248806e+00
5.305075372920703414e-01
-2.164057463297800243e+00
1.830002982529010946e+00
3.688998517480242545e-01
-2.368535691232113827e+00
1.879675931063803818e+00
-8.838319113903914115e-01
1.595764744461819207e-01
2.046484012791482066e+00
-5.848451258641271799e-01
-1.264634032252916374e+00
1.815860226959311374e+00
6.803938930998402190e-01
1.285102283506762255e+00
2.912871780405729361e+00
-3.523553634756477759e-01
-8.107256700106857394e-01
-1.711207718118047394e-01
-9.857214348301307494e-02
1.824854003892864007e+00
-2.076442799251472682e+00
-1.217129166386508587e-01
-6.197048172367238678e-02
-1.366314867552721024e+00
-7.669589450577050105e-01
-2.343876563200160690e-01
-2.771466470112051161e-01
-3.266302432822760782e+00
2.665758662903791598e-01
2.703287761676453460e+00
-1.521278064058733559e+00
-1.510915910660220463e-01
-4.332360526642231036e-01
2.978652608868645135e+00
-2.681225140465801626e-01
9.710001343119890604e-01
2.628393138819290487e-01
-5.393325446534834589e-01
1.358830652057397170e+00
1.031071670421858322e+00
7.312947294693936673e-01
-2.211809626416125774e-01
3.768699580807788774e+00
-1.119022492110686606e+00
5.143733809660969714e-01
1.251629813729618013e+00
-7.023198073883878401e-01
-1.780465074942197079e+00
-2.778833108689093834e-02
1.149241288713362952e+00
2.100599257505490147e+00
1.213070084852293284e+00
-1.214865222487302998e-01
-4.057110916429177427e-01
4.193190035568616358e-01
1.690361821754287286e+00
-3.451488167696897813e-02
-2.300471453053508364e-01
8.261109953102027115e-01
-3.696856656963712906e-01
-1.684600716501505779e+00
4.142342268262431126e-01
1.089679992208249848e+00
9.809143328415669272e-01
-1.192388135652781900e+00
-1.130894349878079630e-02
1.667937937421393846e+00
4.448987887537130814e-01
3.968548418568130565e+00
2.999991793554308561e-01
9.071284507879157077e-01
-1.397217524172499115e+00
1.793950418418865045e+00
-5.379861293639156550e-01
-7.198018927205788176e-01
-1.577264940983702957e+00
7.187217084306262160e-01
-9.332986173208330793e-01
2.661042970162672550e+00
1.992761437022526894e-01
2.085508480866059555e-01
-1.272125409177337962e+00
4.547137529646101961e-01
1.271973641171611824e+00
5.095604552406174381e-02
1.759429749388630615e+00
1.384332311330420007e+00
-4.170236733692683773e-01
-1.825948116354195516e+00
1.765753271810302172e+00
-5.902154696437637849e-02
1.935038392425855736e-01
-3.451925075210427463e-01
2.551666733403978871e-01
5.611771573203387653e-02
-1.488905100447053043e+00
-8.025338806489109578e-01
-4.934921769384127410e-01
-3.938880582837328559e-01
3.704658383767626129e-01
-1.879521247162057485e+00
4.182569323288016783e-01
-6.347965692834262041e-02
2.320158063167638396e+00
-3.353602750566162666e-02
7.892604896824780836e-01
-5.854228090735941192e-01
-3.252936099320892227e-01
-3.970740029543620153e-01
-1.328495831644284753e+00
-2.244173165362543521e-01
-3.093812889664222104e-02
-1.295866573919832176e-01
-5.926241721231630954e-01
2.794852684815729127e+00
7.008570178201870560e-01
2.247844786216653401e-01
1.260262208590335220e+00
-1.797401268922490386e-02
-2.113520053187159242e-01
1.356836151891358089e+00
2.744700592816962104e-01
-1.506460461855213540e-01
-1.625784024753709756e-01
-7.949341133686563809e-01
6.394270947845492881e-01
2.196606136877949367e-01
1.261781830847933161e+00
8.382201711349988871e-02
3.531728948538749857e-01
-6.986876791055669500e-01
5.849080721511683567e-01
5.055478555959735942e-01
-1.153115924236390422e+00
7.972005072765488976e-01
2.986959556618669631e-01
-5.411047362242014103e-01
-1.461247625380297066e+00
5.998936626226070157e-01
1.928574739699276674e-01
4.459115600713462468e-01
8.852945635149362946e-01
-3.143624096778574115e-03
-3.284144324130636172e-01
3.274311563731181485e-01
-7.015338603433322884e-02
-1.997256481359758473e-01
-1.218201960615434842e+00
-6.676714961067077292e-01
-5.520233567533930907e-01
1.175027962035072870e-01
7.985772567088373908e-01
1.188880154048203019e+00
2.194683261102265553e-02
4.931792112887062318e-01
-1.423344544846918969e-01
5.056634960426462655e-01
4.679963047522410768e-01
1.099226487483189407e+00
-2.440626378862280899e-01
2.928288677457879796e-01
1.317732546102071689e-01
4.467860515357117701e-01
-8.843301502390885638e-01
-4.142098637618955026e-01
2.599624598172228240e-01
7.318250941548959387e-01
-1.220682156970145371e-01
2.626869032229153245e-01
-2.945451893777347174e-01
9.355967725006273383e-01
1.426350065885446938e-01
-8.596438262855062018e-02
9.643491365713732222e-01
2.093167478221573952e-01
4.566724743570200751e-01
1.232917273733910468e+00
3.639667872303475327e-01
-4.698803263434997435e-01
9.373357999991963618e-01
-1.623493420664980480e+00
-6.932609586072072116e-03
5.100806964126625154e-01
-9.015452419568461551e-01
-1.672789603325736563e+00
-2.629320016882283007e+00
3.139744897966691539e+00
-2.095679527414679999e+00
1.096109305974365844e+00
1.100061255721139553e+00
6.604377800348685268e-01
-4.973974450394155200e-01
1.605182715841518171e+00
2.837417213626981516e-01
-8.573919987888264926e-02
-1.800136451013863770e+00
4.218588230287597107e-01
8.175514483293684354e-01
5.492972611070232603e-01
-5.308183213475418105e-01
2.039349365154086158e-02
3.832239015906213631e-02
2.563665665402150018e-01
6.829087118598506922e-01
-7.467453059985155184e-01
-2.885936063193521584e-01
8.832024061252441438e-01
-1.475798630808458634e-02
-4.413323844996729917e-01
-5.965568493753099499e-01
7.739091029804985311e-01
-8.505705616050521778e-01
8.884596220877076511e-02
5.439135370101827460e-01
4.674511758188916732e-01
8.087743380456902109e-02
-1.235327549784472345e-01
-6.008568193947225744e-01
-1.296934742422456432e+00
-1.228004398067351066e-01
-8.113396535883006244e-01
1.057975725425037705e+00
-6.478301081242796022e-02
2.637766046607087911e-01
3.323146507508343284e-01
1.383319497113645880e-01
1.120457661249998349e+00
1.364573573714814581e-01
4.869389560285135587e-01
-3.375658263243211388e-01
-1.509439104682711030e-01
-9.764768802991846686e-04
-4.066568126698290042e-01
1.684917664534791304e-01
-5.789055373610152433e-01
-6.675306471084250237e-01
6.136497900071176126e-01
-1.346389321665211192e+00
-1.487097875038537298e+00
-7.879944629296051217e-02
-7.439330594851352174e-01
-6.795768735387952564e-01
3.283706316268175662e-01
-2.159967008311109715e-01
8.074857915721844748e-01
4.338842438657802281e-01
-7.144998663048583720e-02
-2.544895986282316169e+00
-9.200560879716189744e-01
2.462754901373302996e-01
1.140449438685920081e+00
1.348659461881167587e-01
9.722803707195134537e-01
-1.440258055082148381e-01
1.123812522442516171e+00
4.305801632106319721e-01
-7.899915550470579251e-02
-1.453881852201348024e-01
-8.455091748229400794e-01
-3.156807530756020053e-01
7.498606080781353156e-02
2.394713802876397568e-01
5.090327470388793518e-01
3.842199254053050850e-01
-2.857707566199732541e-01
1.912271311304296340e-02
9.508185222059679642e-01
-7.746217257158380387e-02
8.681749356688177599e-01
2.242009175242244134e-01
-2.127611760287990428e-01
-5.326853409457237287e-01
-2.590240473453770953e-01
6.246346103270613570e-01
-3.698427241858276426e-01
-3.655660164963382697e-02
-7.330322065799002029e-01
1.792043364118343640e-01
1.927556751457053796e-01
-3.990188518980151700e-01
-3.787026195900091707e-01
8.893193061307552716e-02
9.211257597254753904e-01
-1.392531215427126878e-01
3.351830980667663828e-01
5.544294952481380045e-01
-2.953085404436608385e-01
7.106003765498990488e-01
-3.838935570431384336e-01
-6.512294765953132725e-01
8.538805492658174678e-02
1.954982053986826229e-01
-5.591081181850093840e-01
-9.678890648533283736e-01
-2.210737407733522064e-01
8.990041905433572567e-02
-2.644544026267627718e-02
-2.682205113015950770e-03
-5.008756701163863401e-01
-1.831198579462040232e+00
6.959452115138653472e-02
9.445202416825749792e-01
-5.644570918737062959e-01
-3.842775637429658997e-01
-1.752875148193460797e+00
-5.023622926107221276e-02
-1.481887302212991475e+00
-4.868244197383029270e-01
2.250212355945787390e+00
-9.990217458336478895e-01
5.618098620110298924e-01
-4.472574705964960096e-01
-1.104746411309040166e+00
-6.309593259003333232e-01
-1.740245913091357011e+00
-1.315069785801740609e+00
-1.869375617280976343e+00
1.450604885684309675e+00
-9.967838689546357767e-01
8.837543588387887228e-01
1.568210184669282858e+00
-2.436196356960188825e-01
3.641031694329394108e-02
1.046121070504125505e+00
-9.975791630052076586e-01
-4.695880773577642553e-01
6.428689576592749866e-01
-4.702749130554925716e-01
1.235270272338125253e+00
5.126589517022507314e-01
-5.255676867436782224e-02
8.077003641627068520e-01
7.843691670526029003e-02
-5.587922127918093507e-02
3.953973963063420194e-01
-8.109681376533048325e-03
7.060791014351991413e-02
-1.107908838226452142e+00
6.243864623706050221e-01
-7.920824256952941900e-01
-1.989050797157991601e+00
-9.739680805356817350e-01
3.109507483398810113e-01
3.823806175456615497e-01
9.978724723811209785e-01
3.052846275726853187e-01
-4.825506296674504925e-01
6.247284035370930244e-01
-2.028155417614552203e-01
7.133163050341048694e-03
-1.008521343084358701e+00
8.392177896465590203e-01
8.599340458098930773e-01
-1.636464926389866459e-01
1.064343499555587158e+00
5.364615861449860690e-01
1.812950376412618692e-01
9.606052767667103143e-02
1.613715837170419665e-01
1.535799825352126557e-01
6.146156226794881050e-01
9.104660671197646327e-01
-5.431326688724441576e-01
1.478463592449661690e-01
6.014768211433409867e-02
-2.337063714127064207e-01
-2.515742807263765535e-01
-5.605577011436008172e-01
-1.164465357388209332e+00
9.008574349161625749e-02
1.744615590751284473e-01
1.853583881126389388e-01
6.755977980957539319e-01
1.345315140933068566e-02
-6.592121502007639577e-01
-1.897102516690060692e-01
-5.674281139428166698e-01
-7.438326287588932217e-01
-3.301556199358200439e-01
-9.050324839866066284e-01
1.287479713815816940e+00
-1.253613546261826750e+00
7.503892688945037470e-01
1.604500805974834243e+00
-2.670743643661934730e-01
-1.281311137762252972e-01
-1.387523016912208251e-01
2.514270008880972185e-01
-2.932231413244221208e-02
1.060022168279171950e+00
-4.140491144160828307e-01
2.148576917363110295e-01
-4.049569061608930820e-01
-4.884126598707329014e-01
9.069915157752289625e-01
-4.660738065179983458e-01
5.450157106987725264e-01
-1.523249918964450222e-01
4.556238825617774935e-01
1.308382959418685487e-01
2.436721182723606410e-02
1.762478181808433131e-01
5.730811753536688702e-01
6.416836232926810268e-01
-6.856750117683856338e-01
-4.120457395329506500e-01
6.418214427005610734e-01
1.048594772185104662e-02
4.638576634129700782e-01
-2.096745379985218496e-02
8.787470020828645756e-02
-1.552221145028960247e-01
-1.381814308716804218e+00
3.909086951227597750e-01
-7.099279241205725954e-01
-1.395618953040792809e-01
-6.284135592954907812e-02
8.535203986507209351e-01
-3.061968266046806164e-01
-2.065190290616341628e-01
4.003874142753990339e-01
5.301287428733280072e-01
1.810978723444816585e-01
8.247720442916768313e-01
-2.087731824140586778e-01
-5.661084226962872362e-02
-7.913969718579042523e-01
-6.495941189937869120e-02
-4.543209143617085721e-01
-7.343376824025988903e-01
-9.384158229996359957e-01
3.532477991149058916e-01
7.168134091459522628e-01
-4.185073152799625301e-02
-8.592480142021157175e-01
-1.282993626256829112e+00
1.254696038892660015e+00
-1.299523715944635116e+00
-2.684064522814144649e-01
-2.106916484766684361e-01
1.188313572390227835e+00
-1.114153655207611865e-01
1.197864321136557914e-01
-8.962562328238220244e-02
-2.390769867442900098e-01
-8.539769666936839476e-01
-3.254625411198336371e-01
3.037423958525941048e-01
5.422951899442121082e-01
-1.825526439890942654e-01
-6.060539258941443075e-01
-5.421687861527021424e-01
4.457249536741066942e-01
-5.236656406450896917e-01
8.815823156220573553e-01
1.069586662962169754e-01
-9.356830811622499078e-02
-3.516255608333886951e-01
7.315833492505822155e-01
1.439504298062868615e-01
3.916940700032717770e-01
2.968813645861301254e-01
4.724701209331730878e-01
-5.010454187946251636e-01
-4.174285316402256418e-01
1.149994248196619384e-01
9.577950668262867617e-02
7.770215774805675490e-01
-7.901969572889844251e-01
1.934250856171030875e-01
-9.960233824082712073e-02
-7.190847718774012742e-01
-4.149577118907135653e-01
-3.831294476899372858e-01
1.168609736850902830e-01
-7.376286355990101518e-01
-4.999566336550413936e-01
-1.201842426047403878e+00
-1.857743609966286957e-01
9.503400186172080710e-01
-1.049150236920398438e+00
-1.135207359310019148e+00
2.784002029707980941e-01
-1.321431500638939438e+00
1.884351657397307922e-01
9.428353815597463328e-01
5.603993301590930454e-01
-3.023403095805522467e-01
1.097598191564916226e+00
3.542055340960314352e-02
2.393516905675263928e-01
-1.156127882574058185e+00
4.508050633811155339e-01
-1.117029243726450349e-01
-2.535034427886956876e-01
3.806307416988262693e-01
-8.867503713014728284e-01
8.526510049589215434e-01
5.478194407353331741e-01
-6.016182761880918550e-02
-6.118780330626591990e-01
-9.180957036826280504e-01
5.408375961891224160e-01
3.282814200783624181e-01
-1.642581983919932931e-01
-8.631633343468303465e-01
2.502806762768843285e-01
4.015637518142557982e-01
-3.124287781400267860e-01
7.583957617780482385e-01
2.084771804570997311e-01
-1.652441520237651063e-01
1.046208930491648315e-01
-5.063338176775177280e-01
1.107998559239910807e-01
4.807001037798782073e-01
4.764942526562151448e-01
3.546405897875976043e-01
2.571197155574013182e-01
-5.037479259095781758e-01
1.753817435810902658e-01
-3.586309448801447419e-01
-5.752244056697752850e-01
-1.067307796703387490e+00
-3.558495140966185799e-01
-3.036902937023275850e-01
1.628188570576002692e-01
-1.098713868413895955e+00
5.724084121373246292e-01
6.698912417185466373e-01
-3.451451003460433153e-02
-6.927022394841735320e-01
-4.235585680994221613e-01
3.572852670013609289e-01
-1.643553872439192043e+00
-6.119803468716047412e-01
-3.359420484163453402e-01
7.046323451922158476e-01
1.897166590476979942e-02
-6.887091824441293753e-01
1.953203573475491839e-01
-7.777805492842151391e-01
-2.758102432821809558e-01
7.067955013019600052e-01
-7.711615155543856126e-01
-5.324802953989387078e-01
2.220236208309252501e-01
-2.830461572432113049e-01
6.101807814222250936e-01
2.025282920174032233e-02
6.788758340541840575e-01
1.143159578099541412e-01
2.301417345099215639e-01
-1.027552906255043697e+00
7.454040415009690612e-01
4.786598710180454963e-02
-1.139087098204743187e+00
-2.289738850369748557e-01
2.534878870856613897e-01
-7.964397096828559341e-01
-6.791420362435611757e-01
2.242105154190095484e-01
-7.126535704194800758e-01
-7.477943778291593624e-01
1.770435475218347654e-01
1.959425211752690438e-02
8.996185814265833525e-02
-2.554361685835201401e-01
-1.509311262680733123e-01
4.837018775677266735e-02
8.527209132654198775e-01
-2.357939972248110361e-02
9.574494711807401970e-02
5.215958576791103196e-01
-5.229950293917355886e-01
-3.123531168256901691e-01
-6.348899519658056656e-01
-1.207254045866529735e+00
-5.808571300254705694e-01
8.305203113902261958e-01
-1.054853191533772883e+00
-2.687058342975480185e-01
-5.681088720692603067e-01
1.567247407403589698e-01
-1.139546442947586974e-01
1.005450730411582949e+00
-1.536765967959218514e-02
-3.053810220960240795e-01
-5.659877229657622744e-01
-1.110047265036033570e+00
3.065645921046214473e-01
-3.338497005857055111e-02
-3.317578311895971743e-01
-1.242178452003960709e+00
-1.271603002130800242e+00
-3.124558469897283697e+00
8.078651091589166000e-02
-4.401002141280337732e+00
2.594522998787949675e+00
-3.294705059068034347e-02
2.050699592277427818e+00
2.105080369369934368e-01
1.555079000866465222e+00
-2.303163563263405655e-01
8.970148340186694380e-01
-1.900523021414720626e+00
-4.728327265091487597e-01
1.819444305825267671e-01
1.539377618992875174e+00
1.067620658938633060e-01
-2.994409558712430863e-01
5.371932420219700521e-01
1.638708183136542207e+00
4.730508516789601603e-01
1.345882776695370042e+00
1.641412845896591532e+00
-1.683521698903601260e+00
-2.107849057069427490e-02
8.048161270213538554e-01
-2.019763317026652238e+00
-2.747880028645302564e-01
5.017498062583507501e-01
-1.864929573547422503e-01
4.501920203812228016e-01
2.081071906848833142e-02
-5.142605004997227169e-01
-3.764061537755020725e-01
-2.621410199588857459e+00
-2.327986851100572463e-01
3.809117091734591787e-01
-3.468562312302342354e-02
-8.566328889712755412e-01
-9.716261353225774666e-01
-1.754101365057342043e+00
-2.716896420384416477e-01
1.876870152406746595e+00
-1.155923860523707880e+00
2.230744584445147893e+00
6.098995762888336225e-01
8.315896269524734041e-01
3.892053829095812323e-01
-9.446185034488200349e-01
1.148508878835906799e+00
-2.864998327519965859e-01
-9.682131260642453663e-01
1.183951326158662720e+00
1.771038201711083282e+00
-7.321604868988952353e-01
7.562800824981069647e-01
2.083533681738414689e+00
-2.663494756616210934e-02
-9.095294348497020565e-01
-7.019434911101035679e-01
7.048831418795108439e-01
5.888914950571561002e-02
4.836980871255688874e-01
-1.633727972690488806e-01
-1.535033562516059824e+00
-3.762178913251239543e-01
1.090916411099696282e+00
-3.294166408341882013e-01
1.512313168575586952e-01
-1.366916264557791250e+00
-2.254120609018087917e-01
-7.194943818906536226e-01
-5.759236175352178133e-01
-8.760760398741385124e-01
-1.312176143224318137e-01
8.877922602125398743e-01
-9.934935873778263371e-01
1.665067137717837653e+00
1.292380050374635880e+00
-1.479479073436947567e-01
9.724092556216209493e-01
5.294073156863671192e-01
-8.899310900850343486e-01
-1.099112158438260378e+00
8.438892383074976244e-01
-1.165850129334827345e+00
-6.508771142358203698e-02
-8.444741999125122689e-01
-3.172478904066131089e-01
-3.314574998521662708e-01
-8.580589952414908739e-01
1.585426020988299323e+00
-3.203176166444202111e-01
6.694446276130435747e-01
2.326127925567771926e-01
-1.094751875765232363e+00
1.853566369134365677e-02
2.356529298481479628e+00
6.850958017432046132e-02
-8.962917505580437760e-01
1.537791288406331613e-01
3.552332633482215840e-01
5.752833070476184307e-01
1.634701756266086770e-01
5.857759290003064501e-02
-7.690675155404680385e-01
1.325285100534428606e+00
8.683961296448747813e-01
1.505187138795955060e-01
3.822681915729144175e-01
6.481741984712867666e-01
-6.308347327726229747e-02
-2.718450306142483064e-01
3.268261723241530636e-01
1.406965242854021358e+00
1.805586632721556117e-01
5.143933194873009374e-01
5.398846857990816095e-03
6.812912204209329303e-01
7.629504446308148224e-02
-1.032036601470242843e-01
-1.242994118119472136e+00
1.386578628298000160e+00
-5.497476017413267524e-01
3.039095499809495449e-01
6.786473138953619255e-01
-4.002105123090062694e-02
-1.282315127636422525e-01
-2.269295661944313314e-01
1.396902262600754896e-01
-7.253392411705729126e-01
7.122134297068045683e-01
-1.988241361409063823e-01
7.098388574304594911e-01
6.924191038528660913e-01
-6.637795281419772708e-01
-1.423580443594661737e+00
6.926493434999109189e-01
6.284298815073994238e-01
-3.146159842722213162e-01
-1.731826793253005703e-01
1.615851994986082563e+00
-3.030000716389258386e-01
-4.651994253963409598e-01
6.848060053138635417e-03
-1.550607970837691169e-02
-4.772482419401116172e-01
-3.840312529833166399e-01
-8.649896159840861909e-01
-1.654245940259045922e-01
7.358223696902463917e-01
-5.100671040237493292e-01
-8.059186430948641622e-01
-2.597444731836365817e-01
-3.030656837209458887e-01
6.552885707275724059e-01
-7.904952627021787359e-01
-5.474623941968501661e-01
-1.683886132557662174e+00
-4.021730177080777846e-01
1.349574489377682429e+00
-1.014439947385146867e+00
-9.066897389906114491e-02
6.715506961592316859e-01
2.210038451556432804e-01
-5.520845458883913981e-01
-1.549426198179604253e-02
-7.128883922687970776e-01
2.700114494660155184e-01
-3.298598077081938973e-01
1.915227173276873862e-01
-5.240785440833423126e-01
8.322417049954647372e-02
4.919872825933770955e-01
-4.100765077866784236e-01
-1.210923165586438532e+00
3.293480606887063122e-01
-7.229937171228975057e-01
-6.752183929509816274e-01
-2.468851749751547753e-01
-3.383337983103975044e-01
-1.827299953386156472e+00
-1.307766546171719169e+00
-4.361712901248464003e-01
-1.998002060973031346e+00
4.341981263143390168e-01
2.072249214261733474e+00
-1.569450706618177094e+00
-4.445997879722975998e-01
-4.492229141259322933e-01
3.896130209762171392e-01
-8.026262881992873854e-03
-7.446856953611671326e-01
6.365597359299312030e-01
-1.285342492370284972e+00
-4.673196573556658018e-02
-1.056191921018861946e+00
1.808733116903727067e+00
5.256478088746507904e-02
-4.064632943687211397e-01
1.122138525260944375e+00
4.058740537263241244e-01
-3.061299223383803225e-01
8.322921700292348346e-01
1.216678268494040260e-01
6.101967848509550763e-01
-1.456209112292845831e-01
-1.495483861412333360e+00
-1.273573303598316830e-01
-1.704259487410435758e+00
-7.578108320119171515e-02
-8.493182379468575682e-01
-5.784870926782494926e-01
1.649911519534872584e+00
1.485990068543743492e+00
6.707392846629529615e-01
-9.339328292662079090e-01
-1.439317280150003153e+00
-2.001279247258821725e-01
-2.220892212361096352e-01
8.127845645314878409e-01
-9.962072113738928980e-01
5.859001706234643336e-01
5.237059976953715168e-01
6.703817060119303672e-01
-1.149340130168266194e+00
-1.076017625633344021e+00
-3.409723807645184124e-01
-2.947371112604153520e-01
1.268066871826802444e+00
2.562772903691809212e+00
7.783520666807700605e-01
-1.052322819360871131e+00
1.299538338232607282e-01
-9.168932548999474408e-01
1.638577339245563369e+00
1.206465914741634116e+00
-4.543843775575873156e-01
1.066822233684244337e+00
-2.905092011789370821e-01
4.751229359496499938e-01
-2.036136894131492514e-01
-8.817476074814422082e-01
-9.550110139466472248e-02
1.071445429351705281e+00
-4.277658617798462681e-01
2.005723508445673153e-01
-2.107553213116038215e-01
2.467011890081023118e-01
-1.198138542694512143e+00
-3.895111590361698961e-01
-4.417174448036194634e-01
1.640965610038292444e-01
-1.052461498806057438e+00
-2.809861013763808035e-01
-3.570008920227460969e-01
-9.425109203185528806e-01
5.873601067126154041e-01
1.286082436555215036e+00
-3.883569838662043194e-02
9.263508384910076332e-01
6.084830735128108348e-01
1.853456614133034419e+00
9.151111672795975149e-03
-1.406642236108561483e-01
6.713804162952934085e-02
-2.074887559350769850e-01
-8.221121747146567516e-02
-3.819616602448575038e-01
5.798613969152012215e-01
-1.396953772496267066e+00
6.269502520525778444e-03
-2.596837120985560077e-01
-1.042438606387167566e+00
-5.215373355956991475e-01
-1.229296932904898471e-01
-2.454956856548992650e-02
3.522055161419747615e-01
-4.058156767016029010e-01
-5.076484531486403773e-01
6.166281507449881127e-01
2.468404343187534655e-01
7.041559948208209185e-04
3.658060463142583929e-01
-3.124248275334940983e-01
-8.020402559234104389e-01
-2.419014573420187608e-01
-1.491069658638658479e+00
5.412960097978596341e-01
-5.795763773984690115e-01
-2.364965744080019250e-01
1.171749131827586776e+00
-2.013515606803434888e-01
1.227786611396055605e+00
-7.770930792846750812e-01
-7.698540582582109604e-01
-3.137657188622934856e-01
-2.757352293310796898e-01
3.129729215116860974e-01
-1.282396483813655452e+00
-8.632530629125005905e-01
8.081952691512424014e-01
-2.978731127124740197e-01
1.151939508706309567e+00
-7.739227880618464450e-01
-3.734920650503883999e-01
1.862892689184137973e-01
1.282903715519844168e+00
-4.591994834876908516e-01
6.363595993809199047e-01
-5.957624194956485653e-01
-1.354378041426394508e-01
-1.917149835958606163e-01
7.280688657521271479e-01
7.857936268758466403e-01
3.795299651685441478e-01
-9.619366710830144773e-02
-2.450427794834959816e-01
2.605792903254071646e-01
-3.882830007823567103e-02
8.433441124699236902e-01
3.551336715777836384e-01
8.290235058739908736e-02
-3.012271335490250279e-01
-4.861846934126277664e-01
4.542746501909998291e-01
1.304587670504845365e+00
5.997493731663939842e-01
-7.538323783974510972e-01
-4.778896007682789659e-01
-7.450770324308541026e-01
3.153757342425143051e-01
-4.251093438770121857e-03
-2.471394523064197601e-01
4.219518534372825314e-01
-4.215501173102436105e-01
-2.685600402045803733e-02
2.851474199976439250e-01
-1.828158369159273988e-01
-2.893561071921470496e-01
1.731071194245709932e-01
-8.442890049379726536e-01
-1.130083070856498617e+00
3.592160249253352200e-01
-1.059471469247106112e+00
1.878215667822450419e-01
3.592348789617296201e-01
-7.695006084916893307e-01
-1.345417164314276492e-01
-4.177156871493695744e-01
-5.674076106548969767e-01
-4.157759419651772814e-02
-3.968570384348190094e-01
-3.040312955917673365e-01
-6.485019797622414428e-01
-1.140585178234039043e+00
-1.612032049361528108e-01
4.566118399028589736e-01
-1.870729732541591694e-01
2.657878005056663051e-01
3.440755963242065896e-01
9.099980575584601383e-02
-5.399975435417587732e-01
-2.857177001647256964e-01
-5.649375765419781814e-01
1.833577086037788462e+00
7.242026041584967988e-01
-4.366040019270738815e-01
1.675269852828842054e-01
-2.935935048428196525e-01
-8.274956629261475127e-01
-1.755100165876451457e-01
-3.921117671966541929e-01
-5.268835389816375891e-02
-6.197010680452175180e-01
-3.723689781953518629e-01
-5.912876015628699689e-01
-4.140579150764728267e-01
-3.964780850923252942e-01
7.557216439053140444e-01
2.391258204860206849e-01
2.179557169879293987e-01
-1.299520847480018837e+00
7.118087891216209329e-01
-6.198908278140684569e-01
-8.126342479103856875e-02
8.241914000566445964e-01
2.304523222500409751e-01
-8.161490160210091993e-01
-4.557480785782161981e-01
-1.883935519555859361e+00
9.374425858098635045e-01
-1.150445293613588937e+00
2.274666048408707231e-01
6.873538790113998820e-01
2.996106558386208985e-01
5.341234494028443969e-01
1.067864478021391117e-01
2.014799827970369800e-02
-9.395094140107965730e-01
6.601669773062665003e-01
8.519546120024175107e-01
-7.020854071725423085e-01
1.817543683531896159e-01
-3.657048115862568394e-02
7.711449265234758821e-01
-6.506849013621404110e-01
-2.455769056343352075e-01
-3.019585316032344369e-01
-6.916860920709098082e-01
1.260622502702977155e-01
1.440819654271006112e-01
-1.903269553192598607e-01
7.767282582783594513e-01
5.240786511773491974e-01
3.377100761640726423e-02
-1.533831407389189827e-01
1.305936866194260249e-01
-3.470199126248728616e-01
-1.403514473838290311e+00
-1.223002948529523293e+00
3.126101385053953741e-01
-7.194289978970652699e-02
-1.341822737035345048e+00
6.772720821360968257e-02
-1.376397579643065860e+00
-4.099744010578944553e-01
-1.630186284896525617e+00
7.640105626369959602e-01
-1.325868553116921866e+00
-3.488842129626273381e-01
3.968769661879900656e-01
-1.892365885314875928e+00
2.849592305295682859e-01
-1.386765148125073566e+00
-1.225707338567690652e+00
8.407522120229695695e-01
2.582476189136156952e-01
4.099422322381361949e-01
-1.686427464149863886e-01
-2.384361789925267594e+00
-3.889061574031300594e-01
1.867734898837891677e-01
-3.135930093366572913e-01
4.440504234766732838e-01
1.617428917975310076e+00
-1.286315263193087644e+00
1.544878736826367671e+00
2.778568852715785353e-01
6.699438056076654213e-01
3.515082558313392114e-01
-2.148822859674183183e-01
1.300689418351542059e+00
1.687660207876081897e-01
-2.857975707705258106e-01
7.487770088076423081e-01
2.914457856267571589e-01
-5.190273230932136439e-01
-7.533251082160451473e-01
-2.134632140135495626e-01
9.252380823903151308e-01
-7.738878012077305968e-01
-3.716864445990374077e-02
-1.235922048966139331e+00
-1.054872126050727943e-01
1.625913100923728649e+00
1.055089826909024531e+00
4.096609054076471024e-01
3.090576711048717562e-01
4.225892854472984572e-01
5.502954670477190335e-01
-7.314133034471185027e-03
-1.033608887822470956e+00
-8.086027752970154081e-03
1.015007053805234483e+00
6.543493266700827204e-01
-7.919191968431119610e-01
-1.216112313140812251e+00
-1.741214888851307929e-01
-1.364299772153530488e-01
-7.562478725500612620e-02
1.772486274827189900e+00
1.182938029505640753e-01
6.739065173677685205e-01
1.432575376457102756e+00
4.259131466215159145e-01
-3.001438555360185778e-01
-2.383476968174254029e-01
-2.367004825169250481e-01
2.001452287187187040e-01
-1.507660227218734217e-01
5.002379597349883023e-01
1.497813640506950872e+00
-6.992733551093134325e-01
-5.764659244341376887e-01
-1.082188606688508081e-01
-1.382606151889414214e-01
-5.199705288630407374e-01
-1.924476709040334743e-03
-1.500760164071615055e+00
5.528935820421154723e-01
-7.194500234546137296e-01
3.317260374082974250e-01
-5.431391864098195077e-01
-1.796471648867132287e-01
2.132988986948383681e-01
4.310163264415270423e-01
1.800728059861904651e-01
1.827891503602057099e+00
1.039553843727861526e+00
-7.174183253198204158e-01
-2.491185789198795131e-02
6.738845123716240559e-01
3.095388717094849085e-01
-9.894212754876603455e-01
-4.618808565279522993e-01
-8.224174403285866575e-01
7.763585384190188066e-01
-5.614708061715489862e-01
-3.241088908217973907e-01
7.842185831144575514e-02
-3.011555093406148020e-01
3.719528866125578204e-01
-6.967251415149365856e-01
-4.320224227838300179e-01
-7.261827284132011950e-01
-5.038401100664066101e-01
1.337172329012109584e-01
-1.084057714392944405e+00
4.635769507586530169e-01
1.268471665094849987e+00
8.212983001353166834e-01
-1.391564415174165736e+00
-2.048317052032633256e-01
1.984415635830871216e-01
-6.717705564117346650e-01
-9.146705644300696658e-01
4.240582085821761327e-01
5.858111182481053891e-01
-1.450871904956753777e+00
-8.876632558829937736e-01
-1.959511639648989223e-01
4.660153276040338577e-01
1.067181262426506461e-01
3.504435230049993688e-01
-2.058698910948169591e-01
-1.116739097366442168e+00
1.247524707362584057e-01
-1.089460764890107236e-01
6.169883687064864342e-02
-3.646233820261644554e-01
5.850993017450208944e-01
1.091635770219851143e+00
-6.370822404572877851e-01
2.729742705969238070e-01
5.435834564781222289e-03
2.263329544404776295e-01
-1.437094436794924768e+00
7.329796334144869085e-01
-5.367484242344854745e-02
-7.154001633206900079e-01
1.263275814322322721e-01
-1.452248766937326963e+00
3.043329857519961323e-01
-4.727988718595219630e-01
3.985788996511786531e-01
3.349716885423259516e-01
-4.952830519311776092e-01
-5.951562854163252592e-01
-7.642048632037704570e-01
8.426038458728749569e-01
-1.351006652916270312e+00
-5.686226822012218074e-01
-1.897198735692590399e-01
3.192157151161584272e-04
-4.741596535460917972e-01
-3.679425813959336655e-01
-2.859309529201416455e-01
-5.966860810013476790e-01
1.292051572505080514e+00
2.615964913862802166e-01
-4.031175962546725833e-01
8.860199441365214090e-01
-2.914073965610350370e-01
-5.446073044871360125e-01
3.251454432920164450e-01
-1.767848272604439774e+00
6.025263859957568080e-01
1.225952365946822581e-01
-1.404886716335974894e-02
-8.745987057097669159e-02
-6.912650669105799839e-01
-1.596690113454380944e-01
1.071375321553283300e+00
-5.891328830999977839e-01
-6.224663963921254206e-01
7.244789989758626536e-01
-1.106883063819516400e+00
-1.092402891385771957e+00
8.853591942840557949e-02
8.143529500691705503e-02
-6.913919278676592395e-01
-5.951121434210483452e-01
1.485708121715297036e-01
1.088519866009133974e+00
4.972918375762914733e-01
9.298375302326614689e-01
1.375011227822615645e-01
6.065810010351324610e-01
1.444616142695863414e-01
-1.737772870180565865e-01
1.941873241301053987e+00
-5.956699065235160351e-04
7.317520110762547603e-01
-1.847354957444855006e-01
1.557739320312639730e+00
-4.283207849830414915e-01
-2.414840719589891049e-01
1.223680558104336402e+00
-7.936717939976484226e-01
-5.277260579887167458e-01
-1.209331771588757903e-01
7.703852326520700400e-01
-6.357890094474998310e-01
-1.239140534572810814e+00
8.132730071088367652e-01
7.390840507054048381e-01
-2.888346406433289215e-01
-4.266706210111210762e-01
3.345453679120706791e-01
-7.195573875709039280e-01
-1.781456182577720593e-01
5.040785699535759168e-01
-3.702633102342463567e-01
1.287652047637170671e+00
4.159651274939962229e-01
6.401596901446721111e-01
-7.711339642234920078e-01
-2.596692012124229842e-01
1.049904363271689123e+00
-2.490095213857322909e-01
4.118747095069200670e-01
-6.176236787368208914e-01
2.467343067202936169e-01
-7.587790957140712056e-01
-1.054568277743340277e+00
-2.074864767352908035e-01
5.513997500543174057e-01
-2.409168044637319539e-01
-5.850531511955611164e-01
5.141965786918220038e-01
-5.438947148389139397e-01
-1.035735312908582451e+00
8.461208345181695512e-01
-3.698791746083038290e-01
-4.621955984745509394e-01
1.679447382394922084e+00
1.196571974689445206e+00
1.697353657279244699e-01
5.312833790985762583e-01
-1.749772358071857437e-01
-2.732214361250923651e-01
-4.011084356827438469e-01
9.245929028280893691e-01
-6.186072986545917418e-01
-4.847157750821643463e-01
-2.519535694028301326e-02
-9.511513215589328940e-01
9.684638901683875756e-03
-4.331433489962089323e-01
5.953801023035351636e-02
-2.587353934027704083e-01
8.094685508196879375e-01
-1.743319749569368082e-01
-1.887393224454015916e-01
9.745917947798312664e-01
2.463064422612629145e-02
9.014990497358020827e-01
1.234054858547257022e-01
-1.984371305509427530e-01
-1.140618979982480491e-01
1.362060760401431647e+00
4.734138226820897577e-01
2.584998745644837559e-01
-4.250236575944782436e-01
5.068232575517847005e-01
-2.042380714567960942e-01
-1.921885641847160542e-01
-5.292984410974371778e-01
-2.684327961843250288e-01
-1.104653659242253116e+00
-9.632454946749915980e-02
6.060783843172676821e-01
-5.054607540951073785e-01
2.976555436477985594e-01
-3.081351560469708373e-01
-6.877541653485604867e-01
8.880220865004230246e-01
-1.173089419123860694e-01
-7.981486692491098767e-01
1.206710790348672069e-01
1.068146526306547939e+00
3.697312495793926290e-01
8.642885882150206367e-01
5.043486133561025930e-01
8.073385976887317850e-02
-5.545015728410604972e-01
1.251105977131960145e+00
3.966347678599452253e-02
1.037196332210892802e+00
-5.147116068218430263e-01
9.044786210464951237e-01
4.121866813748339409e-01
-1.227799952928473048e-01
-7.856353521501111548e-01
-1.064079996572137032e-01
-1.489704585574575635e+00
-1.153691511018761773e+00
1.351151094720517420e-01
-1.451958972816983051e+00
8.533411171380657079e-01
9.759038587807683518e-01
-8.673311498433658451e-02
-7.150739156573182598e-01
-4.261928246602533221e-01
-8.896118780293829076e-01
-4.338172035554266337e-01
1.955004963138706475e-01
-1.005976954270548340e+00
1.178175870820804549e+00
-2.563386873162615487e+00
-6.464503156280178020e-01
2.945510690600493753e+00
1.348757650163610877e-01
-3.260698247387852633e-01
5.195775552517838403e-01
-1.727076553256247538e+00
2.407964329610409404e+00
3.232914767791597588e-01
-1.567345527103704672e+00
-1.779229371058980602e+00
1.450883976295001876e+00
-1.575659748067422594e+00
-1.713059889796123114e+00
1.552119301487046021e-01
-1.920614112139220619e+00
1.001760680225288525e+00
-1.850839829299238959e+00
1.710668552841565937e+00
-1.153680585897365773e+00
1.743521417340456736e+00
2.365253304775718934e+00
-8.510977568038593510e-01
5.964820552979265278e-01
-1.933769025793363738e-01
-6.652241678931500868e-01
3.077224859926410150e-01
-5.389888177123491886e-01
-2.284195777881243283e-01
5.169625527356890293e-01
-1.203864632217537256e+00
-3.866591259859304408e-01
-7.266148116368467136e-01
5.308422906332325164e-01
1.130425473373300127e+00
2.649037435697643161e+00
-9.476788132518316754e-01
4.906934940175623761e-02
-5.594967814851539156e-01
-5.062066917406401467e-01
-2.712772344771468003e+00
-7.671128662524130393e-01
5.389577242733631923e-01
-1.294977944886438248e+00
6.194732466539324411e-01
-1.853561663096725320e+00
-1.247658674222819619e-01
-8.441242083560439591e-01
3.583043587503116356e-01
-2.066434982113701135e+00
-1.131337424949366177e+00
1.975870973665610347e-02
1.787206460396293606e+00
-4.299251055739427008e-01
1.389245440531038822e+00
8.489796539095577632e-01
1.037783458170626893e+00
-2.396310991943562674e-01
-3.557825421669372212e-01
-1.305890631787783418e+00
-1.106425994735437124e+00
4.220557380704145212e-01
1.448953799364813610e+00
4.168583386547074499e-01
-1.025774358494955907e+00
-5.077884207884175716e-01
-1.402949043428615983e-01
-6.308778792105501632e-01
5.305896735128537989e-01
1.275604654590485332e+00
-1.369485785505935915e+00
1.350330805027280645e+00
1.158196076603247859e-01
-8.230413797167681622e-01
-2.815372309294798536e-01
1.272133485964204239e-02
-1.131990190092274862e+00
-1.034375059106783651e-01
-8.476236655182998181e-01
8.861927550327376446e-01
1.592163495659779215e+00
2.876629233981974343e-01
-6.742160935554017409e-02
-3.097938178980015334e-01
7.627378261239197155e-01
-9.508362833990314789e-01
-1.830222053122194104e-01
1.411352634165258246e+00
1.077764985540654363e+00
6.363349165721959855e-01
-1.423922530196708794e-02
6.804654751476142405e-01
-1.445657076841955213e-01
3.661575806057427995e-02
-1.905649792259372366e-01
-6.759091701106477723e-01
2.013365718110552705e-01
-9.379500887956933042e-01
-1.660046102031917936e-01
-6.734224557068917427e-01
-9.457117307178568577e-01
-9.963802010953520805e-01
6.586989012157231649e-01
-1.683321160547096018e-01
-3.571524674217081974e-01
4.285502492975428179e-01
1.513546552439266835e+00
1.178089405466565154e+00
-6.535038618356918683e-01
1.269152377168901058e+00
-9.568652967403110110e-02
-4.988118150401071316e-01
3.421587166481455666e-01
-1.296064108604254361e+00
-6.109457888101377243e-01
1.159376535698544819e+00
-1.033730346271751199e-01
1.107743192554021094e+00
8.599785078807797856e-01
6.418520596408063827e-01
1.629067394960370951e-01
4.644717366288812488e-01
-2.257584269880008945e-03
-2.274463708950091312e-01
1.007038564059511643e+00
-4.614006620190034824e-01
-8.588595930729696626e-01
-2.636510682377807280e-01
8.336874727285031872e-01
9.236409219466783505e-01
8.404878297254151365e-01
-9.370456101190280940e-01
3.412073190337879813e-01
-3.812921713688598446e-01
8.346319600077680700e-01
1.055516882611914564e+00
6.050112866391260669e-01
-9.712232067869321916e-01
-2.289725546114538268e-01
1.594372071738721641e-01
-1.242353907623321985e-01
-3.192960290286477876e-01
-3.707354504121146421e-01
1.549086970504341965e-01
3.357742818677363350e-01
-1.007244293121243972e+00
-6.576443784934112857e-01
-6.425789781800221867e-01
7.102334385092279323e-03
-9.530341908023227671e-01
-8.090183904630317002e-01
5.813044747767930343e-01
-3.368670349064504799e-01
-1.261343515266722282e+00
1.606552746822627054e-01
1.153064734007468006e+00
-8.497514304273147134e-01
-4.623613441548638514e-01
-1.106904548837887720e-01
-1.746065270395446012e-01
9.989599233089555552e-01
-1.341116458051918869e-01
-3.696372148263507573e-01
-3.783027610269587560e-01
5.677764410392074357e-01
-5.181613206851487519e-01
9.946057658781328747e-01
-5.374013684291630844e-01
9.717596532396803599e-02
-1.119856415045570458e-01
-1.060336141583982233e-01
-7.562255474502126429e-01
8.640961277278820241e-01
-1.029554629247518394e+00
-1.712002439535474652e-01
-5.920311473784303780e-02
-1.033383873400399722e+00
2.133597596616166048e-01
-6.593133476912377278e-01
7.483733804862466865e-01
3.363714102162438380e-01
1.526561993568400777e-01
-3.951436210907224855e-01
1.585564088997564736e-01
-7.957630401394861774e-01
-9.188667178561338300e-01
-1.302545906501817452e-01
-7.679740488793931341e-01
-1.301207328565939569e+00
-7.186142685042612444e-01
-6.474486088326150135e-01
8.202475525365933162e-01
6.563113214936647788e-01
-3.084383648155356594e-01
1.088429473865427433e+00
-8.037668439145250199e-01
-9.242598517947334114e-02
2.297377758212568732e-01
-3.393702441141069892e-01
-1.748805463770725988e+00
8.124291692205578563e-01
-4.406443439810689977e-01
-9.859751857028377087e-01
-3.714328290451843761e-01
-5.562580004964091662e-01
-4.514911887105743649e-01
1.249158448466388960e-01
-9.253144691432343416e-01
1.036291055524645177e-01
-1.048981448989475096e+00
-1.700844510980624058e+00
1.271520636978858976e-01
1.709246692362365927e+00
1.821217021831434524e+00
-5.313023820868425506e-01
-3.397778350872167064e-01
-1.365212029276461347e+00
1.197651513545510582e+00
4.312879181969797582e-02
3.421155566492980471e-01
-6.015220378993046957e-02
-2.053026351579700925e-01
-1.198644342869303880e-01
9.738690127431371968e-01
1.784611623065616992e-01
1.414154997239510436e+00
-1.600482574493733781e-02
-1.569441147401606340e+00
-8.179633360177636092e-01
-4.011190850457083124e-01
-1.130186658119975540e+00
-2.889478228529095971e-01
-8.031595756454885660e-01
-1.153803660655472907e+00
1.087484130742604860e+00
2.435697125035643396e+00
5.920210538656620614e-01
2.343045012598680699e-01
1.468704180084092759e+00
1.267190366373048271e-01
1.556671813483713751e-01
-2.048651171849337427e+00
-6.828597158548272983e-01
2.839769470858876099e-01
-2.007304713866317758e-01
1.707669262161262691e-02
-4.394312877915215743e-01
8.555770038875554206e-01
-2.940230283298191361e-01
-3.334749429422823042e-01
-2.104127657207028879e-01
-3.219649094486685681e-01
-1.240567997746658380e+00
1.677461816358738755e-01
2.382257573394372940e+00
-6.925332323235411369e-01
4.964687972423512674e-01
-1.186964388721610142e+00
-9.160669449983238621e-01
-1.695479270076139244e-01
1.130835568361317600e+00
-1.462710257112088685e-01
-5.585485333870747748e-01
4.180804059080152069e-01
2.695496110823281111e-01
1.919807977349461681e-01
8.043067653590724175e-01
1.007875476828517247e-01
1.226109712574638133e-01
-1.695530283790322335e+00
-1.106799303057528050e+00
-8.840859535451205398e-01
-2.173298738119899820e-01
-4.634383701855204762e-01
1.554363235152420808e+00
-1.386985089802855953e+00
-1.554273723076613489e-01
-7.907947114841894498e-01
2.044201993404478390e+00
-7.214397949033350965e-01
-3.774689328656321008e-01
-4.909865913114196401e-01
-3.503422265937013169e-02
3.368703438627210223e-02
2.171777543762997975e-01
-1.505709790025706596e+00
-9.730802309982845566e-01
2.594704933477721687e-01
4.928582220999936370e-01
-3.667033580631314238e-01
-1.136198362704861770e-01
-4.180675962809859425e-01
-1.688433731601745924e+00
1.330068630713516775e-01
-9.389190920415295682e-01
-1.350735773165165909e+00
-1.636866242968431084e-01
-1.111606209636232245e+00
-1.052372332366079188e+00
-1.071642676726042076e+00
7.228781542491511392e-01
-1.522128142158768904e+00
-8.475488440406879764e-01
-7.279298695894514948e-01
2.362642913278844431e-02
4.201971383498007695e-01
-8.349847807827671664e-01
1.267614366101132761e+00
1.702283477045213878e-01
2.565928270700223557e+00
2.675630550141668840e-01
-2.335883299739735630e+00
1.550998202135269732e+00
1.673713819376523526e+00
-2.683516258213217709e-01
-1.556003579132823944e+00
1.059650783062112467e+00
1.394244075001023209e+00
7.853488507520740569e-01
-5.376486092540841422e-02
2.800749228807897229e-01
2.330726574172631960e+00
-7.679791562873246047e-01
-3.551465509498430984e-01
-1.108916541824974678e-01
-3.027536034578385271e-01
1.671135046431951654e+00
1.618784506865323269e+00
8.298832017106252401e-01
