-1.183100903670700199e-01
-2.603118993977434847e+00
4.563702901863746497e-01
-5.219351470597253240e-01
-1.538129639907721835e-01
-6.173593532912419191e-01
3.586698109888781794e-01
-7.471091860479150970e-01
6.212428497783064607e-01
6.325261140024008855e-01
-8.340711723112892440e-02
8.959070418999897090e-01
-6.717412280201686681e-01
1.598988122392594469e-01
1.398302043656718952e-01
5.028806030401927751e-03
7.528147655851346043e-01
1.442803658891543828e-01
-4.998776845925310686e-01
-1.821887211827797115e+00
2.725638262279239110e-01
-6.605262307358027440e-01
-1.231238377400561412e-01
3.181155769116836840e-01
5.847238329133458423e-01
1.089987456622037998e+00
7.088997587784414689e-01
-8.232225728505323525e-01
-4.526626018479692481e-01
-8.411172144330502087e-01
4.493863989398069192e-01
1.264006766013509031e-02
-1.233061310539578515e-01
1.218606358175684301e+00
-2.460165413026160763e-01
-3.471503205248568924e-01
3.010393889566528869e-01
-1.924607530518804843e-01
-1.660240754563725163e-01
-6.298011733405171064e-01
-1.065599610882231651e+00
-5.121143555907933242e-01
-4.178484509896465138e-01
5.674456668491112410e-01
-1.515490467655276619e-01
4.344444299599615200e-01
6.354184415673427844e-02
-1.363764181441629031e+00
-1.071404138786627325e+00
4.915132770654584982e-01
-1.622501871729284062e+00
-5.598755766624048391e-01
3.291071193723779098e-01
-1.879313064680887102e+00
8.372786326549130909e-02
5.386129423796970350e-01
7.435431824698518488e-01
2.245637511908746831e+00
-1.273876431555204469e+00
3.348245616070705810e-01
-1.956821522409179170e+00
4.434066039541356141e-01
-4.441636974030935825e-01
3.933340228697576046e-01
9.415860676367582283e-01
-2.954210800292992323e-01
-1.650788031757007834e-01
8.890492881540166259e-01
1.396491236849840556e-01
-3.038679311777349179e-01
-5.366819594816706340e-01
-4.354784386911351168e-01
6.793774244889935199e-01
-1.400961519833620883e-01
-4.655294270506297183e-01
-1.246150334454940445e-01
-5.024227420218593920e+00
-3.887594571792730713e-01
-9.188317398936762803e-01
-1.743489252276994250e+00
3.967103645908931497e-01
3.058916172989306625e-01
-6.157436358429402290e-01
6.349515044158385302e-02
2.621115678407017313e+00
3.827350849790629450e-01
1.136752541350405821e+00
3.651676095116146992e-01
-2.487639087978118280e+00
1.248685915707610450e+00
2.970820476581962355e-01
9.368350746823230768e-01
2.430151302635898070e+00
-5.035070901965018608e-01
1.303647220233264403e-01
-1.482194146473590823e+00
-1.637661381241886760e+00
-8.725403914073712741e-01
1.028204550615907209e+00
-6.027017821290976407e-01
5.124041073621381504e-01
2.953219975536880981e-01
-2.738613308432799598e-01
-5.120314335924176508e-01
-1.971213506381072345e-01
-6.922274501767014532e-02
5.360783928812152821e-01
-1.367061497979696061e-01
4.114881497447683834e-02
3.892257563060805836e-01
7.366538417655207893e-02
-1.630624969503783328e-01
-3.406790003038014714e+00
3.312663204502122039e-01
4.029662253304672759e-01
-3.909135439122849442e-01
1.508641431917364217e+00
2.285649073926737385e-01
3.959315918041134141e-03
-3.343805835800423565e-01
2.156807442366320826e-03
4.974848521673156387e-01
-9.341435811132391132e-02
9.917089989915438275e-03
1.725972671435754488e-02
9.350625395062217571e-02
7.125905025575872409e-02
-2.639556236564338798e-02
2.487690164195056619e-01
1.083938113643584250e-01
-1.020996145101495500e+00
-1.592676410827531530e-02
-1.020396363046099930e-01
-1.115638464313020717e-01
4.619644401833805092e-01
-9.374358877282787383e-02
2.208022705880590686e-01
6.654829747273443008e-01
8.302775558040866866e-01
-7.230148432500368982e-02
-5.242235364546899978e-01
-1.405992581844133227e-01
-1.874102223286527868e-01
-1.253591858441471529e-01
8.552605059308777957e-02
-6.439850506651960682e-01
-3.007401030413031862e+00
8.122768160336958643e-02
-7.111642293667089221e-02
-1.206419472314563812e-01
9.001606713511567381e-01
-3.804813346095028859e+00
-2.255062576943146269e+00
2.779719829396493647e-01
5.968646874069407637e-01
-1.610427678615015790e+00
6.801386403287368321e-01
-3.450298760532510389e+00
1.121259524205747926e+00
3.306369900589833932e-01
2.671974414648154550e+00
2.258034438244658770e-01
-5.457957207372718944e-01
-5.460146712468676444e-01
2.300888143697522870e-02
-1.061639630611716179e+00
-1.607149416681579179e+00
-2.919623290626636170e-01
6.474508249271013760e-01
-1.101208007110193177e-01
-5.971536126329831662e-01
-8.990468808150121893e-02
-1.958613267325065577e-02
-1.293722937392655536e+00
-9.342586376268211534e-01
-2.199006001433178870e-01
9.928784052737443799e-02
2.161534924387883638e+00
2.003833458431755477e-01
1.021472410940015507e+00
2.443758430710003982e+00
-1.263739792214971125e+00
-3.229608087413368134e-01
-3.129121102439596513e-01
3.536401548949412721e+00
-9.411250989512874865e-01
-8.729869397022929078e-01
-2.434843480355810108e+00
1.686728253070600037e+00
-1.584299008958796329e-03
-3.213112146705242589e-01
1.935441474766904091e-01
8.825266941223438577e-01
9.329182730759573161e-01
-5.721929436338879515e-01
6.075885912490939234e-01
-1.096971568937087083e-01
-1.753333851557617173e-01
-1.589277265917608817e-01
1.499043625817733372e-01
1.746255781979124677e-01
-4.030074965866635495e+00
1.001181797947556379e-01
3.623987255446335931e-01
7.641143285599177881e-02
2.010731878938051276e-01
-1.167734381828370083e+00
5.028012970446781305e-01
5.193300256701339768e-01
-7.966151686934999088e-01
3.977658416215724135e-01
2.897008286580659009e-01
-1.637953657653911932e-01
3.998848266947866437e-01
4.691568398287365715e-02
3.734206233513822637e-01
-1.792447785588107967e-01
2.128794261538660970e-01
1.440914494283045411e-01
-2.181641253586119600e+00
2.515420489868655518e-02
2.187192453390042757e-01
-2.633965359672986728e-01
4.211970926459984166e-01
-1.005119543729024179e-01
9.216761026997360995e-02
5.542756169282903045e-02
-1.541959156465492198e-01
-3.349967415265405757e-01
3.806492020992741088e-01
1.791337526645389921e+00
2.762911009852072816e-02
-6.690994119701698661e-03
3.281457853228048061e-01
-2.818223898753409729e-01
4.233276284893756070e-01
-5.526739123097720308e-01
2.951156630340180942e-01
-1.377932900047750264e-01
-3.487706091212759429e-01
2.484727464009694575e+00
-3.577003818076957553e-01
4.752306037890730028e-03
-3.488806425555369684e-01
2.721645752125845252e-02
-3.650584330240460446e-02
-3.334034053380205420e-01
-1.582255921632279572e+00
-1.514513800031613289e-01
-5.822767259027196163e-01
7.233047462061732436e-01
3.532965195459998320e-01
2.135901328717390302e-01
1.517210862377026959e-01
-1.660192605074864547e+00
1.788491689765035364e+00
-2.236448308746550873e-01
5.742991727209075803e-01
-3.787551001314168331e-01
-3.079730869637611196e-02
3.797404927526418228e-01
-3.980798240167421898e-01
1.965276400200594575e-01
4.492352982020972330e-02
-2.885308532451974495e-03
1.205268431059776102e+00
-9.648232386309119057e-02
-3.161663389258544815e-02
2.234176777077523379e-02
-6.394558023654570711e-01
5.253363222444720065e-02
-3.858487700110085350e-01
4.151620604813849313e-01
9.621417612784707862e-02
-7.186827698226183614e-02
-7.805510541369953259e-01
4.514192946164246045e-01
6.639198256143929999e-01
-7.772378569404861381e-02
5.873092285113094835e-02
6.029809537135635833e-02
-1.578971560184546097e-01
-2.702516571028439063e-02
2.073238607847637915e+00
1.944391829697359464e+00
-2.514507312323705168e+00
4.606777240545310570e-01
-8.441109638012853078e-02
-2.616342850326270342e-01
1.859305679307627246e+00
-3.813508864624486350e-01
-3.139441097736375141e-01
-1.385142337742221841e+00
-3.936684489249473451e-01
8.416635771906144647e-02
-8.616144965254046717e-02
-2.307072387143458969e-01
5.963268177709533102e-01
3.415239026260621369e-01
8.849893491529826628e-01
-3.572695373423386278e-01
1.713430209985986052e-01
8.629469144046347795e-02
-2.054241559031195763e-01
3.265286044873910720e-01
-9.493508202555818176e-01
1.785801896104945441e-01
-1.645116643187261030e+00
-1.431231916114473340e-02
4.008234574584713661e-01
1.234550152611783247e+00
-4.144913718629970045e-01
1.086786843772688638e+00
-9.051107964131884787e-01
6.474282937756692391e-01
9.385439798391792543e-03
-1.719449686697842317e-03
1.891729004184155682e+00
-2.020825164798088491e-01
-5.477733802944904085e-01
-8.821173363507124332e-01
3.875641254586132955e-01
7.362535433053307710e-02
-1.557069890669017798e-01
2.267990661055674817e+00
3.423410703070609018e-01
2.329789977354490116e+00
9.797267194087974085e-01
-2.239074419201604549e+00
-2.652588182544767248e-01
-3.417828374060766228e-01
1.099928672881507197e+00
8.666205344507145192e-01
-1.287961173825844519e+00
-2.282038005659979829e-01
4.255267965704154776e-01
-1.303641257738591408e-01
1.592640760750644452e-02
7.480032006736594408e-01
3.208967665833505900e-01
-3.510460129469471502e-01
-5.548129447064911179e-01
-1.110164313955292609e-01
-1.746388553291176593e-01
3.083731239698118132e-01
1.892857055482700113e-01
-1.441668366176121818e+00
5.059739650415153722e-01
2.181543663579437742e-01
1.166822575441482934e-01
3.849169175494033812e-01
-1.746779921255395829e-01
1.068052656602073019e-01
8.235240344878201890e-01
2.408368474458726372e-01
9.672328353871106899e-02
1.130166227175266602e-02
3.643266751117994751e-02
1.058109795087033067e+00
-5.994871340364889001e-01
2.811830842885064130e-01
2.028337353738899895e-01
1.163214928710494478e+00
4.117405339546617582e-03
-2.703596550145611621e-01
6.302988581410422508e-01
-2.246080505064361743e-01
1.248138608381632597e+00
-3.432152731245229571e+00
7.421007976457878463e-01
4.515323012597059482e-01
-7.914359378254187671e-01
-6.425426420194122468e-01
-3.365332565264228526e-02
4.707627023104012376e-01
1.312146873618127291e-02
-4.180628932017370625e-01
5.689126896377296738e-01
8.347372101161538716e-01
3.396063972455568569e-01
-3.567524017588400431e-01
-9.586230250562319810e-01
-1.298283980309333785e+00
6.090041832589856430e-01
-5.472235383258482466e-01
-2.100342571577176631e+00
-2.488407635287943620e-01
-2.382161876761732078e+00
8.519969020823781047e-01
1.444136346236147617e+00
-8.670182371772464092e-02
1.206649194718726115e+00
-6.511856110663400976e-01
-3.536098034719269423e-01
1.743380519940610218e-01
-2.491366886672553016e-01
6.346242586589256884e-01
1.828956648412366492e-01
-6.041741080043245837e-01
1.111648832733350412e-01
2.941147860607603581e-01
-9.202160301902986839e-02
3.298125296178250343e-01
2.657876293668358647e-01
-2.266809061595781993e-01
9.607520388508877796e-02
-2.552472195008181344e-01
5.728240963658375318e-01
-4.614990865841216428e-01
2.754634959862485924e-02
-6.282009200228433343e-01
-9.073092641780090561e-01
-1.846768606153910697e-01
6.294295468782653558e-01
-8.607178209876470421e-02
-2.523565878660997130e-01
-2.009276269279080651e+00
-1.730709670725822935e-01
-9.012636222698627853e-02
-1.351865934214429021e-01
1.488413165909660663e+00
5.242485432221795083e-01
3.383024963546175934e-02
-9.805552150400922429e-01
5.674373509242193192e-01
3.574742722236480263e-01
-2.981913349093104904e-01
-2.610949101425022456e-01
3.043182465164528949e-01
5.222611838683058338e-02
-1.657746101059773158e+00
-3.384971252911708750e-01
1.312389050474529195e-01
-1.914485766816047818e-01
4.878993278157853775e-01
9.827314343238499061e-01
1.608243237751419419e-01
-5.825675898392708163e-01
-4.912038455737210985e-01
-3.258026994445130109e-01
1.139880428872163343e+00
2.199885927493387405e-01
-3.086869738562121254e-02
-6.985551341668309877e-02
-1.715326892327509456e-01
1.809140733240761911e-01
6.967078102737565837e-02
7.661944533445864680e-01
-1.571122590596357727e-01
7.568989817113542795e-01
9.761540529927196230e-01
-3.959265769218637820e-01
6.031739107005977818e-01
-5.671267519810578861e-01
-2.181906199115295486e-01
-7.208828430775975349e-01
-4.823155216449229177e-01
-4.878263864909770042e+00
1.861029136119380700e+00
4.761561347266127231e-01
2.013700453559826853e-01
3.259459066270651295e-01
-5.759749749190683499e-01
3.073236897699603287e-01
3.135715722054489563e-01
-8.496437057744044008e-01
-1.033603295351923634e-01
2.355668011591756095e-01
-1.544526845334184717e+00
-6.149860023651048113e-01
2.874999782600129450e-01
-6.929446679638231466e-01
5.496897638242148609e-01
1.007733076919350879e+00
6.823542126936581464e-01
-1.637365836980884393e-01
-1.074084162224340638e-01
-4.402844642908323447e-01
-1.706661200997612593e-01
9.683022878558461555e-02
-1.744188377420098079e-01
-2.161661028383021765e-01
5.999274550508304493e-01
-5.210897451142589704e-02
-3.972430762408159233e-02
4.527912983209231856e-01
-6.346964787846574030e-01
-3.322688189597712838e-01
-4.973123353662862733e-01
5.818135108735156269e-02
-1.824443573078804171e-01
-3.974564838198949013e-01
3.108838637320447962e-01
-1.469242040662525728e+00
-1.405335469899156919e+00
1.178546934981026695e+00
-3.173119882336084552e-01
4.172120097771210845e-01
4.248158520826594842e-02
7.216575247766047196e-01
-5.060430104438872201e-01
7.532840412858697599e-02
-1.153361626611573432e-01
1.249943064639251755e-01
1.804568256914445556e-01
3.477053194029843808e-01
8.886128554394515655e-01
-2.657338241609202845e-01
-5.905356117969813301e-01
5.101967372132640843e-01
-5.708233570928916700e-01
4.282205418448419842e-01
1.169421249937893648e-01
5.597295171681337944e-03
7.538324828306899317e-01
-4.858660582442630993e-02
-5.228101189889716727e-01
-3.755393151193190393e-01
6.154104412392620294e-01
1.131462304889907511e-01
-3.637004944811073059e-02
1.203857725135245443e-02
1.961419568509122469e+00
8.906648919868186132e-02
-2.988891386277049422e-01
6.693308186675208660e-01
3.596712353929837347e-01
-1.380175786571302687e+00
-1.387169304373008505e-01
2.048665975746945533e-01
-2.074694249925929379e-01
-6.812410227293956844e-01
2.356375087303942406e-01
-1.354224903636134791e-01
6.731503624636185901e-01
5.180938846003187992e-01
8.164638995611629702e-02
4.943855518546090844e-01
8.302038602030248349e-01
-5.600020611064027154e-01
2.760420954785750558e-01
9.764178006710632074e-01
-2.537109485923719765e-01
-1.335338335018223799e-01
1.637991871007281386e+00
5.403673663561634477e-01
4.212843147500361374e-01
1.180868164448610202e-01
-1.112959168562355772e-01
-4.491793765224298962e-01
7.601153588829638874e-01
1.856194652780712495e+00
-6.242642320369355957e-01
1.042066646647955785e+00
-1.207048587293951591e+00
-1.595736974490965521e+00
5.222596211798612442e-01
1.069903874789215559e+00
-1.253253273724550976e+00
-1.840252993148046579e-01
2.488160043974557978e-01
-8.936709783115169559e-02
7.498167602902449103e-01
-5.857166191279651324e-01
-8.133328122613827649e-01
-2.053166994213925012e+00
-1.996380946729092720e-02
3.170021625280347033e-01
1.532338721236877754e-01
-3.039793462978364058e-01
1.613165957122342009e+00
-1.418953294738985460e-01
5.580968358902271831e-02
7.927838994417490959e-01
8.596371517646524962e-01
-8.668612917127660467e-02
-2.569417259690012667e+00
-1.021781433211719659e+00
4.965313985459279822e-01
-9.391114017176807049e-01
-1.039307433317947194e+01
-2.847519030256759898e-01
1.082060109130844161e+00
4.697118408151456093e-01
-2.113409578708196790e+00
4.552898947024484055e-01
5.472760146570498918e-03
1.937466674024374891e+00
-9.389615211717301513e-01
1.510598500151862922e-01
-1.461801309149858730e+00
3.725181369049478386e-01
1.136667582519513608e+00
-8.985073024041356771e-01
5.002339487752404112e-01
4.371914799806955743e-01
7.692617696142056705e-01
-4.542501998249148798e-01
3.251553785007426089e-01
3.635413687480065215e-01
-6.101707342114586208e-01
5.008514383790412250e-01
6.567373780458168886e-01
2.394608563560170766e-01
-3.680751430252880430e-01
2.195576889805247678e+00
9.715308544165787707e-02
8.458094747074699216e-01
-2.629493609076221095e-01
-1.532388659440251599e+00
-5.540073412177605183e-01
7.689010755305550893e-01
-7.656310447753796877e-01
4.404435975343478082e-01
-2.385357836152911803e-01
1.390170252409164586e+00
-1.857994027006993898e-01
1.004946039830822757e+00
-1.757661607247417712e-01
-1.247544182145967184e+00
6.993989580148556040e-02
9.566540822797263699e-01
6.343332685514784242e-01
2.129442444954228464e-01
5.060875159431299508e-01
4.633751109097821730e-01
-3.488648977986368305e-01
1.072711186559519581e-01
1.561962833103733628e+00
-5.933185698368478311e-01
-3.674417733605468417e-01
-2.268748965736832712e+00
1.716739727551618078e+00
-2.590991826921097418e-01
-3.012957940555534564e-01
5.003333707657747764e-01
5.607843937625728303e-01
2.405100796411868969e-01
-2.957981337766323882e-01
-2.533799052065222046e+00
7.416560562959390035e-03
3.126355250864458757e-01
9.941550779434910057e-01
8.084381646359926066e-01
-6.821834216473029455e-01
7.435574107257203469e-01
6.189880408966007552e-01
5.517960380673464504e-01
1.343515021856493408e-01
-3.893238941878048864e-01
-1.106037120008265928e+00
6.232239417830234274e-01
4.987083485649211612e-02
-3.378947198094951754e-02
-1.506403278664551482e-01
-1.183821465313054655e-01
4.695333087962272334e-01
5.988874170229027127e-01
3.434741751181024094e-01
9.401356758132402014e-01
-1.555484662927766049e-01
3.440017799383664476e-01
-5.968308740209807839e-01
2.499606186857330492e-01
-4.813048663509651715e-02
-1.275130924468999560e-01
2.124884477531435167e-01
-2.473851346308121590e-02
-1.381286508995572815e-01
1.453533350811868352e-02
1.418317299286568633e-01
-1.239048030433932190e+00
2.941823216769307026e-01
-7.473790296491220064e-02
-2.182653375447758115e-01
3.953396174331817725e-02
1.706812823821389768e-01
-7.948048193117118743e-03
3.434922976836982111e-02
1.602719650071930402e-01
8.347750030397821375e-02
2.152589375748493461e-01
1.276656889339436329e+00
-5.579868897196940680e-02
-5.949530465725800799e-01
-7.668912053196626222e-02
-4.360591280728711716e-01
-8.838919879708400096e-01
5.310212059809337193e-01
2.952857464133682996e-01
-4.967976265902109695e-02
4.836529386204594383e-01
-4.266834452804798006e-01
5.108163828308794063e-02
1.651866503518096274e-01
-3.998119898928796934e-01
1.064639256117095201e+00
8.476792097107381518e-02
4.841282517518633588e-01
-3.846676268822764033e-01
-2.366694166243058506e-01
7.293559891591898381e-02
-1.149490042265904483e-01
8.717658375525429160e-02
1.778859047068422905e-01
-4.108735033543135517e-01
-4.565850563988040345e-01
-1.500452148848560041e-01
3.271258870171867561e-01
-4.069390669754330975e-03
6.877979511306750449e-02
7.349656054245818915e-01
3.424455437164771604e-02
1.735859367302750700e+00
8.182757240443583324e-01
1.036889382400457915e+00
2.828265491366340201e-01
4.612477957170873499e-01
-4.874833342193004571e-01
-1.880255793868600145e-01
5.977828815761450088e-01
1.344632533545457864e-01
1.076328349644499838e+01
1.273417060525571465e+00
3.642883178029296953e-01
1.580814835962545573e+00
-8.096272008564762146e-01
-3.501018356233509543e-01
-6.473290668413895776e-01
-2.209663262788940652e-01
2.070700472343216803e-01
-4.350557167294051286e-01
6.579711550381014407e-01
5.945936497221340211e-01
3.410629251193278422e-01
8.653375061525958589e-02
2.022589600455176190e-02
1.449148809574800856e+00
1.466167481724290900e-01
1.441710168950949056e+00
6.991855360207629433e-01
-9.704883375582025185e-01
-1.613863128502872168e+00
5.340070858985939140e-01
8.000927781888497181e-01
1.205408132253728226e+00
2.766829077642984358e-01
-5.485868059526123330e-01
-3.205765062921594466e-01
1.562749949168352193e-01
8.305707687777512671e-01
1.322266795253515204e+00
4.311093333582710629e-01
-1.040839689348724978e-02
2.119084333737201731e-01
1.046017813982067279e+00
-8.687073791833133107e-02
1.829549155164461816e+00
7.832387038735996176e-01
1.154260661111065345e-01
-2.500798859640498417e-01
-3.406201873567302751e-01
1.184797058835643346e+00
6.367280889843318636e-02
-1.900102414149545949e-01
8.321500948942028852e-01
-5.453868092617095709e-01
-2.265571733327301995e+00
9.142312552820628380e-01
-1.050412349438515358e+00
-2.428632951793326722e+00
5.176776770639317515e-01
3.051150563993293430e-01
-6.322696320311311347e+00
1.150593076705288320e+00
-3.151132867389268011e+00
3.786910693502838487e-01
-3.466105012143873232e+00
1.961932653034128116e+00
9.045638125513395522e-01
4.946915573072829808e-02
5.827155469140923305e-01
-2.811483149977482388e+00
-1.405698478914656713e+00
8.259000102789271214e-01
8.612220607605388656e-01
1.286077501427304481e+00
1.510282087401558115e+00
1.335554363731028982e+00
-2.102869343383227951e-01
-9.016351363558322562e-02
-5.191293129055619682e-01
-2.676177865442818105e-01
-1.409841780866309957e+00
2.254926177969287793e-01
-3.558738424253693466e-01
-4.429221104628024985e-01
-4.783169625564961946e-01
8.731840107537773843e-01
8.346991350329956427e-01
-2.341509173096271157e-01
-9.061719624335429213e-01
-6.047786250174775891e-01
-1.280062354358365573e+00
3.143728837805412346e-01
6.946659373151274908e-01
-2.840621527118518674e+00
1.242474834883343648e-01
3.711014956595232173e-01
8.954016044869440583e-01
-8.619555560174518849e-01
-1.020891427853168443e+00
8.879513021737116540e-01
2.570105400649030258e+00
6.760388874238054679e-01
5.497168543466018908e-01
-1.056673717642848676e+00
-4.682277052366161652e-01
8.492108306810215446e-01
1.044809105146691230e+00
-9.381128800994246175e-01
4.807887074319771026e-01
6.965339616885762863e-01
-2.065325642171496501e+00
-2.684267886866355535e-01
-4.280396816090749623e-01
-7.254539422414474359e-02
-8.422974171982351432e-01
-3.951692237704820254e-01
4.181621477904662876e-01
-6.275619189631991279e-01
-2.039460905366949628e-01
3.028541827635593542e-01
3.142017678644239420e-01
-4.392074598233417504e-01
-2.515156178007968979e-01
1.688660622864186056e+00
9.119227028047961481e-01
2.936231027500207369e-01
1.222615363623876794e+00
-3.391663021857080351e-02
8.051483849456174680e-01
-3.127197854765865759e-01
1.385990227905048444e-02
9.538140438030234813e-02
4.456617390432818793e-01
3.203512103049883097e-01
9.235612001523670900e-01
-7.631429893902490491e-01
-1.184119391297479229e+00
1.178018676273828280e+00
4.116354093515042223e-01
3.980996878459899802e-01
8.222216071616308408e-01
-8.070994514950677878e-01
2.880459074873322756e-01
3.318537605853941752e-01
2.613120576225219649e-01
-9.924834071314851958e-01
1.046256679878182938e+00
-1.970631590362803831e-01
6.295297056926202339e-02
-4.984634562690358761e-01
-6.775427231996229427e-01
-3.648462225867638575e-01
1.004908849787176095e+00
6.149851622937795304e-01
2.436070569270269714e-02
-4.114812481980615888e-01
9.417304336564583656e-01
-6.090622171695023734e-01
9.905854181803035174e-02
-3.961807148477567986e-01
8.806902630313188096e-01
8.208608606836001464e-02
4.078631112175792883e-02
7.085428961700095396e-01
3.149389523873259433e-01
1.505469133845583229e+00
4.190619272601618928e-01
3.511286044172031717e-01
-2.621281396334213531e-01
-2.607991486302971285e-01
-5.937040276293703567e-02
-3.180754818099885028e+00
1.433889253420183862e-01
-2.864571897563172875e-03
-9.909679387611773915e-01
6.181031915972816648e-01
7.060129470121385697e-01
-4.832790693904988055e-01
5.133325552070558961e-01
1.043653699758117614e+00
-1.437085566144771787e-01
-6.202326655819703216e-01
1.663770784116601897e-01
-1.410240680065941166e-02
-1.983072317712877730e+00
-1.457212011397174045e+00
1.665188139115051369e+00
1.122724016436302374e+00
-7.884276039721769269e-01
-1.637787098293070134e-02
4.155321034854245754e-01
-7.687445479076480126e-01
-4.242070296097774085e-01
1.186853418352916023e+00
1.874494398009440843e+00
7.938023301035735946e-01
2.512795681397976821e-01
-4.651380898014061405e-01
6.180241832419379744e-01
1.778861325078470723e-02
6.924875399090391070e-02
-2.937771352523614321e-01
-1.108647067008647347e-01
-6.556624454728247064e-01
-5.029091438199063679e-01
-2.380606570015878776e-01
4.120989774037460696e-01
9.765818572814101151e-01
3.989139663873151331e-01
-3.429316580486122534e-01
-2.558256047421987867e-01
-5.965990678118900936e-01
2.824341934441079172e-01
1.459718332069555702e+00
6.028572200895121469e-02
-3.930659505220044925e-01
4.184943111805810023e-01
-3.717849993569105616e-01
6.634122910611204293e-01
3.738608030306375674e-01
-1.381990453326908286e+00
1.067323585676060338e+00
5.072370509583915554e-01
-5.157897153699159132e-01
-3.014311962446235560e-01
2.320300935467855541e-01
8.214914670368161920e-01
4.629544594134746283e-01
-3.802262845775286615e-01
-2.790964323764071886e-01
-3.329839165692319303e-02
4.983648947962239228e-01
5.830729135524670426e-01
2.537632514260495520e-01
-1.000723390043151140e+00
4.670700010504925670e-01
-2.815345539530243468e-01
-1.364421851629078059e-02
-3.476902071556963736e-01
3.416207709198093578e-03
-1.324356759240541193e+00
