-8.426665878389931752e-01
3.225510470426158904e-01
-1.356160436118924451e-01
-3.989012122934197380e-01
-4.518451382964928931e-02
-2.204802098323196402e-01
-2.887090862297684524e+00
-2.970630161794104440e-01
-9.142167693676481743e-01
-7.919247983122271739e-01
2.073752833628340841e+00
-6.569034039726640017e-01
1.679946192483381950e-01
1.656040177734193763e-01
4.562106660681821690e-01
-6.894271533809327723e-02
-1.451810701768955214e-01
-2.546017533171789915e-01
-2.915996397140401264e+00
2.978870680499134393e-01
-6.699638850828045777e-01
6.128405780895989086e-01
-2.225129004909820463e-01
-5.656960636253867136e-01
-5.249209454820094045e-01
-1.525337743673665647e-01
2.076190845329731971e+00
1.140007119352411724e+00
1.876017867947059381e+00
-9.256605504389742167e-02
4.095871934502836043e-01
-1.305198816185513699e+00
-1.548092143348585303e-02
-6.186187277258212713e-01
1.078461292239972780e+00
-1.140326670765930972e-01
-1.597733474410729881e+00
2.896584177127831811e-02
-5.397258207149545628e-01
8.834765007218461919e-02
2.548530655111662102e-01
1.516357673629323277e-01
1.765533104489501459e-01
1.333392402590174997e-01
1.194672092330690549e-01
1.085798584991833071e-01
1.000032730893320315e-01
9.321196182894463111e-02
8.779751275011857259e-02
8.344360460504993138e-02
7.990612984887053571e-02
7.699742116367100375e-02
7.457376636643153756e-02
7.252555337080955622e-02
7.076951431629459333e-02
6.924264142487102092e-02
6.789743100730703806e-02
6.669817994589774535e-02
6.561811387774539595e-02
6.463717063452452394e-02
6.374029822711690940e-02
6.291615542549157392e-02
6.215612609333252825e-02
6.145357696905328487e-02
6.080330341811939626e-02
6.020111952874618311e-02
5.964355836416913165e-02
5.912765568763550528e-02
5.865079642650820879e-02
5.821060784350315376e-02
5.780488708777059559e-02
5.743155370788748798e-02
5.708861998381590391e-02
5.677417370468959557e-02
5.648636939459449058e-02
5.622342504395454188e-02
5.598362221505769759e-02
5.576530800602846200e-02
5.556689782201960220e-02
-7.995922034287977986e+00
1.592816675082669997e-01
2.103876679383101522e-01
4.340948875406108187e-01
1.077431356500882648e-01
1.740542987451642598e-01
1.153169807341654973e+00
1.708257463208728844e-02
-1.468880543495449054e+00
1.533349141969385376e-01
4.513852217119695420e-01
-3.295795734995620174e-01
-1.687141993466657053e-01
3.007038583429499368e-01
-3.108445999654024572e+00
-1.185564967247730417e+00
-5.312651292376867618e-01
-1.088911490517884495e+00
-7.013770105366107233e-02
-6.330895742430835416e-01
-1.436062806576995587e+00
-1.205657766499071748e+00
1.320662733139161382e+00
1.430581831617492028e-01
-5.268354498717819911e-04
2.502285634876254550e-01
-1.265520902441182205e+00
9.267607312758260329e-01
9.811430003574741487e-01
1.077359954937769260e+00
2.180396034162110031e+00
-7.015071527809473295e-01
1.369667310405393801e+00
-7.985692180877758117e-01
-1.780203088019010060e+00
3.812908172183575028e-01
1.327989135217830352e+00
-6.155755381511960334e-01
7.027945453702882928e-02
-1.056919125472595700e-01
8.490831896426354053e-02
-2.727151106167456929e-01
-7.620729613766256128e-01
-8.176199124012162311e-02
1.073962111114772633e-01
-1.329312662680016688e-01
3.802872491517890752e-01
6.497418865344336547e-01
-1.291061409778219288e-02
-4.220636067932444502e-01
-2.629333242166359330e+00
-1.703673772204638281e-01
1.058844456731834194e-01
-2.087512114189589152e-01
2.547100561504414551e-01
8.067650979599305661e-01
5.033025700834671268e-01
-7.247105001503468813e-01
5.763161721537979343e-01
1.261397642262971630e-01
3.615241133843452581e-02
5.818387154764212421e-02
-1.616485351576331386e-02
-3.202953297237317032e-01
-1.802252273294374652e-01
5.044751699738539985e-01
-2.360473173755486542e-01
-1.042080750376685877e-01
-8.951021021921296006e-01
4.900558440663213000e-01
2.005617591847126679e-02
2.581893400071234579e-01
5.044813923677820000e-01
-2.647917115750046402e-01
1.094956474289969561e+00
-1.766060849571736771e-02
8.784859551158824553e-01
-2.978087902392503872e-01
-5.213746277378173977e-01
-4.684445989189304216e-01
2.220440484659551017e-01
2.359023625086400511e-01
1.361137833655997331e-01
-6.597062157569871799e-01
-3.488138461558537795e+00
-1.098603643528808654e-01
-5.153833965959596641e-01
4.713582583048586128e-01
7.421463972659874120e-01
-1.732712947081970878e+00
-4.962060968653161375e+00
8.267261289965381899e-01
1.073266096132603764e-01
-1.987795972231665154e-01
-2.750398617199153239e+00
5.162816062948660800e-01
-9.092934762663260617e-01
1.587458250958103001e+00
2.755591651130276709e+00
6.034621693766616390e-01
-7.148238984270254281e-01
3.251290142479881240e-01
-2.879743937489614991e-01
-6.742126778136108278e-01
-1.863550528887580882e+00
-9.105425738534551616e-01
5.254202301409769404e-01
9.805571940666726327e-01
-3.900349839051712730e-01
-1.532779703808466454e-01
8.024731010440367962e-01
-6.259726029584342655e-01
-5.853733805178805427e-02
1.571063202516336244e-01
3.274230353411821670e-01
1.771218171903736538e+00
1.008053451345120033e+00
6.885845347744692369e-01
2.005879994275177047e+00
7.598972610807275263e-01
6.755227668210267433e-02
1.334299064025393777e+00
8.261098528671937391e-01
-2.274524200230847004e+00
2.063685140424927622e-01
-2.967088093711384378e+00
1.506088227110676581e+00
1.087578260867343438e+00
-1.101243960210564893e-01
-1.093243854965426642e+00
2.978048699845425307e-01
1.431663910938761664e+00
-1.191498354178413654e+00
2.422787368513145412e-01
5.879683158559881329e-02
1.272433350795406648e+00
-3.776211954330537246e-01
8.335815129369772425e-02
1.192970924906615382e+00
-3.731143741402680902e+00
-4.602411327292504906e-01
-1.562697324071348759e-01
-2.169064125205692584e+00
1.296082284360443371e+00
-5.295405910365927893e-01
8.321543917736023976e-01
1.275839920429521768e-01
-8.711983918132882865e-01
6.296786104330586165e-01
-1.157086265514511769e+00
-3.448002957977281957e-01
3.448978550937231713e-01
-3.457109521493879623e-01
1.811586849220772899e-01
1.234279277700467137e-01
-1.344955846469196581e-01
-7.510056251216976619e-01
-1.387842604550189929e+00
-1.329328544794401434e-01
9.637179331409566618e-01
-5.335361036561886428e-01
1.904327974108708521e-01
-1.909334827321900463e-01
-2.362100444953516565e-01
9.875124774908732028e-02
2.715412538235085771e-01
-1.066662993378679092e+00
1.276170072920111975e-01
1.501105806973015433e+00
3.811260906012853833e-01
4.642467733996871737e-01
5.492727689713226835e-02
-4.448808905958137605e-01
-6.135110090832125718e-02
-7.572018108953018634e-02
-1.497693027646646857e-01
5.999067476537928156e-01
-9.461942259777159081e-02
1.350107697156773368e+00
8.390588260248941221e-01
-7.923333425706900746e-02
-7.687463440863177011e-01
4.225908285281951837e-01
1.015970246697506685e+00
-2.532774010508486384e+00
2.755906235279063088e-01
-9.455678000206572953e-02
-6.308244072199993280e-01
3.561524826677966993e-01
-2.602026360551782935e-01
-5.130788548205550414e-01
7.172232724514348012e-01
-1.343703569420617860e+00
6.748027090467340061e-01
5.989303098122877866e-02
-9.787698919167178713e-02
7.335225175814402698e-02
1.033903852307999527e+00
3.130000174769919513e-02
6.770989325376524093e-01
-3.066067514346780265e-01
-4.461112763766469924e-01
7.136034692818298275e-01
6.644385779207560017e-01
3.604048598152771454e-01
-2.812223662652850731e-01
-1.288870769851060971e-02
6.330574217594233666e-01
3.253897470359966571e-01
2.965775615165450879e-02
1.443622013314166175e+00
1.561653263847135431e+00
-1.132773174072105427e+00
-9.257898408578532079e-01
9.847935708463595450e-01
1.406626606452133776e+00
-2.378526170306249354e-01
1.168471591292240097e+00
-8.270095839258342907e-02
-2.125192295111214547e-01
1.861652555075637427e-01
1.820517994329129641e+00
2.439473016940072014e+00
-1.677107410664163911e+00
5.740662237156068937e-01
-5.143054478505739713e-01
-4.831774429362946099e-01
-7.509916460438976760e-01
-6.644804820739733664e-01
4.179158986311260482e-01
-1.411874677719177296e+00
6.446499617289205841e-02
-2.108523323096740676e-02
-1.220990551578276517e-01
-4.061788557033271241e-01
3.522611730594030766e-01
-2.183408276734313813e-03
-2.430312342721139829e-01
-6.501138326913330490e-01
-9.826921932447052477e-01
-2.544290752363050356e-01
8.978849875205999753e-01
-3.511742712442579850e-01
-1.206572736375819188e+00
4.872996283920151273e-01
-1.598317935493320796e+00
4.590250878128835366e-01
-4.234119141843706302e-02
-7.891823487533244919e-01
6.390087785526817887e-01
3.161876902214323382e-01
5.554049854393656310e-02
3.536523272034769461e-01
-4.848474586575721168e-01
-2.526079467480988883e-01
3.020144108442733843e-01
-4.985471208175603630e-01
-2.203195261509758862e-01
-7.889575927865054572e-01
5.492702888481286738e-01
2.979736944836560042e+00
-1.403476140287811536e+00
4.529726833615307369e-01
8.049951195387001768e-01
1.562298083375815994e+00
-1.377093267653156927e-01
-1.874752663552839316e+00
-2.897385446096121253e-01
1.016627717919570628e+00
-2.105226562650622246e-03
-2.043138708568301987e-01
-1.622848813543070312e+00
2.993301809357437615e-01
4.574937922859517725e-01
-4.176686292473724138e-01
1.222162971637767548e+00
7.743536741017590375e-01
3.338247154907003633e-01
8.348368853828801173e-02
-2.269052710675735440e+00
9.017039757131851685e-01
1.018174674767451160e+00
3.967981988150284800e-01
-1.476045265687239705e-02
-3.330498354375473369e+00
5.846058059346306290e-01
7.777778481938188992e-01
-2.562399708164372347e-01
-7.388889500213803307e-01
9.560507811671239420e-01
7.784825605086764799e-01
1.064469685250042152e+00
-6.053938978236438340e-01
-1.907754952520351321e-01
3.833293130349149647e-01
3.259855075279939896e-01
6.022561856573531436e-02
-7.490612772364536598e-01
1.847186429850691813e-01
-5.743325233800933294e-01
3.796660241955135962e-01
1.177331226198137237e+00
4.118453313327765097e-01
-8.907957771770774746e-02
-1.377031293723563754e-01
3.257674082067895660e-01
-2.326296117177174327e+00
3.251870810096315623e-01
2.914859492877291958e-01
-1.060710321646315180e+00
-1.539999109960401569e-01
-6.883736306599794741e-01
1.484257349607911447e-01
-3.403911524443419268e-01
-4.263656116482401059e-01
3.025882832220125329e-01
4.777281830209860747e-01
8.227469203524540031e-02
-3.688902906322737985e-01
-1.743079660592790292e+00
-1.682107539120290651e+00
9.171347238291860382e-01
-9.252635673501823366e-01
-6.713644130179726721e-01
-6.460619464492509678e-01
-2.036780693789125962e+00
1.260849417192764443e+00
9.051235800702115419e-01
2.285486422834807629e-01
1.796912599831854473e+00
-1.052497475158192586e+00
-6.039164159433231260e-01
-2.395195965481418110e-01
1.981777301267363678e-01
1.129939213050754343e-01
8.918368209549126790e-01
-4.604929339611689709e-01
-5.829845948702107039e-01
8.826174566147700906e-01
-2.516376325462929553e-01
3.529095385248313260e-02
-1.869635863010873922e-01
-6.209714208190497686e-01
3.460645104467061084e-01
-5.450444224943502558e-01
3.466023071317090309e-01
-1.202663222962599310e+00
-3.260573271718221200e-01
1.430656320850097751e-01
-1.422942668816344236e+00
1.647405644458851182e+00
8.286023403066464788e-01
-6.037510621554206258e-01
-2.182680020413573507e-01
-1.159261966689563383e+00
-4.533286222636657703e-01
-3.066545285153837730e-01
6.005949251769396313e-02
1.449728426430413553e+00
-1.935919949558530528e-01
-2.999133524696230291e-01
-6.725602375496693153e-01
9.437282191854847735e-01
1.090128706527215829e-01
3.640883001714232403e-01
-5.747704610932969915e-01
3.282525867324039837e-01
-2.645648920439759855e-01
-1.146006777166658663e+00
-3.202310151760631163e-01
4.055345379809255357e-01
-2.839751204221007130e-01
1.168265551590034479e-01
4.921360947607457126e-01
6.592613971210323220e-02
8.574948296512743817e-02
-3.096564564515056905e-01
3.134935632392777533e-02
7.829298721799762273e-01
4.312220255544539915e-01
-6.851598829022916837e-01
4.137407758014759185e-02
-3.708311926581624451e-01
3.577629383239988581e-01
1.138429253442051481e-01
4.067422576777970922e-01
1.044474556905890389e-01
3.429886328592238881e-02
1.059981891655825237e+00
1.283678462306013124e+00
-5.922335040376599524e-01
3.507244928231242898e-02
-2.754167962328407659e-02
-1.179621817339102208e+00
-7.617382517690112209e-01
-3.891287524574063905e+00
1.492983870065639485e+00
3.262581556513785008e-01
-1.215630815868562753e-01
6.940890609754389873e-01
-2.872781881418701166e-02
1.441324784902091316e-02
7.899880887391205198e-01
-7.688885203619622022e-01
-8.573760328706423461e-01
-4.129131348725065265e-01
-9.507113091433152530e-01
-4.042714659546643996e-01
-3.346629152421644604e-01
-3.572994878714852995e-01
1.835755801937493659e-01
1.874251561396161336e-01
1.442739797957616865e+00
6.426058958600873172e-01
5.409731668765546120e-01
1.788529602015587194e-01
-8.682534474250418466e-01
-4.141207813754394507e-01
5.136382363475755497e-02
-3.909637435102631398e-01
5.722092793180590942e-01
1.628614982696142688e-01
5.251892099537682768e-01
1.563959416285458370e-01
-8.887527741195248021e-01
6.349760130051673723e-02
6.609408202512449815e-02
6.164102277705345301e-02
9.918782830079323487e-01
-8.401026472170294301e-01
4.703525082810724456e-01
-1.434684727575006091e+00
-1.766255150970688081e+00
1.024765637263406415e+00
1.035695577231573322e-01
6.375068101097152162e-01
-7.991848734075954752e-01
1.005624832767147980e+00
-8.917768695723213845e-01
5.007957859050106153e-01
7.144128354256216173e-01
-4.665295589655895081e-01
-4.175164956061902521e-01
5.326674978643854974e-01
4.715489874107681861e-02
6.193489558242954579e-02
-4.292765167134998117e-01
5.143821214189993052e-01
-4.438591573997347495e-01
5.193143874489112299e-01
6.168275825208447971e-01
3.413324884753793365e-02
9.910106280080089869e-01
6.241123740471193199e-02
-4.853910467619642066e-01
3.784411318269617630e-02
4.400275430880904448e-01
3.104899465699091643e-02
9.035696465789533338e-01
-8.756009030745077748e-01
1.563554012107688296e+00
5.353981297694567765e-01
-4.724710960652671043e-01
1.551507892070795425e+00
-4.740110726798069107e-02
-9.121358406029933530e-01
3.761057146626950454e-01
6.263643276947725713e-01
-4.728308933113316292e-02
-1.242322881443195470e+00
1.021500895256415076e+00
-7.990352816178913908e-01
6.412342610341450477e-01
8.620204245021403366e-01
1.510730555481876625e+00
1.102620585875303094e+00
4.123760033043259443e-01
-8.677818055643399253e-01
6.014832225926525222e-01
3.448376423141176761e-01
9.328768189428224278e-03
-2.038834798729259323e-01
1.114496072716894437e+00
6.110543087894226844e-02
-1.122359618189711084e-03
3.521966843664322555e-01
-3.460635192831032492e-02
-2.825919518087249283e-01
8.088459255601133657e-01
1.456795004282669836e+00
-2.110318774460586688e-01
7.290021903916974466e-01
-1.672203340294364349e+00
-1.634705262818667348e+00
-3.279625598146579391e-01
7.062514127614407666e-01
-7.550587498715035650e-01
-2.610212289767240845e-01
3.362249895439300973e-01
-3.238332659557395521e-02
6.017566107520575525e-01
-8.456118295857317779e-01
-3.298738090154408886e-01
-3.000606887130605305e+00
1.368387065094497368e-01
-1.734595850037933262e-01
4.497164218771268485e-01
-1.665388345986548835e+00
1.701166943609913274e+00
-5.744880698512008776e-02
3.953841237173871814e-01
9.846602675201897581e-01
6.445596994354471643e-02
-9.563235239675783594e-01
-1.995360536978467936e+00
-1.822569705106195759e+00
6.881395126067126888e-01
-1.127144675138793239e+00
-7.714620250835263704e+00
-7.023481613023403458e-01
-1.378085729076817145e+00
1.546316733679156785e+00
-3.029307152494852495e+00
2.011457224730517801e+00
-7.511151493245860067e-02
2.646281993861746340e+00
3.719872060806035385e-01
3.301809969899921482e-01
-7.369774705401612724e-01
7.643611014308440144e-01
9.749266506234668395e-01
-3.138906049012826771e-01
8.408374449510895854e-01
7.404640764777887796e-01
-4.593107621188237122e-01
-1.130331809540978449e+00
1.173830826146386785e+00
6.906336702105215775e-01
-4.736734152962392974e-01
1.616418833087778451e+00
-5.091098829357396660e-01
4.347187855816307400e-01
-4.199246939714608717e-01
1.327024267886940834e+00
1.523199444998677154e-01
4.567657946081386533e-01
6.178566472913169516e-01
-1.596583806849603659e+00
-5.293960571025428941e-01
9.595034012646199706e-01
-1.042731660911478508e+00
5.073274983972315688e-01
-4.302819923719370387e-01
4.155489075251914688e-01
1.305086645771871279e-01
1.329844936589005933e+00
-3.342337940126325346e-01
-1.048179666340287142e+00
5.220958575995101603e-01
4.538828269668693793e-01
2.317277623272017362e+00
2.577120237321898211e-01
7.042490380763026525e-02
1.213153010175307855e+00
-7.913026300625949916e-02
6.857123701728808918e-01
1.632158822526479147e+00
-1.099262209653098177e+00
5.963705626082819178e-01
-4.046710465943031965e-01
-5.698367272778381842e-01
3.295987877421354684e-01
-7.892348518837769000e-02
2.968280590958175535e-01
1.567455001645311208e-02
5.969766333819535031e-01
-3.136890707631654895e-01
-1.536575827445003872e+00
-3.065716356496746287e-02
6.533337414014588340e-01
6.821803057554488570e-01
-2.342543381216153908e-01
1.922355065082159004e-02
-1.425026302447150728e-02
-4.417764151082700930e-02
9.476713147461282016e-01
9.209874469807366459e-01
3.352774195519434008e-02
-1.305426937654048603e+00
8.718376557003234550e-01
3.711481178465669828e-02
-6.599726230557537709e-01
7.542271031751407451e-02
-3.250260363814840014e-02
3.078310276038409010e-01
2.108407092487491585e+00
3.690258176801551881e-01
2.682939361890890773e+00
1.618178528601530164e-01
1.219280416322078953e+00
-3.898492640011771426e-01
7.466260448182735487e-01
1.132317511026679435e+00
-5.872478897428685674e-01
4.632247799223528917e-01
-1.871128282579237467e-01
-6.799256222084482104e-02
-5.727744887951347064e-01
-2.305079745769251509e-01
-1.104564031949951453e+00
6.245133507554436747e-01
-2.994072423272899353e-01
-1.800879697884142649e-01
3.729436736939819586e-01
2.591614606738493198e-01
7.037318033983578358e-01
-1.133854891446900437e-01
3.393814166407859573e-02
-3.912283986471308261e-01
-1.229235361171213126e-02
8.682667447662674176e-01
6.280541996561243845e-02
-1.648777660082814400e-01
4.654134681599068901e-02
-2.280850135317913363e-01
-6.592494235147891013e-01
4.497695267044627965e-01
8.637695559610267804e-01
-1.498161411618858518e-01
1.799344857443513801e+00
4.515518800101545049e-01
6.394662903138238486e-01
-1.698532418368624286e-02
-2.309788637404392442e-01
9.902478760134499902e-01
1.589143560108504882e+00
2.053543770825845272e+00
-5.356331417936852635e-01
-9.106336725273832533e-01
1.215156438401708394e+00
-3.729074106943193190e-01
8.505402265218311442e-01
6.340837234135678901e-01
-2.268460094797385695e-01
-5.843361389679428974e-01
-2.525975452050250314e-01
1.830674502635253886e-01
9.094710425346382021e-02
-6.236007526542044488e-01
6.239775052000389177e-01
-4.202187979400352769e-02
3.138216104606420531e-01
-1.485617570425515344e-01
1.894662213278252683e+00
1.370099922173455775e+00
-1.499198233589099205e+00
1.270768935526168875e+00
-8.687722896717536836e-01
-5.177913316444017200e-01
6.718835265920861111e-03
9.524500488064285619e+00
3.379249623656334078e-01
-3.339944742042084691e-01
6.590763069606013769e-01
-3.862216113420698371e-01
-2.909971110767271552e-01
1.890492149939130284e-01
3.678778676467066577e-01
5.547188861277460026e-01
1.227730412580973762e-01
-4.828843316488913295e-01
-1.647027242869756464e-02
1.660459302201287846e-02
8.117682280421890662e-01
4.210072180181822499e-01
1.163921104472946499e+00
7.501907018845909159e-01
4.075261319828633044e-01
-5.875629751452239313e-01
-5.250120204699850746e-01
-1.736327703884116058e+00
-7.679312396777802086e-01
5.235743212904939714e-01
-4.352030011834059353e-01
-1.216795806707882566e+00
-2.009482566722435026e-01
2.576985223795525970e-01
-1.346045691223704210e+00
2.326749071594896190e+00
1.310564402716481114e+00
4.889650768943767378e-01
-7.822977559844779272e-02
4.902003345613584750e-01
-1.473878517885587325e-01
6.348410099068141355e-02
3.038345086641555670e-01
-6.447722406241556126e-01
1.956647015824598990e+00
1.833489355017790423e+00
-4.368577615058643615e-01
7.172401668955284693e-02
1.608728487049766231e+00
-1.248021529685102937e+00
2.386112457989939539e-01
1.607217375566266648e-03
1.385321672043850150e+00
4.279399620746193178e-01
1.990949038967324558e+00
-5.484927198113315194e-01
-1.190015283534026524e+00
-2.490683116600490021e-01
-5.569384857493956176e+00
1.864549529020678165e+00
-3.843278818054441714e+00
-4.890998616986551029e-01
-1.132391348803362341e+00
1.173308381999022210e+00
1.789916165494659928e-01
1.840056640878225958e+00
-7.677166085195974432e-02
-2.588561776925988767e+00
-1.005210949913722285e+00
2.054714913053559133e+00
8.627967362147923591e-01
5.280605251132025613e-01
4.613957266656218970e-01
3.918204187072076294e-01
-8.412460244423165534e-01
-1.485678841235467340e+00
5.410426599043525187e-01
-8.902105852711819090e-01
-3.328221653430885607e-01
4.186461177919973409e-01
-4.805446387889473203e-01
-1.420441623594938862e+00
6.607290365023530399e-01
9.430808545046009961e-01
5.967966121312078681e-02
5.328832598952726318e-02
-5.305195516037980452e-01
-4.412700408752128767e-01
-7.114830834375786006e-01
-5.729158419432631155e-02
5.610356709400476927e-01
-3.551808997495148112e+00
-1.022225804377420166e+00
8.978637151389743387e-01
1.594352246595325706e+00
-1.116737561972430237e+00
-8.127893586268366555e-01
2.210775493918750723e-01
5.074726300655364453e-01
5.060837708918308753e-01
-3.229562749801277999e-01
-5.757715015259911029e-01
2.250359752233507815e-01
2.851914914656833444e-01
8.337737118618252508e-01
-7.670408463826664525e-01
-4.147882122213049638e-01
1.118781592352225268e-01
-9.236160271357563012e-01
4.571390054033031003e-02
-2.034621983015932889e-01
3.860651587262242668e-01
-6.481758634914106532e-01
-6.308772800879919318e-01
1.777100036699058583e-01
-5.051176497498794937e-01
-5.428710524017450467e-01
-1.400564984090053172e-02
2.473134323328590178e-01
-9.822117494837181439e-01
-8.814770006155489002e-01
1.253912025321954005e+00
5.450686347022646316e-01
-5.216284094238493596e-03
9.057128792400936934e-01
-1.220248878521495162e-01
5.275449641938056988e-01
9.596015182332624793e-02
2.628707998899481590e-01
-1.395247640858221505e-02
3.416006559679370391e-01
2.635385098137250082e-01
3.278910103598246528e-01
-4.835141714841486582e-01
6.777325326014307372e-01
3.744403139196320618e-01
4.708719669642912053e-02
8.564611574403330208e-02
6.040020602750830747e-01
-3.496142535824786624e-02
3.188234867254878813e-01
2.153822666207969139e+00
1.277759467180742403e+00
-6.119772858276738559e-01
2.329526511745632522e+00
1.239488465645900650e+00
-4.193217242224914765e-01
-6.450230541639866422e-01
-1.452615445116985038e+00
9.035171087714287674e-01
2.078738340773774951e+00
6.770091047135889939e-01
-1.587098195599952466e-01
1.002077272303589117e+00
1.675555681156488008e+00
-1.285154016906800534e+00
-3.444727398093633819e-01
-1.226686212403998333e+00
1.345185924944877875e+00
-1.790863232529655014e-01
-1.601446328832804022e-01
-3.476299279196240488e-01
-5.837142633795411317e-01
5.428910345218138644e-01
7.767523259188072737e-01
-3.394361457136437776e-01
-5.864022006982648749e-01
3.134578210588715441e-01
-5.886415966396102428e-01
-3.793730053334231300e+00
-1.538365115285568463e-01
9.286017743488970133e-01
-1.227787371367017100e+00
1.952452644114596403e+00
-8.890804285235156534e-01
-1.487341819402510978e+00
-5.840410857607831741e-01
6.058547009245942583e-01
-6.900883063685807617e-01
-6.373403344148915739e-01
3.769393251745239981e-02
-5.637380417350842388e-01
-1.872653020940166169e+00
-7.400131481054169624e-01
1.500069040624446348e+00
1.597681991082678943e-01
3.460453763691500595e-01
6.438006055153135954e-01
-1.698085069568073813e+00
-1.009271344476704968e+00
-3.536305224381012247e-01
4.217313024655107712e-01
1.161977472885931340e+00
4.912918743864614912e-01
-3.797432787338438920e-01
-4.970604611177857901e-01
4.112114142771360337e-01
-2.316900020649002023e-01
5.519277618701287080e-01
-2.574222387648764654e-01
2.112976307932124265e-01
-5.526127236395106390e-01
-4.385635915174766475e-01
1.946533985155604954e-02
5.129034804323340246e-01
1.461442832508744183e-02
3.831049048696552606e-01
-1.581516049152510428e-01
-2.417061453506229030e-01
-7.149766894445071241e-02
-2.003065939242412719e-01
6.701928005606382355e-01
-7.712725971733333519e-02
-6.064763503278553652e-02
1.755526942979917515e-01
-2.190725546918515509e-01
2.033611722692703072e-01
1.621805943156138796e-01
-1.726627961811795675e+00
2.574353904881266919e-01
3.048605750806037129e-01
-4.426445341585583670e-01
2.973398966488108863e-01
-3.275954794448036056e-01
2.049998812615432264e-01
1.006885668297395675e+00
-7.385478010264968640e-01
-1.590337116385322214e-01
2.799033823840766932e-01
1.426051139219887687e-01
7.471310542521945042e-01
1.327678786871403727e+00
-2.190884404415477604e+00
4.832952665000246339e-01
