-1.618232159754197985e+00
-3.036036965487740602e+00
2.553567266573690819e+00
-5.182572411711172666e-01
7.999296048810905502e-01
1.524580665938011448e+00
3.096265368275504581e+00
-7.194314643047245994e-01
2.755536745452245917e+00
1.767471866763364596e-01
-2.103173373034004978e+00
2.452467636666897377e+00
2.074627979595252136e-01
9.968190878032974211e-01
-2.292755168371380936e+00
5.589263472549624856e-01
8.923810447419301406e-01
-2.164527601978514237e+00
-8.426203996630355908e-01
-6.426810294831077908e-01
2.353305315338650061e+00
-9.505126220210463606e-02
7.998767437341316455e-01
-1.424763015554117773e+00
-6.209035753155710546e-01
-1.421832732271494371e-01
4.831039815073375765e-01
1.387622731625790529e+00
-3.217149585638397480e-01
-7.211788793901379169e-01
1.780940336123681078e+00
7.013092411800585513e-01
-4.542490831842389831e-02
3.085697368124791229e-01
1.692206163051102941e+00
1.930464151916720494e+00
3.793659451376218406e-01
-7.606023689985049741e-01
-3.830588770803738941e-01
7.654498170505794619e-01
4.569231098224409426e-01
-9.221911211593808444e-01
-1.194588593817715871e+00
1.464233307049380151e-01
1.094542844219134503e+00
-6.588347021175529061e-01
1.501349554384272533e+00
1.377641898033710843e+00
3.550105293766568915e-01
3.065491137068726002e-01
-2.974609240721527437e-01
-5.735540325551087282e-01
7.359905001145293779e-01
-1.715313645334567205e+00
-3.832816635463592858e-01
-1.342810787332637257e-01
3.934651387079238227e-01
4.467394792540452797e-01
2.861862028124281809e-01
-2.368843257534217983e+00
9.974109761142666564e-01
3.808101295802870934e-01
-3.422063186407895419e-01
4.337162339229988506e-02
1.675295358667345580e+00
1.028678001054977864e+00
-1.092139101919319177e+00
-1.507463287527524676e+00
-9.949259394526475120e-01
-6.642163111864202163e-01
3.933123611933093122e-01
-1.189721749417466334e+00
-3.943007667234617597e-01
4.127705314286324034e-01
-1.770751559532857122e-01
-1.021381020424101393e+00
-1.998842376511130725e-01
-2.075841362524454836e-01
3.095500275830287418e-02
1.349765695046679870e+00
-1.446741039356143066e+00
-3.260102707156031232e-01
-1.963368713192948367e-01
3.551750963441734354e-01
-7.294253484056298920e-01
-4.941812655163348167e-02
-1.078004900774071295e+00
6.965443525638181921e-01
2.776211971845497839e+00
-4.639564382065391457e-01
-8.132614212680654431e-01
2.020471676957865670e-01
-7.284353840719933748e-01
-1.229458816735330196e+00
1.342880847123446020e-01
6.079039963181486206e-01
-1.132395281498011386e+00
-4.198415358473373549e-01
1.902524438769551240e+00
1.755448519852317979e+00
2.115354768899478377e-01
1.079822875880746658e+00
1.142651264680039636e-01
4.179916215882741870e-01
-3.802176663446951155e-01
-3.861063148021917080e-01
3.294792821618020007e-01
-5.237384504895682413e-01
5.814292739436479479e-02
-4.374959867199368357e-02
-9.864962803608310349e-01
-1.193576525444322245e+00
1.116335291632975374e-01
-1.280454954229995890e-01
-3.730425722930680310e-01
1.021707241516025544e+00
3.368951183650324976e-01
-1.015768208131349271e+00
-3.390841258462689023e-01
2.258227502451167282e-02
-6.812250164249273876e-01
5.532087006596124457e-03
-4.946681676184846999e-01
6.210787841729927816e-01
-1.472930378921200045e-01
3.004965003136236268e-01
3.456130312536280780e-01
1.920934073451445068e+00
8.096324124364205899e-01
1.183197485421868672e-01
-8.168734036867401072e-01
1.225444043543969519e+00
1.618609625108222982e-01
6.908637574236367596e-02
-2.642089160771853851e-01
-1.485995766194175005e-01
6.983581560705039992e-01
1.648892972141317692e+00
1.255797083045843421e-01
-3.718289101576499056e-01
1.715228203850256428e-01
-1.735745623566880558e-01
-5.331050629506958183e-01
-4.298810692848303860e-01
4.589745113568962087e-01
-3.455548577267417709e-01
8.194739412967417813e-01
1.859632541778199338e-02
7.751991534144857532e-01
-1.203659003802985517e+00
2.525476103745928347e-01
-1.070734862879862082e+00
1.318918234588729345e-02
-3.725521400225815793e-01
-7.928612978980725812e-01
-8.206146432957662773e-01
4.611658705094863198e-01
-2.526085602122432605e-01
6.102150815287659125e-01
-1.324362538703803549e-01
-4.460703579013731712e-01
-9.291884696340206584e-02
-3.979347340414386425e-01
-3.616860998208874522e-01
-2.476947064432064305e-01
-9.016442037489366124e-01
-7.197169146054392952e-01
1.021071970925990779e-01
-9.053823908990421554e-01
5.041457729756119166e-01
-9.602653798435394350e-01
4.996576915648829331e-01
-3.787644182487089894e-01
-1.498038426372420684e+00
9.282128235646436298e-01
5.410892662273477649e-01
-6.411584995895022177e-01
4.903081881934253095e-01
1.396190818384980270e+00
1.473817670878425634e-01
-1.994663816632157860e-01
-1.338537530008927057e+00
6.184541172036456258e-01
-4.976337034659535363e-01
-7.820578329895362391e-01
-6.620735858630214521e-01
7.753252073760279472e-01
-6.808112371567583976e-01
-1.438776956912204419e+00
1.192481972870885087e+00
-1.972607234848412272e+00
-8.132150046764961004e-01
-8.325358129205976399e-01
1.482444553544180588e+00
1.051170579111042391e+00
8.635584732459833379e-01
-5.810534716068175287e-01
-1.206363274337306501e+00
-9.266578999552691487e-01
-9.259336433339460104e-01
1.613781789121495613e+00
3.783440571981933065e-02
2.882136459538843787e-01
-4.333627969457598539e-01
1.124421239545618789e+00
-8.443172148806004085e-01
1.751721170302744435e+00
2.199108034804196921e-01
-1.866340485873382860e-01
6.459778516118618308e-01
1.119935904119365999e-01
-2.803063364663352375e-02
-1.098061772684744586e+00
-1.242948510475776341e-01
-3.285625480068506410e-01
-4.458611595966584518e-01
-4.372915717737520525e-01
-1.374551256862779347e-01
-1.699021169570576584e+00
2.447121146430865368e-01
-7.596122056176400905e-01
1.830340701842342321e-02
-1.326486335267960948e-01
1.073730235687651025e+00
-7.591122797208346706e-02
8.260588572327824675e-02
-1.632133734396693292e+00
-9.495722098360803720e-01
1.271023002362526855e+00
-1.345775348775053670e+00
-4.370929100635843056e-01
-6.848984906976375298e-01
7.509413639586531852e-02
-8.412828914641519162e-01
-4.659894798526304505e-01
1.065724890107885292e+00
1.920389699849308074e-01
-1.678771970698185401e+00
2.916896408363467419e-01
-1.031065429839456815e+00
4.945026132381067918e-01
-9.612329579451380779e-01
3.295742016531315599e-01
1.270017290910440202e-02
-8.160167985008582869e-01
7.759871005705393232e-01
2.811139076765680755e+00
9.134319415538394438e-01
7.785922349384060137e-01
7.045651004838068832e-02
-1.925868236388175170e-01
-3.009142541376853552e-01
1.688239669085608297e+00
-7.866056582844555001e-02
-6.040148578431516757e-01
7.619661523710697937e-01
-1.312457482864819003e+00
-6.486511221561577223e-01
-7.409461447720603333e-01
-2.391400686911085149e-01
1.938585655748108261e+00
-4.222066967372744561e-01
7.295079260910320995e-01
2.765506386678001638e-01
-4.092578467944811282e-01
-1.429789261623752861e+00
-2.469547807244762416e-02
6.588916437204052345e-02
7.924440041437897930e-01
1.070113100258686778e+00
5.625223086488234658e-01
-7.780804912474460766e-02
3.318428588260455836e-01
4.675556398246513146e-01
2.081471030401259581e-01
-6.738051275011589514e-01
-4.175513611150772908e-01
6.976780361803448516e-01
9.345281950357715584e-01
1.737703172898821258e-01
-1.557101190887651976e+00
5.747068390322723069e-02
-2.377754543001327214e-01
-7.070397280853406574e-01
-1.710880451720991346e-01
-4.997617199905996510e-01
1.370232129590373826e-01
-5.807855134650310447e-01
-4.725418343581511138e-01
3.924479279573926949e-01
-1.096407739421931149e+00
6.681827209527421707e-02
4.500112044931182664e-01
-3.374486218295293938e-01
-8.496804842787972767e-01
-1.234561222288920845e+00
7.450597280508706177e-01
1.608380140348616205e+00
6.386070267515521204e-01
-2.774377373907128963e-02
1.669731269582568622e-01
1.249863605013112888e-02
3.164526262872034423e-01
6.956337787321343891e-01
-1.702367502722358927e-01
3.608083426910418945e-01
-9.146667561643760935e-01
-8.701028707084258462e-01
-4.146852791035120500e-01
2.132188447738561643e-03
1.307954617368080885e-01
-9.122069559247512061e-01
-1.180990955375445406e+00
1.510244513286376211e-01
-6.499968810470392322e-01
1.558584324317441316e-01
-1.504532729430733962e-01
-5.404165448744708833e-01
-4.537592579890821209e-01
1.401003951058928942e-01
6.692924541653237913e-01
-2.154379237470629982e-01
8.434096482633124392e-01
-8.911663569248706729e-01
1.404716060778164743e-01
1.414244946462093644e+00
3.696818709309979134e-01
-3.523526052242924589e-01
-9.656433355605053004e-01
-1.008311685697265425e-01
-6.678565410157120130e-01
-2.655042992863580475e-01
1.689011491261537268e-01
-1.639707820339085798e-01
-1.451598328759179934e-01
-1.013243120215223669e+00
-5.420258955927478306e-01
-3.323156426933696617e-01
-6.013598933210287378e-02
4.805635797064813919e-02
-7.044403757346398010e-01
1.188314259820782759e+00
-1.038297918204270198e+00
1.752953972664760940e+00
9.454318944606326935e-01
3.444526790883370992e-01
-2.392644668133693808e-01
-4.626329582816660069e-01
-3.830310275183319568e-01
-6.136607333331544484e-02
-1.316801976949948383e+00
3.351362834633417331e-02
-1.807557456404618401e+00
-1.589099953004954602e-01
8.027510211874098189e-01
-3.486071637274796298e-01
1.303480738693777674e+00
9.858464431559859076e-01
-1.143305819491663433e+00
-1.433901272890298451e+00
-2.669829772676665103e-01
2.616379230934294808e-01
-9.596251938388582481e-01
7.250903645473076864e-01
4.643576898836315747e-01
-7.197322078272104795e-01
1.009555472033864532e-01
-2.377238102246753970e-01
-6.338445027077074245e-01
-2.884225498894693596e-01
9.517161205647305111e-02
2.273265354605984445e+00
-2.152743427709676305e-01
6.838390077688888402e-01
6.754588663965876982e-01
-1.830947615242098925e-01
-4.521998635471080608e-02
1.200488614463407933e+00
4.644760981232951558e-01
-3.108446853673923482e-01
-2.704038124073327443e-01
2.630187623644384964e-01
-3.159663173977640960e-01
1.571453226772888401e-02
-2.560767576888541841e-01
-8.303544274709756534e-02
4.924481817508104542e-01
1.206066859776340650e+00
7.307459165349639019e-01
5.785731276151829805e-01
-9.862327004208878978e-02
-2.893423617568587902e-01
8.994610628381870532e-01
1.859980283171968340e-01
-2.450229812821367315e-01
3.031544455834398466e-01
3.287677396318559042e-01
-1.788170758878409317e-01
-2.880628553456290875e-01
5.572407189573083119e-01
8.231743038999337347e-01
-3.086011606285604669e-03
1.078859763377099545e+00
-4.790297661789560402e-01
-3.411208762526509175e-01
-1.378297519241617808e+00
-7.718232178553035006e-01
-1.060963745793128687e-01
-1.597465456567209452e-01
3.003830944306355444e-01
-4.923825670247981012e-01
1.936373240647170368e-01
4.014405308713922538e-01
1.680509244919067280e+00
7.370405464445336507e-01
-8.363071703203577012e-02
-6.320625114630405994e-01
1.383289588778680912e+00
4.709509452728503909e-02
5.115625188016444946e-01
-7.852799630946634135e-01
3.369908567704489322e-01
-3.011688774894035747e-01
-5.193535394769016600e-01
-7.459138141015113632e-01
1.768908431974877959e-01
5.335113503297552601e-02
1.273976262463155651e+00
2.950837741471150077e-01
-4.960306384709490812e-01
-8.471300396085869322e-02
6.968439851412435715e-01
-4.480665514050700127e-01
-1.759339056447505600e-01
-1.277229376119335846e+00
-2.077748514443964467e-01
-9.691378426509202060e-02
1.146450403184266387e+00
6.297481978893333388e-01
8.098507637684453364e-01
4.993722342706110595e-01
3.328498460551130855e-01
5.107130748108807961e-01
-5.837048422780870965e-02
-3.767654580123879215e-01
9.343090318107887260e-01
6.950213615736765549e-01
-9.691195040050651702e-03
-1.046228389258275215e-01
-4.064042072150032547e-01
5.178645217942526857e-01
9.040006713487721557e-01
2.360404484769764444e-01
8.449532333046557708e-01
1.373971519414628473e-01
1.557695227326868492e-01
-1.791943492210578970e-01
-7.378067727199482118e-01
-1.487041611957683918e+00
2.714984553727316507e-01
6.681263739381136935e-01
5.016075905535722912e-01
3.249884518511992892e-01
-2.841864121623330353e-01
-6.237140527544230428e-01
-5.610181877351898549e-01
4.551438764729597297e-01
2.058486384965412697e+00
-6.529882302077513745e-02
-1.404044287142577375e-02
-9.647481406767159928e-01
5.634504216269777821e-01
1.905707134953416038e+00
4.866601461034479881e-01
6.887814233459126356e-01
-7.142022238661364930e-02
3.882464195577535471e-03
5.003182089942408428e-01
7.640839987432775926e-01
2.159461012396733381e-01
-6.765589757275891625e-01
9.711515582219500953e-01
-6.683730445756712324e-02
-1.548036582935613525e-02
5.501087529239966356e-01
5.714691790810723093e-01
-2.002875091917327988e-01
-2.719301436722270982e+00
-1.577982139342572754e-01
6.666713758475027729e-02
1.930509937516115881e+00
2.195532895043129373e-01
6.420794617785594016e-02
1.906213200732641000e-01
1.167919469063666060e+00
2.576433746433304250e-01
5.302630538183769615e-02
-1.736779196467782782e+00
3.063824940016989240e-01
-4.434330291805810287e-01
-6.948188795638899906e-01
-2.825119835204512042e-01
1.436623318890431378e+00
-4.639247525276925244e-02
-1.098652193573196323e+00
9.390354846433268676e-02
-6.980309540481119956e-01
-3.419838187183026346e-01
-8.497887728974293231e-02
-3.421683864353521065e-03
7.235013941696607498e-01
4.758872440933794024e-01
1.304358976697997274e+00
7.865354454787188976e-01
-1.754643860107968079e-01
-2.633558450979449628e-01
-2.253134877811298065e-01
-1.448099507597062630e-01
-7.656184780714518912e-01
1.043581485795520791e+00
1.357436812346498878e-01
8.051935526727946879e-01
2.006069314138869963e-01
-3.321428423471234348e-01
-1.496668283532389676e+00
-4.193515339313217405e-01
9.726508320015750386e-02
6.094860149264308413e-01
4.407587033885661532e-01
-3.182941952311348355e-01
1.111742679606374101e-01
4.001141128738012753e-01
1.509491826833196493e+00
1.055377539042055890e+00
1.791070619225791916e-01
5.259916030159165201e-01
1.815451686656832098e-01
8.660228646891560134e-01
-1.283781415602142650e-01
1.683138027984675267e-01
-4.098463531122777392e-01
-3.921637682391289625e-01
-4.659216234521155742e-01
2.006658417810201822e+00
8.610691969803034862e-01
-7.858720836654661812e-02
-5.018510966538128337e-02
-1.576737683179580740e+00
-6.802298347181581217e-01
-3.095073703300861290e-01
-1.471551545987895171e+00
2.539228915766277295e-01
-7.432469823456958058e-02
-1.704417883959170044e-01
1.353003082046420058e+00
1.486039309750961435e+00
-2.008068353663181593e-01
-1.677237035760654749e-01
4.900390715439448264e-01
5.910782559237397482e-01
1.942512860043831835e-01
6.438258100982808818e-01
-3.205074135987887596e-01
-6.996871322785008784e-02
-1.149373919261762911e+00
3.560124353256596819e-01
1.116316949038533624e+00
2.135655382792533419e-01
-1.024458884301714168e+00
-1.427695945063761629e+00
-6.128624553903981587e-02
-1.196026238138747644e-03
4.852446635864931523e-01
-8.748684313659765843e-01
-1.020482273041721788e+00
-1.020597292831343150e+00
-3.860177346809484655e-01
-8.313868775954853796e-02
8.573011901226609832e-02
1.408546148161339828e-01
-8.061715256380749262e-01
-1.703935537830548186e-01
-1.166183258557461411e+00
1.875000524365912358e-01
4.776222794075777323e-01
-7.325873594176586234e-01
-3.173607639043188877e-01
-2.601803631551945495e-01
1.172505847682731472e+00
2.949520881556622065e-01
2.410566952197608359e-03
2.820775999966761982e-01
7.194312599948836651e-01
1.599081452949794036e-01
-4.253962749205504601e-02
5.007456542016647250e-01
-1.730417891371204053e+00
-1.160826411402381186e+00
-1.515584803379170509e-01
2.381034302804178882e-02
-3.671528972780447875e-01
-1.171248965883597837e+00
1.122677768828547418e+00
-1.281765473660353205e+00
6.252652177840181680e-02
3.584645410718075020e-03
-9.008017228538154342e-01
-5.538176481012817565e-01
-9.385371380631279958e-03
7.190459238452483470e-01
-7.717569175445176954e-01
2.457501038632652346e-01
-4.078180431139736273e-01
-2.378983698796732327e+00
4.865023971608639641e-02
2.285587846747685892e-01
-8.069336583313947431e-01
-7.046349068240930213e-01
-1.799931067574538801e+00
5.595381108718391339e-01
2.330178031880441036e+00
-6.014484946912367347e-01
1.176929417415016221e+00
3.267671761692657051e-01
3.394719202042323358e-01
1.425353004664873469e+00
8.005985034159082137e-01
2.270869177490733581e-02
2.779524967931469304e-01
-1.463968498625285219e+00
5.422710523794752602e-01
1.512423143588089491e+00
4.143018023140833672e-01
-2.342160243889023774e-01
-1.556582260303068788e+00
-5.724547272163231504e-02
4.950676427967407589e-01
-4.189554698752394057e-01
-1.282175415878269664e+00
-3.695512323395231391e-01
-9.683099949123995243e-03
1.720894411979210004e+00
7.744593748096736952e-02
1.646734878489476972e-01
-5.797360723907879487e-01
9.127088353545788069e-01
-3.338928252109521488e-01
3.122644411571885437e-01
1.576792841799340150e-01
-9.578416687082478287e-01
2.552764541797193365e-01
-4.253319406804894620e-01
-7.632765259066012220e-01
4.199316532753211151e-03
7.380592593176369398e-01
5.918604460328887873e-01
-3.289875719915971164e-01
1.416964374681183081e+00
-3.743574656205739815e-01
8.364652518653370450e-03
-2.041386104884365671e-01
-1.682195425945185452e-01
-5.737361423359739476e-02
-6.668887687141655807e-01
2.207864063599488946e-01
-1.289514524284851027e-01
8.680185713384567237e-01
-2.978061605765093267e-01
1.060884688006874743e+00
-4.555936099940508660e-02
-5.389559687606974153e-02
-5.303559013256974319e-01
-3.007196212263444357e-01
1.958880356586702731e-01
-2.666108966301795058e-01
-8.358571366046197992e-01
2.088543648425553456e-01
-1.438352086704516031e-01
9.723300691420602160e-01
-9.618721466912490137e-02
3.119424963502950288e-01
1.104621706845705154e+00
7.141350425737604812e-01
-7.115083266015491403e-02
8.425144872894087256e-02
2.376194676528708416e-01
-1.336125035826913332e-01
7.577424991386072506e-01
-4.080390997944355336e-02
-2.806503031944792559e-01
4.475181733560556485e-01
-4.285520668912717879e-01
2.368334270206048364e-01
6.530349445602438019e-01
6.092195888741895604e-02
-4.493160455294559208e-01
5.045331328322244513e-01
1.046959996695100426e-01
-1.381075216404794304e-01
3.151732966752821552e-01
-7.595430654039547758e-02
-1.051497798544223095e-01
-1.041467665211585070e+00
-2.049060678197873464e-01
-4.000116528456436615e-01
9.128251972708494311e-01
1.218055819462262601e+00
-1.020873366959239026e-01
-3.372378358176283397e-01
2.707856384622790991e-01
-4.427125680412500319e-01
2.961463952026889279e-01
-7.341893680800642974e-01
-7.019762673900075134e-01
6.657329477303366994e-03
-4.948462954424788507e-02
6.819992916160230179e-01
-7.451892216210803666e-01
1.509899484261811586e-01
-9.845406440363106970e-01
1.138635751151221703e-01
-6.428712578774831155e-02
1.395676511455762991e+00
-3.508316860503640777e-01
2.424632722273362406e-01
1.372563484284656354e+00
2.990835846539446896e-02
4.974483615286462990e-01
3.638055325355999403e-01
-2.351194365466365566e-01
6.473885794453811959e-01
-2.505955147602670907e-01
7.690755969311405815e-01
-2.386327241364826213e-01
3.754987799686859695e-01
-1.139354718749421014e-01
-1.918294780365383256e-01
4.142308640465473812e-02
1.008174194678638447e+00
-2.719943703237348576e-01
-4.782334291531057935e-01
5.855585879150521089e-01
4.175139376016830106e-03
3.757143960683380080e-01
4.252984342377170712e-01
-2.021238685259697798e-01
9.758804339481741419e-02
-1.008107793715621869e-01
-9.501440755022321216e-01
-1.404900174421750969e-01
-4.926286836907656230e-01
9.682489390053089506e-04
6.222135007399494100e-01
2.798054073335419223e-01
-2.382390857698073183e-01
-2.446056248098712471e-01
1.102409994036734009e+00
-1.263655834477807327e-01
-2.404952248793947867e-01
3.772019738252845866e-01
-1.861427118037652095e-01
2.608979172403604885e-01
-3.972289971922837171e-01
3.348548976081896500e-01
-8.425978699249575543e-01
-1.284915067043899572e+00
-2.812801602128106593e-01
-6.407714947283797979e-01
-2.184788483046212759e-01
-9.875480299488249847e-02
2.261473819634314542e-01
8.215185852255224574e-02
-4.226254587163296161e-01
5.107421418530299073e-01
3.593553380113402307e-01
-6.799977603252136404e-01
-3.290372849188111237e-01
-5.336828752166611345e-01
1.209267998473184891e+00
1.001128258900911561e-01
1.690203929706668162e-01
3.795824524259018284e-01
-6.041319095259379823e-01
-1.128095215233373694e-01
-1.969671400187105181e-01
3.208957407558205577e-01
2.056086954458869798e+00
-1.548148548418090131e-01
3.198083707229793654e-02
-3.629822701142664809e-01
5.650153764890767372e-01
-2.229182528418912831e-02
-6.998486122595046766e-01
4.315313627838371358e-01
4.038721721131966480e-01
9.456757731125141342e-02
-5.282504911833263428e-01
-1.044392024146835629e+00
2.038925181652731511e-01
-7.494828704290639187e-01
1.261012216343222470e-01
4.497503876028573488e-01
2.442006328402419879e-01
-4.395563936038949793e-01
1.200157512676307825e-01
1.019248433088319472e-01
-4.275297567422823852e-01
-4.536269904944861819e-02
-7.762009349189122331e-03
-5.123632254189644519e-03
5.643953951051327439e-02
-2.071254704889645137e-01
-8.093867757894506187e-01
9.157703754405034646e-03
-8.372930256297542728e-01
5.502479827628362768e-02
4.083073466121762141e-01
-2.019464965333643558e-02
1.531013152252191922e-02
2.402185758980420471e-01
2.273023433747135558e-01
2.678890654463534360e-01
-7.387636076848597133e-02
4.474052821032459965e-03
5.763976843596885224e-01
-1.021630933000667318e-01
-6.266832616011337453e-01
-1.436573170589918513e+00
4.858504658539406496e-01
3.139549902874365084e-01
9.648000743569260518e-01
2.785172685982476026e-01
5.251263824940095581e-01
-1.731403379887103688e-01
3.391538747140643295e-01
-9.547313721329950265e-02
-1.041435342913486772e-01
7.240266570895589893e-02
5.195273863142877424e-01
-2.035791116638247522e-01
2.545972750898977122e-01
-2.815389920364220755e-01
-3.310396629572753269e-01
1.099635416614577754e-01
-4.435469130493355783e-01
-1.002401805341386343e+00
-2.868534656634654789e-01
3.654837113133345139e-01
9.153455782500466431e-02
-1.515262947453252518e-01
1.077668405272048241e-01
-7.738038982397482668e-01
6.765112490956063374e-01
7.864346716360097744e-01
4.070851898941783842e-02
-3.565269634457969850e-01
4.340477818887465700e-02
1.927626370613346463e-01
-9.229982316331561409e-02
3.252564470417230735e-01
5.260795242129638616e-02
1.201535550808247310e-01
1.217919052131496011e-01
-2.267465972436334964e-01
-2.834076131037818747e-02
-3.560867809981584364e-01
3.018517058012041843e-01
1.003324893665267226e-01
1.133469780362346691e-01
7.956754247229931298e-01
1.137628019383729178e-01
1.570890577044345982e-01
-2.783266836582015125e-01
4.543967714296432425e-01
-6.372203552020927475e-02
-4.000471056237847600e-01
-3.901740662512658830e-01
1.100842025739897229e-01
-5.718161162078461146e-01
-2.607029059371595570e-01
8.545481226099347349e-01
4.772493361441624421e-02
6.845898803837255908e-01
8.144593759620031292e-01
7.100560730230656703e-02
1.683761515110688556e-01
-3.936995946146841507e-02
1.045162591450264911e-01
-1.310860946785014081e-02
7.102425458620651444e-01
6.878239275488556848e-02
-1.743546049259093733e-01
1.883263829909193887e-01
1.159189432460746849e-01
2.251104006155162929e-01
4.762122730623514766e-01
6.246269398134889350e-01
-1.652913179765087559e-01
-1.222108422044712872e-01
-3.251520876918729819e-01
1.751508807847529658e-01
-3.139793465252262994e-01
1.282734147341742847e+00
3.695647207579911830e-01
4.798403674499627375e-02
-1.867617823113582043e-02
-5.062577528875496224e-02
-2.102659126298770179e-02
-1.258266279451009773e+00
-5.545230492148843782e-01
7.465969162182105601e-01
-1.030169457303483416e+00
-4.377355985935037497e-01
3.170603466397248216e-02
4.996608991745957740e-01
-6.162099965380846145e-01
3.127283156196113412e-01
-3.970993056648294828e-02
1.018429067540099098e+00
2.920791047700206922e-01
-1.721282473859812034e-01
-1.297223387029579345e-01
1.000420089705841703e-01
1.316662343320935957e-01
-5.649338185473615770e-01
8.350347163309218557e-02
-1.441109218925329394e-01
-2.854898951441934285e-01
1.157125906490698242e+00
1.842921745360291685e-02
-2.711489209873375050e-01
-2.145878059709049879e-01
5.097577842661541458e-01
-4.162975153869105105e-01
2.229606082864660221e-02
8.375129052026062393e-01
-8.999630837871110817e-03
-2.479800148723974307e-01
-3.467103329972687220e-03
-9.804489491158915326e-01
-1.403683008775295171e+00
2.427393723512496354e-03
2.519087011000617493e-01
-1.238797109542510322e+00
-6.648987181545222835e-01
3.109733621991113695e-01
2.779914190881779823e-01
-9.592676698082996944e-01
1.571735184219239245e-01
3.056363419030817541e-01
-3.844037712121144978e-01
4.737764243900440680e-02
1.598448552093358344e-01
-3.504380400277445351e-01
-7.180112742778017587e-01
7.789711825134195688e-01
9.254969731334368177e-01
1.956319651525260939e-01
-4.918875029538764126e-02
-9.689307087143133046e-01
9.793082852149034845e-02
9.305029623242521142e-01
1.439306881259993509e-01
3.800064745693929047e-01
-5.320482691624189853e-01
7.374973948692105374e-02
5.232286211383272434e-01
4.613463496842342693e-01
1.181091331693220718e-02
-1.438103510913810723e-01
7.191219211511388210e-01
6.678697868776346802e-02
-3.172050261348378919e-02
-2.862419900511221638e-01
-4.500742513417397839e-01
5.006052582703336418e-01
5.888368741273309892e-01
-2.360743663333072784e-01
-7.749880287045316507e-01
5.850365948454747667e-01
-1.063556477875223560e+00
4.376542533210192598e-02
2.832139254634129522e-01
-1.257919983865506408e-01
1.003481644091583358e-02
4.209599244747387892e-01
-1.223046474448779425e-01
6.306275378771121209e-01
-5.238022829415482640e-02
2.843786567778991969e-01
-3.189802417572335513e-01
6.274723675778307030e-02
-3.731966603388569559e-01
-3.010595176734296441e-01
-3.619075252881684412e-01
1.130579156196658275e+00
2.939015321581326945e-01
3.973388476792561463e-01
7.736024767567057925e-01
1.365102652356731117e-01
2.624707843114219008e-01
2.161782256871703223e-01
2.394156318103843328e-01
-9.686188218676236028e-01
-5.149150953383545559e-01
8.021992603556039603e-01
-3.271175769375085640e-03
-8.368956266032649971e-01
3.153634278992584750e-01
-6.096908389002163309e-02
1.013247189469124399e+00
-5.162390124640507671e-02
-2.205910223393774960e-01
-1.213330239424828649e+00
4.363813124071164173e-01
-1.564022751609962236e-01
-6.764178120872662570e-01
6.147909737032652977e-02
1.560530491610133130e-01
-5.479810623268379643e-01
5.293371297218585347e-01
8.017852453351197173e-02
1.358237031855945576e-01
4.450862246261075295e-02
6.879125652798824264e-01
-2.127824075276633919e-02
6.683955709375105636e-01
2.211248139639399313e-01
-1.954918435254103526e-01
1.809224300819787246e-01
-2.517798275178197431e-01
-5.040274908368104489e-02
-8.772312066902767658e-01
-4.436901279942755960e-01
2.812715187120493066e-02
-2.732949093668025076e-01
4.124763310487276069e-01
-1.028620945054231628e-01
7.977846659556877551e-01
5.055619108703363757e-02
2.191645899830603206e-01
4.743151607363350064e-01
-6.379991250336555786e-02
-1.245396101507785236e+00
4.866183561084947984e-01
-2.461253632028598259e-01
4.987433086313046715e-01
1.129182973851860505e-01
-3.158999454944400043e-01
5.252141680053534767e-01
-2.429894491096793174e-01
1.098481961186829947e+00
1.173197266346057005e-01
1.221273860968716152e+00
1.995982348051965338e-01
8.381285773184632415e-02
-2.801349298869599269e-01
-6.176714043588396041e-01
3.069292577673762290e-01
9.082771221201781930e-01
6.930538433465083248e-01
4.619630910318492933e-01
-9.666467879438118693e-01
-5.101512664466457680e-01
3.471225810258855571e-01
3.179136230182407763e-01
-3.452492588790125883e-01
6.574351516868894851e-01
6.245537858886660576e-01
-8.129555946134910116e-02
1.043168738074949697e+00
-5.271202097148640631e-01
-2.965272380355087889e-01
1.334427785868095295e-01
-8.701584536464207487e-01
-1.691502117692163187e+00
-4.916068923348702047e-01
9.817331814215632946e-01
-1.302749279040746666e+00
9.460620850202040855e-02
-1.894212126796989137e+00
1.953156362005895041e-01
-1.809683710852384719e-01
-3.368137325245235125e-01
6.126608575083416497e-01
-1.159880168933237754e-01
-9.511440647691727923e-01
1.078592716121731243e+00
4.435698620437976136e-01
-1.125711367236858773e-01
-8.869705870206487930e-01
-1.462684479585527830e+00
7.485745921359326926e-01
-4.272183205288563462e-02
-1.408955082144873305e+00
-2.692431541745349266e-02
2.620474947466030713e+00
-1.403840893757099806e-01
-8.925817735180425760e-01
1.237274755353921230e-01
8.160866536538332605e-01
-2.284639795791279238e-01
3.746379823140248005e-02
-1.450499985893499710e-01
-2.264666501697919221e-01
5.261068879150331279e-01
1.743562875392037803e+00
2.342068364385222479e-01
-1.992363101457344521e-01
6.689063557339783861e-01
7.925628937377497685e-02
5.527973710027407339e-01
-4.736317688491860078e-01
3.094138099160416433e-02
-9.720245322875395999e-01
-6.744410536468636863e-01
-3.152941565868172535e-01
-1.026650091437365520e-01
2.267160655285578585e-01
1.599930040562646205e+00
-8.348587291164730195e-02
7.487423642101584398e-02
2.968354191875094972e-01
1.572314417700942657e-01
1.055738125721537690e+00
1.200143944726009271e-01
1.990675564898884697e-02
-3.518340316915091193e-01
5.094578222302563741e-01
1.671165040204754537e-01
-6.013404489204379200e-01
2.750441924385078618e-01
4.281341799202063036e-01
1.049472459191990836e+00
-4.227639808417337219e-01
1.278495657929545892e-02
4.710582075177387196e-02
-8.440223725184245462e-02
5.352851845725669078e-01
-3.548174257913151997e-01
-2.821783248927436372e-01
-1.246934556290760110e+00
4.893338671561362485e-01
-1.594203640464294525e-01
-7.968343587750674750e-01
2.114348427497547700e-01
-4.561459847325068095e-02
5.637543729760804423e-01
8.310434217122665279e-01
3.906602564673592459e-01
1.023594650731479011e-01
-1.899584368901394843e-02
-6.718358354202542682e-01
-5.066317330554404030e-01
-8.233524936800635796e-01
5.949154247415379126e-01
4.642907317132595191e-01
2.828459485542737795e-02
2.392340024532232379e-01
5.838213963873063461e-01
-9.711305720724765222e-02
6.145963968895579166e-01
3.256605188871058987e-01
-1.082659221333737015e-01
-3.785223924668869033e-01
-9.327834776475698586e-01
7.620119515639920404e-01
4.034504380220622910e-02
1.238481259848842053e-01
2.027173228892242829e-01
1.074844938846046816e-01
1.053731985219241718e+00
-9.189409602889168222e-03
-8.861219741697087260e-01
4.730546221677952579e-01
5.161114895566346061e-02
4.410574395049840501e-01
-5.106169342798827504e-02
1.962209468301127219e-02
1.219907066141170671e-01
-2.670937150624211887e-01
5.192114590075346259e-01
-7.564675342874659092e-02
1.817075851344623627e-01
4.168388493593400135e-02
6.330750523854448142e-01
-2.012520060304270053e-01
8.534331085941633532e-02
3.675909600150834011e-01
1.088878605739442396e+00
5.885071985179246568e-01
5.457360622246725142e-03
-5.513745784573936826e-01
4.628225451309490035e-01
-2.342427468384078171e-01
-9.241098354729784803e-02
-5.754431542320038312e-02
9.630098653678573761e-01
8.098383987269658357e-02
-6.152769370014556927e-01
7.913877215266622578e-01
7.974819434525937112e-02
-2.506250601767519570e-01
-1.985344832590900666e+00
3.978999961716279676e-01
6.146632307764614556e-01
-8.689467577320207914e-01
-3.263224958694273259e-02
8.986717645768270701e-01
3.027233334479156324e-01
-6.185077235164679887e-01
-4.479528566620230023e-01
6.967547200443561239e-01
-1.051732549403038147e-01
-6.718904906755156503e-01
6.450244283374334531e-01
6.396607750257534697e-01
3.683431972039907243e-01
-8.306222674417673701e-01
9.548478381093837841e-01
5.008748543532236253e-02
3.335675371093082542e-01
1.289540883683805816e+00
9.782774706464238967e-01
1.245798483178744753e+00
-1.268569063947407427e+00
4.753201459666345219e-01
-5.867115850716176917e-01
-4.378775063250838762e-01
-1.208092680203787905e+00
-6.929443565963644414e-01
6.938427982261510252e-01
1.499468557094730592e+00
1.011214001169472576e-01
8.166181309563199653e-01
8.916486910564508372e-02
1.500970510694712212e+00
-1.204159863651683288e-01
9.409468210572724534e-02
-1.782101065565274478e+00
-2.712688738570823710e-01
7.183693649520352942e-01
-9.993116318613517457e-01
9.592211250206705841e-01
6.096030656573823148e-01
-3.036469467122568933e-01
5.970109382071118187e-01
1.204744574712239280e-01
1.512961327572562575e-01
-3.565200600994719027e-01
-3.449119638792107478e-01
-1.510394832515308261e+00
1.476488293170691302e-02
1.202497832367521724e+00
1.641921467046796868e-01
1.836737727526157049e-01
6.831589694803490431e-01
-3.003767529093973043e-01
-6.413286738902452822e-01
-1.145213431182663610e+00
-1.677581524373935817e+00
-1.218464229643881014e+00
2.945992348574014708e-01
-2.563796032723806295e+00
1.218012653459601857e+00
-3.530640993401979455e-01
1.005797004558048435e+00
-2.563393941617375660e-01
1.235539352391456180e+00
-4.712688626614708332e-01
-1.700115402006390664e+00
2.785115365718200398e-01
1.164320477430304535e-01
8.874166297591403740e-01
5.105160005830995384e-01
5.808671167596697327e-01
6.810399821019303968e-01
1.602696456211217813e-01
3.637431167620038819e-01
-8.524827322511466243e-02
-6.612445050741124764e-01
8.257525512762269315e-01
-2.399291010315364736e-01
1.052742145340686275e-03
5.477166966774221768e-01
6.526851371630720822e-01
4.315767249197817179e-01
2.733464321542836140e-01
-2.398169033896725977e-01
-2.322424245662592923e-01
1.202225735507573612e+00
1.481208623946224656e-01
-1.780867699309632013e-01
-1.592805244277389232e+00
8.774368745247175250e-01
-6.411083772890256716e-02
1.175565831764870395e-01
-1.766773223453861619e-01
4.328213791608405137e-01
-5.189860753932599158e-01
-6.115085522627190517e-01
9.834102694086016561e-02
1.004916449617209162e+00
4.321175752905375145e-01
1.835365313399676124e-01
-6.704304012727244633e-01
4.072061605944322649e-01
-2.699786132829664065e-01
-8.660998381647500022e-01
1.565690661972351183e+00
-2.659694787058418664e-01
1.766233440941874788e-01
1.010427978788725756e-01
-1.446165938391450745e-01
3.410538961437149102e-02
-2.759406182929379225e-01
-1.261162845584936354e-01
-9.409313470447540073e-01
-2.818300038783125849e-01
-4.374394927747848327e-01
1.004043289795953253e+00
-9.216613676451476667e-03
4.618415474617721950e-01
1.806893015081822707e-01
3.990352979670173938e-02
-1.078571401565898480e+00
2.920427373318051356e-01
3.453383270789973231e-02
-1.592895362395546077e-01
7.774322066096208683e-01
5.863393719293097384e-01
1.750610014709767404e+00
3.701972188319642698e-01
8.703190323459332189e-01
4.384260198143111187e-02
-5.688282598275447022e-01
-2.052703629108350025e-01
-3.877112564429308628e-01
5.970832952843859731e-01
-4.567018931338429066e-01
1.025694025182089852e+00
3.750307274758430953e-01
8.378418319656095736e-01
9.871839021758558319e-01
-7.545778062859956892e-01
3.308945780864510633e-01
7.648626288683259000e-01
-5.439423378694410172e-01
1.635980949638156101e-01
-7.266414852316068762e-01
5.305741769424490162e-01
7.145792786216546011e-01
2.885567464134825011e-01
3.624672222488405926e-01
-4.050647650036199310e-01
-3.656920950281740135e-01
-1.851226088630395283e+00
3.254502945867846497e-01
1.338371509545083660e+00
-2.102825206055416896e+00
-2.143165392354196563e-01
3.396361956934162429e-01
-1.690441096758452000e+00
-2.331276522950666563e-01
1.897503452291882109e+00
-1.804778982215369809e-01
-2.135712711159954758e+00
1.915793582573871445e-01
6.052659719105166758e-01
-1.887680058814067641e+00
-2.079102134273621338e+00
-8.346919004027636424e-01
3.727558262447354664e+00
5.782264313636167330e-01
2.009903153187517777e+00
1.814735267752108028e+00
1.254673931716518975e-01
2.222400337808647652e+00
-2.931239361943342447e-01
-1.022942047763692575e+00
9.991105702266807054e-01
1.359709984685112616e+00
-3.573301112281201397e-01
1.045873501503524206e-01
-2.272651369265327181e-02
-1.389783124102426104e-01
-3.706519952652911343e-01
1.143295782296579910e+00
4.195099407902598276e-01
7.328704578263608438e-01
-7.713760621263268114e-01
-2.651162191354063391e-01
2.518867078148403049e+00
5.384956660192485867e-01
1.872788965630428903e-01
1.764188309839875402e+00
-1.120283402009794316e-01
1.489309099019938021e+00
1.878264818573672224e-01
2.698075398219426102e+00
-1.714068520512024518e+00
-1.220533625860035665e+00
2.040266651285924659e+00
1.051750957798694430e-02
9.783219370972943141e-01
9.170161108045811194e-01
1.208590772525350410e+00
8.720126225120176100e-01
-1.371947533126402385e+00
7.601845923013178519e-01
1.959911753621648711e-01
-2.561709620623047634e+00
2.191381849225521261e+00
-7.792277835394094410e-02
1.367538726576419394e+00
1.219909840148469149e+00
2.802881182621393741e+00
2.218460922505748056e-01
-3.942241404136500593e-01
4.035797577002190328e-01
-5.052819538498768637e+00
4.099395258237671369e-01
6.662733781815617373e-01
-2.246889128214986098e+00
-3.496367471679732164e-01
-2.410524620289244080e+00
2.591219890104402013e-01
3.216827917362735434e+00
-2.949752085170095572e+00
-4.811052813210094925e-01
-1.861014458442726838e+00
4.592557137805081680e-01
2.518733266547896310e+00
-1.218063062415098763e+00
-1.932720560945643262e-01
1.970913209203158489e+00
2.512800210474773754e-01
-7.251936462129285332e-02
2.956012271549520731e-01
1.662315888331044267e+00
9.238261693061633473e-03
-2.113238537460259359e+00
-6.319554904172863807e-01
1.347949687596045942e+00
-1.549337536653464076e+00
-1.835269762591381859e+00
-7.762120666325289520e-01
-2.081389993623238954e+00
-8.864412585400688327e-02
5.440483019657003094e-01
-9.273991836594955296e-03
1.139997845507205287e+00
4.663172422209854728e-01
-1.031921484206832940e+00
2.502868528297287343e-01
-1.480213354772469181e+00
1.588480092455260895e+00
-1.049347391999736923e+00
5.795952953457805812e-03
1.105938979838183789e+00
-5.776532232438362779e-01
-6.171300255576281923e-01
-7.630594703525802602e-01
-1.526090689269205658e+00
-3.517515468637949283e+00
1.363641017790103049e+00
3.471745824272560177e-01
-9.066320257477912037e+00
6.373818216512300516e+00
-1.137595826683320599e+00
3.072822568221109663e-01
-5.883126100750356580e-01
-1.279702775264020875e+00
-1.027100422629116050e+00
2.782833051432512583e+00
-1.376281305420850698e+00
-2.038366633278505979e+00
6.171753284350749436e-01
2.066764447344589417e+00
2.663704150408547466e+00
5.454285406747649834e-01
3.808999515090387700e-01
3.578314804499411750e-01
1.451643655231122709e+00
-8.685793607720193599e-01
-5.630184724525376661e-01
1.571031603166026080e+00
1.976285401837438727e-01
2.471454166305973865e-01
-4.491191679100669520e-01
-1.937464161791879746e+00
-1.361904287656069190e+00
-3.667332238079105133e-01
5.049877207462707407e-01
-2.653138674344107883e+00
3.082506493381541035e-01
8.081243263561128654e-01
1.446139639994858506e+00
-3.163357626313319848e+00
-1.817471423594095858e-01
-3.760307790147669138e+00
6.613858358420313666e-01
1.234837421528446999e+00
-2.036648397541182209e+00
3.758297589720960730e+00
8.296379342628104059e-01
2.897592634589823968e-01
1.890852009531400091e+00
-9.399375183986982130e-01
1.130909402670031039e+00
2.012673961696840319e+00
1.400944255630664159e+00
9.730901795872329840e-01
-6.604601529313269825e-01
-5.615201524013462286e-01
4.117931120108075937e-01
1.153731792622307184e+00
-1.916955593032170224e+00
-9.475362694476113790e-02
5.292734256931223846e-02
1.078631138700925085e+00
-4.676372680998747144e-01
1.838085305276762504e+00
3.766283610994066722e-01
6.917081810264416042e-01
-6.581640176058897174e-01
3.814535835301008371e-01
4.364162167390867597e-01
-2.319234014959131451e-01
1.093691561908753496e+00
-4.718787864006464272e-02
2.692581410500995420e-01
-1.571892352000087145e+00
-3.174780247398518163e-01
-9.231312865713222626e-01
1.358031576274763452e+00
-9.310944956356291546e-02
6.279495261658031569e-03
6.259314883484778935e-02
4.623257990548610419e-01
-1.601652404831822585e+00
7.133737293532630419e-01
-1.971768171561552041e+00
-1.206920901083480491e+00
-2.934300956447983832e-01
6.147329100152081338e-01
4.052381544378110823e-01
9.195602095359446393e-01
-1.045667142525606996e+00
-6.826605529926388360e-01
2.627703215080626764e-01
6.254130943896265560e-01
-2.909212902240470466e+00
-2.357642191812174270e-01
-7.453649534311099778e-01
-1.201062025397998445e+00
1.177489878067974560e+00
3.412389386448443362e-01
6.812655157323134203e-01
-1.492678080132682661e+00
-2.300704376869599499e-01
-2.000280982876041780e-01
-8.177266886276588487e-01
4.265592878827152434e-01
-6.387145331721910679e-01
-1.366169435953918265e+00
2.677978981216792564e-01
-1.177111787268312337e+00
-1.300834113277326676e+00
1.984896883088431263e+00
-1.913627207117700513e+00
1.741360986681045109e+00
1.000818634035088861e+00
-1.626036741269065167e-01
-2.771223132741632789e+00
9.513273397059553160e-02
1.719522187798931068e+00
5.361184800863469935e-01
1.905180448851512720e+00
3.450217642279015395e-01
1.641754830237448282e+00
1.467581468871073935e-01
-9.096866706973067984e-01
-4.587896612940214891e-01
-1.367111300379101557e+00
8.596070419984092048e-01
-3.051668934664547583e-02
2.770768155964831725e-01
-1.075549494995081901e+00
-1.762173561053998139e+00
3.115352980492159807e-01
-5.477720863844688370e-01
-1.895609910678801580e-01
-6.669506566175718021e-01
-1.218040070148792786e+00
3.088013540814908975e-01
-7.864787631486795938e-01
-7.986153173513305115e-01
-1.560901988798939932e+00
1.235334130215195891e+00
-1.605269940734090461e+00
2.174707227103726659e+00
-9.516923509362879008e-02
1.488491685690622734e+00
-1.653558472217546926e+00
1.105612761834581015e+00
-8.243634956726455520e-01
-1.329868510993952535e+00
-8.716289051300073476e-01
-1.228434639111066540e+00
2.592982175487081875e+00
-6.825136034534146079e-01
-1.595851087857262485e+00
-2.132631495426924317e+00
-1.742511620125909433e-01
-3.568836271087687084e+00
-2.768662594771310381e+00
-5.113969294086863071e-01
6.257188221164275532e+00
1.186394755403251455e+00
-2.090742805001648552e+00
1.908664359054169646e-01
-1.673928965310155781e-01
-1.343726664306042817e+00
-2.744574001418236264e+00
-1.224776591332577547e-01
5.955853610233360351e-01
-2.325121096592295267e+00
-3.091251920413688126e+00
-5.952396602955770000e+00
1.060281040193430169e+00
-4.644397507127080438e+00
6.028278169975146206e+00
1.506358119629190195e+00
-2.205851294102763038e+00
-2.065044492877959659e+00
-6.500104845386989183e-01
2.650219172695951642e+00
-1.693409226883485941e+00
-3.812790450685153765e+00
-2.815782407941586296e+00
-5.131885588865205960e+00
-8.501882827936729115e+00
6.304878191466139370e+00
-1.585884328771281382e+00
2.482824759564770112e+00
-2.602001381657905288e+00
7.119626069825033543e-01
2.590321814166546277e-01
3.257802474187156960e+00
-4.127722559206467245e+00
-1.271210535329637903e+00
1.090509666324531057e+00
-1.507027665017807161e+00
2.012939706113943572e+00
-1.555343300892067404e+00
-9.641554001123520123e-02
1.306138003872675091e+00
-1.598626049682369876e+00
-3.305997549724302154e-01
2.793824158798041690e-02
1.071556482064205396e+00
5.828513828485017978e-01
1.850598802167019663e+00
6.140884299716917738e-01
4.947288640789770930e-01
-3.325223579404138707e+00
1.535631908179723615e+00
-4.331895479350772460e-02
2.250871797078759506e+00
5.547147543178438056e+00
-6.183812215273374324e-01
3.654235011911650233e+00
1.128267155006708267e+00
-2.532090403161761483e+00
6.884585582842016604e-01
7.599502087265694872e-01
1.408035514416804412e+00
1.085255085553143983e-01
-1.511842593531331103e+00
-1.544787880101629041e+00
-1.630632618277072066e+00
8.061018269963445837e-01
-3.524659070334953959e-01
3.159734766864466415e+00
2.601182167726844074e+00
-4.056698335046879933e-01
-2.192071996910870180e+00
-2.026080483948838662e+00
-9.170954013747895095e-01
-2.723546437595114611e+00
-2.369140374768908153e+00
-5.056479406270071308e-01
-2.526322950561584513e+00
-3.237282161679314596e-01
-1.529169392451759091e+00
-1.927352312461913408e+00
5.091790225106623824e-02
-5.597397250176872063e-01
2.898104480289559248e+00
5.460799735998960180e-01
-2.034353206200754549e+00
-4.996588750849362826e-01
1.406334836287937540e+00
4.676906148279533215e-01
2.159102711376112094e+00
5.245894177934303793e-01
4.793603482218027900e-01
-1.619821728422314200e+00
-1.176980426470196850e+00
1.715291029906538700e+00
-2.656866387785750128e+00
4.267882736500647201e-01
7.574470382674164393e-02
-1.493224915865211777e+00
1.531387330452342210e+00
-3.873080694490722564e-01
-3.986700295084742995e-01
-2.649843917119040881e+00
-1.616834579007230044e+00
1.882000402588676735e+00
-7.197652960737798145e-01
-1.559616327282744574e+00
-3.292214050929956670e+00
1.877482271962025218e+00
1.457633498956659945e+00
4.832983804497821834e-01
2.852490871502755265e+00
2.618955619395795686e+00
4.294819533920167798e-01
2.014519316741360200e+00
5.449996776563279521e-01
-1.160906357448246995e+00
2.777594973975338721e+00
2.538806944250532993e+00
-8.432135867339460855e-01
2.350749893210333674e+00
7.968744179587610166e-01
-2.727731290267510822e+00
1.544675366617897505e-01
-8.094651421915430300e-02
4.384826160522051097e+00
-2.881547809777664781e-01
1.898237479354222490e+00
-7.592678577454055056e-01
-1.810113546447554844e+00
1.215098547377710503e+00
3.132286324164164526e+00
1.895855326125831242e-01
-1.289203254416194933e-01
5.841720406140357147e-01
1.155353189856385132e+00
-3.386923293214191499e+00
1.620614969552735429e+00
1.953318761606031850e-01
-2.058166434954689983e+00
-1.387824981262848256e+00
2.349292476425404175e+00
1.967381118112595750e+00
2.974481472063584597e+00
-5.061922790626252056e-01
1.434592368879539004e+00
1.103387925999994357e+00
1.009055068538006417e+00
-1.272398971655451128e+00
-1.142914752314510007e-01
-3.572326613255130123e-01
-2.041839764748412556e+00
7.842599880963677661e-01
1.320171147821325386e+00
1.961204756495145141e+00
-3.303269967367876148e-01
-1.149309418588870813e+00
-9.114530749696663214e-01
-4.408851662307438080e-01
3.202282524139410835e+00
8.346695464106141937e-01
2.300506290395189168e+00
-1.802949053557128423e+00
7.035619229791074680e-01
-1.955586937853155405e-01
9.152153504788245186e-01
-1.615531519352596312e+00
-6.234644287200747925e-01
2.492634501720101259e+00
8.461241510380319575e-01
-1.167605337321824255e+00
-9.525490848757696138e-01
-3.236581399454022123e-01
-1.080059367473169107e+00
3.709264019721663086e-01
4.724252702225937850e-01
-1.891568302035411708e+00
1.077464232782749942e+00
1.630547623701202209e+00
1.240229147559615219e+00
-3.134900417215578106e-01
-4.495711615087568669e-01
-7.084588777661542380e-01
-7.014215545511733874e-01
-3.584957490420656590e-01
-4.636495895054049132e-01
-1.951935993590815099e-01
-1.453281526985952921e+00
2.345554046186704156e+00
1.491493341215760271e+00
5.577307597789327165e-01
1.448056461757026847e+00
2.491316656876947366e+00
-5.082298829323880773e-02
-1.000615032568561658e+00
1.762072483957267233e+00
6.247416027294457885e-01
6.088160316319560783e-01
1.186457409795341533e+00
-1.391335097970625601e+00
2.304494671847210907e-01
1.292336133134697418e+00
8.262034331666996412e-01
-1.880988039343903240e-01
-1.041449593601962542e+00
1.336123672306071430e+00
-1.726050616594373199e+00
1.733115067766367590e+00
5.132254171372423457e-01
-2.103135761367404655e+00
1.141075416567248535e+00
2.535603210933368157e-01
-2.379798995934739647e+00
2.881587551220607946e-01
-1.127124918584399671e+00
1.263414094907857832e+00
-7.312634037262082387e-01
1.308907440875244577e+00
-2.790356002192163620e-01
2.998114922921614120e-02
-5.132367065487410951e-01
-4.737211202111708541e-01
-1.412333609647520971e+00
7.676946791730870912e-01
-1.369753247939879959e+00
8.659581242722720340e-01
1.790076351702702739e+00
2.639722471353467270e+00
-5.964088633403453743e-01
7.824926699819217957e-01
2.725820902659321088e-01
-6.994115162526366447e-01
-5.096814725433818083e-01
1.720589671902849505e+00
9.783285060837670910e-01
-4.161450658403598180e-01
-4.978715825319119936e-01
8.068743820094574914e-01
-2.520898679427762690e-01
-1.515502599719531940e+00
-1.924282626727455980e-01
-1.462572601795738780e+00
1.276635436464967022e+00
-1.521047146630210567e-01
-1.751955873907029115e+00
-3.042813366914912110e-02
1.332194806908663098e+00
1.345169850736245509e+00
7.203140414821461723e-01
6.887245290378863488e-04
2.986131191947051511e-02
1.156681613825589539e+00
5.474547202782905631e-01
-1.786492507910829586e-01
6.331557667867737660e-01
6.923652711562003903e-01
-2.358015313287230574e-01
-3.159404624348649548e-01
1.270711342749089034e+00
-1.206541630716516211e+00
-1.321938507509019756e+00
-1.621615605150007244e+00
1.375179706482660080e+00
-1.639715274209409213e+00
1.113559316537608979e+00
-5.379057960592875665e-01
1.135826814015825637e+00
9.575037427238655141e-01
3.514006577531207931e-01
8.638511345789756657e-01
-5.809263585472721481e-01
3.368977404589199032e-01
1.165129830281886214e+00
-1.393773060823384757e-01
-1.536309729341181485e-01
-6.132419397165681518e-01
4.078873984552340848e-01
-8.403279449757836694e-01
4.672932590419320298e-01
-4.154933579030781310e+00
1.931047361853923450e+00
8.303048278065472410e-01
7.889924846540417036e-01
4.779469045240565261e-01
1.015534459894274488e-01
-5.194056674943953178e-01
-6.414167746267179782e-01
-9.223386483488422716e-01
5.148629565849499601e-02
3.192439186594392964e-01
7.739477400325400769e-01
-7.660571796793854693e-01
-5.769275951621054555e-01
-5.263218182383178068e-01
-4.381059438353901436e-01
-6.081488126544926098e-01
5.163749222923337268e-01
6.045397859239350913e-01
5.022129376474528950e-01
-4.263831443931160453e-02
-7.542670713611579134e-03
9.343659777747745920e-01
1.421653781729816046e+00
3.814266049423921667e-01
-5.046289016104887892e-01
-6.184383373504798165e-03
3.476851174766450447e-01
-2.219213488814689161e-01
-1.696669743078041526e+00
-1.200889367208252678e-01
-2.291601127042302843e-01
9.880924056050877091e-02
-1.213351888415317603e+00
-1.316400885429548584e+00
-5.419377678008548971e-01
-1.950951990448010376e+00
-3.871855028653562458e-01
8.865165424015911677e-01
-8.249339153445469641e-01
2.460585946619750219e-01
3.650141714252266856e-02
1.562252937371306327e+00
-1.202249119667848420e+00
-2.176398493673036949e+00
-4.403801619635644427e-01
7.674797355184110881e-01
4.762740716222094717e-01
1.353934091452310140e+00
8.643153521232058156e-03
1.072422823393498925e+00
-3.070995673811723892e-01
-1.545226637713150719e+00
1.459092032275054018e+00
8.064453701497120708e-01
-5.204315602969366017e-01
-3.991060574990587528e-01
7.162053962891581360e-01
1.547955770643795859e+00
-4.829674588620148090e-01
-3.524883734989397999e-02
-9.940460760651677052e-01
4.537537419713478792e-01
1.300870911475934921e+00
-3.476642434284180072e-03
-1.226890285936317049e-01
8.624183923389432127e-02
-1.179670286574775878e-01
-3.900163858747064394e-01
-2.094301595148808648e-01
1.147734449644031374e+00
-2.328916026091622515e-01
7.140183415951956158e-02
-1.338732327416315426e+00
7.990217303098769153e-02
6.001481400886185535e-02
-6.457097935420246237e-01
7.559601827217550252e-01
6.093604787633777331e-01
3.783443071693673443e-01
-4.138072478548031063e-01
9.010235159174071473e-01
1.267961213444653179e+00
-2.212824009793810109e-01
9.247624290620705123e-01
-1.726442743707731764e-01
-2.041424499024377948e-01
6.395738203382400622e-02
1.155948283428767376e-01
-8.657605393499934188e-01
-1.415792527522315547e+00
6.019726161748121251e-01
-4.372076771856385768e-01
-6.995135627136755962e-01
1.090812000928686798e+00
-9.807433962382345882e-01
-1.071312461792064186e+00
-6.121688945990664266e-01
1.028772606600374839e+00
-9.779740766016346010e-01
-2.645358765391701006e-01
-1.346752133595625622e+00
-6.391138608504570717e-01
-7.145610839131693037e-01
1.911167099401659630e+00
-9.213793777962620002e-01
2.901689821741977315e-01
6.189029836949526686e-01
-7.128638389399970521e-01
-1.514271163291422306e+00
8.137303438613024964e-01
-1.224378353498923655e+00
-2.531949856271413779e-01
2.943304602156756600e-01
-2.041625866175818871e+00
5.240826877770677905e-01
9.778608707737163064e-01
1.254768235006264998e+00
-1.117083052333410986e+00
-1.294405176645201938e-01
1.170570981880733052e+00
-1.349711647304747242e+00
3.654101819765601111e-01
5.473944357294607821e-01
-1.316884284581437969e-01
8.245165347584558768e-01
6.005647994103154863e-01
6.507231472699387398e-02
2.802578102894052181e-01
5.239605621111333988e-01
2.078418144766217779e+00
-4.040327181363287945e-01
1.299574878528755584e-01
-5.389905298021949731e-01
-1.994009160922486923e-01
1.058520741008565913e-01
-1.531151029461679691e+00
-5.255383596337449559e-01
-7.252516858324437043e-01
5.216085821178708670e-01
-6.971807183815428299e-01
5.679890219312268007e-01
1.354616634506401018e+00
-7.983447912609678565e-02
2.057915258784974721e-01
-9.423643899207746477e-01
-1.621888804055013344e-01
-5.488737353486641268e-01
5.283831028328477286e-01
7.400384058789326591e-01
3.753101133231443454e-01
7.498841056061811283e-01
2.590382655084513264e-01
4.069648440912752019e-01
5.041748624696223979e-01
-7.560046191943045613e-02
-2.876943947254843037e-01
1.080022574689126547e+00
6.665596826824767007e-02
2.330940077448922509e-01
-1.000147107307837874e-01
4.730246708660659771e-01
2.801704565261327051e-01
-9.686973985075970628e-01
-6.182608237004584284e-01
-6.583247696200313914e-01
-1.437160882241796112e-01
1.217227477260504898e-01
4.402799218530498160e-03
-3.666752457837144652e-01
1.349429562229377266e-01
-3.162427555040703275e-01
-2.436320402444424604e-01
-7.933102167595206256e-01
-5.054001665508772029e-02
-1.125457374989893289e-01
-2.024586012515638966e-02
4.705724517483532154e-01
-5.636428517179536968e-01
3.055739133670969387e-01
8.707278757827673354e-01
4.035617318287851862e-01
3.429207821036360793e-01
2.284065339900763492e-01
2.729066209068380378e-01
1.186785827089204437e+00
1.031698564548533398e-01
9.031113438189991571e-02
-2.439862131881817553e-01
8.602737232116273169e-01
-1.072476529009380210e-02
-4.465983021289338106e-03
1.083320851565816312e-01
1.862298594342204627e-01
5.388732168258215660e-01
-6.584815662690379767e-01
6.470202901454157329e-01
-1.042760935014646062e-01
7.115232660872923276e-01
-4.240206478849539024e-02
6.452351081747035311e-01
-8.532678981244933014e-02
1.540303702269690822e-01
6.337403824289929988e-01
7.844238121626423421e-01
9.819335796265998839e-01
-2.129600416465124713e-01
-8.915053348867619798e-01
7.597270568747122033e-01
-5.333326636952928634e-01
1.989427064185822214e-01
-4.442280388768279353e-01
3.059569125858062066e-01
-1.199584126586416138e-01
-1.235809657732422462e+00
1.004039282382760412e-01
-3.195045086044487337e-01
1.512065245741964770e+00
1.387489682076877395e+00
9.846981135146080089e-01
8.649729736192762752e-01
2.120758902198068008e-01
-7.143814666491808962e-01
-5.615028796528604982e-01
4.045652351662074597e-01
-1.194472632371988308e+00
-1.568787756249885534e+00
-1.276901054494921750e+00
1.311884118628089180e+00
-7.587074018237383033e-03
-8.387780449201046040e-02
-1.791473508381010715e+00
3.190933459233718517e-01
-5.142036230495767857e-01
8.400113313350657807e-01
-6.848354675176862028e-01
6.588948122961467702e-01
4.123357054602977412e-01
-2.302242976177834854e-01
-2.626734322162971869e-01
7.215519794322590164e-01
-8.801902149121499930e-01
2.650622788303006461e-01
-2.549948843203793392e-02
5.767435092787843720e-01
2.559978959215541972e-01
-1.191225900896866419e+00
-8.988362814935811906e-01
5.833867205919159027e-02
-1.928154607440627222e-01
9.536710662734139143e-01
4.588330756971051305e-02
-3.548115435566933651e-01
-9.553653019218816267e-01
9.629937110395023758e-01
1.686001131067901559e-01
1.197048700640267027e+00
6.281135714570075246e-01
2.998981022168674682e-01
-7.765191617744753028e-02
-1.480742539451783135e-01
-4.904557377370585836e-01
6.157743927312100407e-01
9.966313050696996578e-01
3.084244377832623951e-01
-3.038995976734797100e-02
-3.113691820961105861e-01
6.992896180945146201e-01
-1.146638481154043321e+00
-3.735531518648484428e-01
-3.694443080404050672e-01
5.369849253805304701e-02
-2.629931963891169455e-01
-4.480600890645507484e-01
-5.095162116550205900e-01
1.460077674172615136e-01
1.162409241037197116e+00
-8.709409837026549361e-01
-3.161978418605542185e-01
-9.097210609136547887e-01
-1.227593773261177690e+00
2.471933587882869654e-01
8.808101580903455741e-01
-6.518742637596306455e-01
6.591802683453514833e-01
4.518697051053769398e-01
9.604925631406977526e-01
-1.754976835571017801e+00
-1.933953452785471261e-01
-9.677325538000863814e-01
1.071114744301360222e+00
9.068302702250827796e-01
2.594408541305514571e-01
-1.099458875803241753e+00
3.459669148193484922e-01
7.961022771874849413e-01
1.243583144656271067e+00
-5.858851291724429533e-01
-1.014722215553023776e+00
7.688533792699286940e-02
-1.825381402726891089e+00
-6.111236296427159653e-03
-1.266467168664809906e+00
7.044718963630774988e-02
1.033072917444094907e+00
5.976915200935082328e-01
-8.671316811914124567e-02
2.379896072938798846e-01
6.656434021598114370e-01
-2.262035718714958954e-01
-2.613570271888712160e-01
1.153014758396405881e+00
1.566995547150501766e-01
7.091887097703322151e-01
1.089257470569093611e+00
3.915719946729471768e-01
7.319350664674713347e-03
3.217978944067526048e-01
-2.354805414765221705e-01
-9.435261830815763195e-01
3.052816798594975012e-01
-3.385141690373005829e-01
-1.510571915026192313e-01
-5.217529805669597343e-01
-8.482465700735711822e-01
8.984574389160873142e-01
3.716652645928827381e-01
-3.324212243266332356e-01
-3.939488682204701497e-01
-2.691337227616620309e-01
-2.269733186274154046e-01
-9.858301698333123975e-01
-1.449527379628990087e-01
-2.483309803437543650e-01
4.621538568123848556e-01
1.538437085310992436e-02
-5.570240167891832295e-01
5.765896754495328791e-01
-7.472458460518441870e-01
-2.313015097726778824e-01
2.877015806135607701e-01
4.653985771290510831e-01
5.310111448664169009e-02
-1.408200468711184206e+00
5.472514835458640314e-02
9.055320275454051271e-02
4.592591409249974221e-01
6.850992629317421700e-01
1.567009281936379450e+00
-1.151721909791963705e-01
-1.051940956048407205e+00
-9.846529663188465786e-01
-1.443341203963869335e-01
-6.717346083874921048e-01
-1.394286764307704485e-01
-6.143596371871007378e-01
2.632858469396343604e-01
1.421922697866970231e-02
-3.408429634216263437e-01
-1.163852702587839794e+00
-7.751779341772504495e-01
-3.812013298976570930e-01
6.613751354293154749e-01
-2.079394289118158615e-02
9.560141163395963204e-01
-4.086435291685320825e-01
1.199474577192382041e-01
8.327303938101732889e-03
1.079466409370912316e+00
1.021699293229369365e+00
-6.288574794521462064e-01
-7.662342308706673877e-02
5.893374006676683763e-01
-1.088460094271574752e+00
-2.008193518056004212e+00
6.877528034577221616e-01
9.133288431776753757e-02
-2.373681661672500387e-01
-3.235475957307846206e-01
4.113089218576117534e-01
2.097257160960051547e-01
-2.289699001597737121e-02
1.297298807761160688e+00
-5.210142495082087377e-01
6.704283579447372077e-01
-1.067810901575244470e-01
2.734731621638789717e-02
-4.071178082941269705e-01
7.542132330643874782e-01
-7.511267459608195196e-01
-1.213101289505563063e+00
-4.050459250487165597e-01
-2.658481726733090689e+00
-1.589548126739897427e+00
-3.726376794502773038e+00
1.411894158491518780e+00
-6.837129133103359013e-01
1.702054832282574176e-02
1.956837809802806749e+00
1.116684198157483765e-01
5.732913758298199824e-02
-8.002452705492040241e-01
-2.106243080358503938e+00
-6.159630770818103063e-02
9.771914087484441236e-01
-1.314196065209030984e+00
6.108651564717018090e-01
-5.345056921400620498e-01
1.179218203281428456e+00
1.015772442367383954e+00
1.411220578932713687e+00
1.344682013163420453e-01
-1.265377954897378698e+00
-1.698395096468996002e+00
4.679200408333156203e-01
-4.654439958036251102e-01
-2.781804273702589647e+00
-3.182923078993161736e-01
5.078047047020705085e-01
1.030859956807596234e+00
-1.760110262372333256e+00
4.413387881763627951e-01
-7.706953831432773461e-01
-3.325088447648457457e+00
-1.171810367274189080e+00
-1.118878755655208890e+00
2.419661147110697463e+00
-4.161589174371018163e-01
-1.516190057476411113e+00
-2.920126212524544407e+00
-2.130550910801339626e+00
3.504676325853377961e+00
2.153232975137408634e+00
-2.310759446802959638e-01
1.395326061087546199e+00
2.655334773076317489e+00
-4.052350959742656578e-02
1.895623257953393148e+00
-2.412092072045038726e+00
5.257285243330815927e-01
-1.799352292897808070e+00
1.242435917204821744e-01
2.711350583259795943e+00
9.201274201259074248e-01
3.384489499356641562e-01
2.110430057788422520e+00
8.752262870990552557e-01
-5.993366054805868703e-01
-2.070188694262772078e+00
-4.448869236037171215e-01
1.631361366515704514e+00
-6.911746663737067253e-01
-2.026226206415896458e-01
8.762196500572625446e-01
-3.318828618004732167e+00
4.234477848683228518e-01
1.451248727715481524e+00
-1.510478736666888810e+00
-9.951845828846342945e-01
-1.190067439073862809e+00
-7.820617120274843126e-01
-1.485372023742564940e-01
-1.353678976203037898e+00
-5.321409971674463391e-01
1.019064112767577024e+00
1.134487611984533739e+00
-9.099272054639735430e-01
3.577539390576235601e+00
6.722378757618066025e-01
3.874344518166167872e-01
-1.083213698988725771e+00
1.375918466729800560e+00
-6.790561996580752879e-01
-1.665622953617100110e+00
-1.040761888512965194e-01
-3.704561748884571681e-01
-4.596337814617064144e-01
-1.028312494975464286e+00
8.661314945754803318e-01
-6.541442333343857607e-01
-1.930287152744649543e-03
1.035904942413888641e+00
-1.073244965250247096e-01
5.741791968494448506e-01
-4.300646515935489522e-01
-6.077787941751359169e-01
1.566309751179222998e+00
-4.741636615364490659e-01
2.747862614471039966e-01
-8.423180025190435405e-01
1.107517069506050778e+00
5.756687675380691704e-01
4.840182582170667325e-01
-1.081876065049713204e-01
3.492885168103368465e-01
1.307443093889747665e+00
3.425463084271083147e-01
5.990221792879550922e-01
5.621697316889775475e-01
9.741217070481321683e-01
9.310101749059339349e-02
-1.119413085991690648e+00
5.954860816293394699e-01
-1.823476310793384347e-01
1.238321233541387345e+00
6.890229845371613482e-02
-1.755672519751355354e-01
-9.362302353654827769e-02
9.962202007969942485e-01
-5.631197576851713904e-02
-7.670664170675220994e-01
6.488565040511221071e-02
1.351474396406536216e-01
1.227221321731181813e+00
-2.109929963342486170e-01
6.284669160548908007e-01
7.184401260830562685e-02
-4.366040925685678031e-01
-1.843482995961889803e-02
-5.855915081330652638e-01
1.019658205240371984e+00
3.952258092307781578e-01
-9.062902356439913598e-01
5.499543195569671639e-01
-8.775112447620214695e-01
-1.397734795367814753e+00
-6.411456720403672094e-01
8.574701930033299391e-01
6.337839700027676493e-01
3.076298771011812261e-02
6.499020561561913434e-01
-3.528754657980200105e-02
8.070985736409747036e-02
-2.520372070571144651e-02
-7.043751997826649403e-01
-8.133946033091592476e-01
-1.070350942783633852e-01
1.223547137582611799e-01
-6.838846841692657330e-01
5.272447636036897006e-02
1.298666324510840742e+00
-4.507783534103950163e-01
-8.655994388271019968e-01
-2.270528940214294467e-01
-1.290561609803478615e-01
7.966218733153603848e-01
-6.338958323854526622e-01
-7.977647311841519207e-01
-8.010441355086717063e-01
6.631883041978705595e-01
1.281905009267277462e+00
-2.506015584947074992e-01
-1.450903264232028256e-01
6.936478745077452324e-01
6.447670332100907675e-01
1.122596048782467659e-01
-1.262448364737869255e+00
9.227937393717125514e-02
-1.489659120843888906e-01
4.850731405166910370e-01
-2.136430566108668272e-01
1.093634036876936388e+00
6.963875875638915192e-01
-1.352988597050820418e-01
-6.272034550611653714e-01
-1.674023056086539674e+00
-3.683107115985865265e-01
-5.388717740754792596e-01
-4.175859443514817193e-01
-9.355640932711661861e-01
-8.006526296984218805e-01
5.128107465902422835e-01
-1.962439622966259067e+00
-2.348120549740982388e-01
-8.069457602272838148e-01
-1.311552211370629051e-01
3.443297901082291723e-01
-8.385973760499063623e-01
-5.032243111914975753e-01
1.831460656375413776e-01
1.212450993330365101e+00
-1.124597347772144484e+00
-3.615072462638940776e-01
-1.635873378968568659e-01
-1.277186405663720548e+00
1.491658039762910892e-01
1.101527437768533124e+00
-1.249402648277544575e-01
1.549426432592453828e+00
-2.496745240257873810e-01
5.627896312169647919e-01
-8.730816249181447830e-01
1.504271231317454882e+00
5.526214439813293966e-01
-2.093456990456048772e-01
2.093337772279573183e-01
-8.783278142429349344e-01
-1.096111628358516610e+00
-2.244927349563163588e-01
2.444402109382418364e-01
7.087197373073508277e-01
-5.658311448539575794e-01
1.396651626424561421e+00
9.965148994405418348e-01
2.395491872487109930e-01
-7.567140731302271495e-02
-1.477190718942597902e+00
-1.546136536887807722e-01
-1.427303851038105087e+00
1.290447344779895866e-01
6.833416689487176177e-02
1.182095349388245564e+00
-6.290948661680464404e-01
1.139507095347455090e+00
2.982031321015064518e-01
-1.786943807889435742e+00
-8.586929053049776606e-01
-6.304174721669293657e-02
-6.675810951746123656e-02
1.227342495623691132e+00
1.078469905783645988e+00
7.661459361859032091e-01
4.570986579289076229e-02
-3.000008865335873631e-01
-7.243219340839245068e-02
1.008807081429610175e+00
3.227930030426517383e-01
-1.744560019339668755e-01
5.142884873092069542e-01
-2.865904322372890833e-01
-2.652462351275093333e-01
6.744074146042849938e-01
-6.786253515202159692e-01
-4.312482110756701292e-01
3.782373284945927394e-01
1.520281380928521081e-02
-1.308847012846052760e-01
-7.439226377357036624e-01
8.257235781162701738e-01
-9.025440596144497230e-01
-2.863503084271067367e-01
3.026194663455088890e-02
-9.452621144539695430e-02
-7.665341384910763223e-01
-1.792485709287551798e-01
-2.165790772955104859e-01
-8.635897857943108935e-01
1.544812650747807714e-01
2.211971060812756740e+00
1.675558811485196031e-01
6.865666245165924497e-01
-1.114626219428805770e-01
1.898094427064658696e+00
8.945429289592622679e-02
-1.499574360109047211e-01
6.175329762692378655e-01
-8.061321414456834589e-01
3.590823836466335850e-01
-7.930470526672582510e-02
-7.526636299965040397e-03
-4.713458696100530920e-01
6.965140331951156227e-01
2.536591585415507999e-01
1.065637764417879801e-01
-7.817950319517556756e-02
3.751835540029261340e-01
-8.094936863822368434e-01
3.431300087964155865e-01
-1.708607006071188039e-01
1.887290104226579390e-01
3.962021210166553620e-01
2.433097751195374414e-01
6.161079574908453482e-01
3.539970953402280518e-01
1.576816773740697120e-01
4.141048037519773350e-01
1.753750950264092168e-01
1.468609537917288377e-01
-8.850387929801227793e-01
2.239341116043642721e-01
5.698141574486907945e-01
5.384229390273026494e-01
-1.890142149907223235e-01
4.421851195231091269e-01
-1.613042969886312239e+00
-5.950987060779039384e-01
3.481991411518584045e-02
-6.704128590477101968e-01
6.116569212890705654e-01
-8.364444743456581621e-01
2.894678955919394170e-01
7.694930831664166249e-01
1.302394770167776272e+00
-1.587210961699049572e-01
-1.622348335579426593e-01
-4.437559647947321162e-01
6.563049460549315040e-01
1.721720224351132866e-01
-6.056765239542999391e-01
-4.241787945030855989e-02
1.470357006377993159e+00
5.417799085379072788e-02
-2.133494608568483608e-01
2.394924987405274708e-01
2.010657340782217306e-01
4.176152743690800806e-01
-2.142577120194537055e-01
4.137211194869240827e-01
-4.050065658588020145e-01
-8.148115820804817389e-02
3.314090950423502768e-01
5.929733869369199772e-02
-4.563525426827745313e-01
2.901304969239531517e-01
7.558908863758459495e-02
1.916136978734406693e+00
2.205590010086465880e-01
-1.852076044391616216e-01
-1.293253732312821813e-01
-5.908343737682807406e-01
2.273221200528451336e-01
3.300543576497321219e-01
-2.459296109507486394e-01
3.972818604623048477e-01
-1.347594805848880140e-01
2.733317458024821234e-02
-8.100102083781984819e-02
7.658192095339839689e-01
2.008159237052883905e-01
-1.926998149821196327e-01
-1.425725073543259169e-01
1.825654751689383959e-01
-1.326370997591484469e-01
5.025620640083872104e-01
-2.855516266455622731e-01
-4.258791557341732453e-02
-1.346356751210997515e-01
-1.440594948525404595e+00
2.434053352021957051e-01
-1.651426552475218357e-01
1.585053947999544299e-01
4.823125894386873780e-01
1.398370315681750908e-01
-8.449749196037296128e-01
3.907357175552881312e-01
-1.084833844961179627e+00
-3.510362400821037121e-01
-6.135200674032634249e-02
-6.970409623569283619e-01
5.060131335256280727e-02
1.330783555890884928e+00
-1.969268082965272282e-01
-1.023808448193618048e+00
3.964741809741352541e-02
7.998630565713454876e-01
-8.257094768685675767e-02
9.207241246632591469e-01
7.441413661760831744e-02
-6.795675231346136602e-01
-9.730286095992880524e-01
2.444056196895242339e-01
-3.050164511674883783e-01
-1.284877466655809597e+00
-2.250346807722892195e-01
6.069210786799303925e-01
-5.922994183762120279e-02
-2.743744775075652176e-01
3.511084260988437400e-01
1.925536014175784627e-01
4.072405357957460392e-01
-5.630624017753904642e-01
1.366099787583565373e-01
-1.720827842750737302e-01
-1.727597993089239559e+00
-1.269094652437543491e-01
4.852816259117802011e-01
6.044349270114547368e-01
1.796317492098508106e-01
-1.125244015529361374e-02
-8.645781565998863494e-01
-3.564178242159879995e-01
-3.372758800211518859e-01
-1.577968090345857055e-01
1.349071109513886757e+00
1.714199312236184269e-01
-7.959148213131684857e-01
1.036231562113810289e+00
8.197416495216421906e-01
4.256543191473148857e-01
-1.173257326298308978e-02
4.696805563104756165e-01
-2.954271369187283502e-01
-5.795321486322352333e-02
7.040121340778001668e-01
3.666807970226152458e-01
4.885650435609227293e-01
-3.929667845969074536e-02
1.736184731525735603e-01
-9.483005097111278925e-01
-2.033996089682216235e-01
2.098099195500972569e-01
5.862400072383615324e-02
1.043845892421907395e+00
-3.704091896466000233e-01
-4.030847933954153639e-01
-1.682287150599707459e+00
-1.688394937157551845e-01
8.686549265121851215e-01
-1.051197818190730660e+00
-5.819479345264497727e-01
-3.276301816783075416e-01
1.932090776402542454e-02
-5.578832316931350288e-01
-7.015442504139640656e-01
-7.573282035733338580e-01
6.996960572261509692e-02
-8.207480648872881313e-01
-1.368689952694140066e+00
1.108296232614424670e-01
9.472714102418882121e-01
1.746267789187157943e-02
-7.765092011016220264e-01
-1.828422843374129636e+00
-4.305032658518568867e-01
-1.467602849193265557e+00
2.013516699454918069e-01
1.548218039561269910e+00
4.155618968729198892e-01
1.127802184662715979e+00
-4.018844360374097535e-01
-1.569802032429986616e+00
2.184258556742716184e+00
-7.809270067804966464e-01
9.445140371871001417e-01
1.417753584482202900e+00
-3.731668820235799489e-01
-6.311992567186090752e-02
8.372082873288347327e-03
3.733205497986988863e-01
-9.327342936430824127e-03
-5.985148161092177649e-02
3.644462144303404205e-01
1.305123051600753703e+00
2.457220509863455860e-01
-1.301373396716435926e-01
-1.079910270615458689e-01
-2.752334883337964611e-01
1.117322859045916938e-01
-3.585943790695336197e-01
5.911319887391481842e-01
1.992798629528616527e-01
6.866986273412932495e-02
-8.463651230574403828e-01
-1.011461846075475846e+00
1.730729841236280375e-01
5.554382509109430099e-01
1.333401046709300264e+00
8.500708678291690745e-01
-3.529276494832650490e-02
-1.169712062655474810e-01
-1.438233083637797671e-01
-1.431604907830650975e+00
-5.587383039161818443e-01
1.196022528507212912e-01
-5.336651026248380447e-02
3.457426448027883792e-01
-2.561823544912571471e-01
-9.534605837294659603e-01
5.404555276677712738e-01
2.284576467249782583e-01
2.004596724981753564e+00
-2.903765501129023652e-01
7.867565381469336927e-01
-4.860622507614097143e-02
3.768838884512419884e-01
6.232015943855050422e-01
-7.658254964617339233e-02
-7.463496504726863101e-02
-3.915710882181416830e-02
8.827339739169201005e-01
-5.517583194463920870e-02
-2.091103266122720516e-01
1.080899492033486009e+00
-3.338363041682589349e-01
-7.015258129966397416e-01
1.157487259143795411e-02
-3.223869320690522233e-01
1.568713407096283818e-01
-1.078805796897235103e+00
3.341347752129312787e-01
5.775850954175720808e-01
-1.755543679991356520e-01
-4.489280526007055072e-01
5.117990970716213006e-01
-3.363268411083216725e-01
-2.410816749085581689e-01
6.307749578776166155e-01
4.737528859480085175e-01
-3.767213519560654311e-01
-3.933098842064087775e-01
7.370914999237310195e-01
3.016285026391917756e-01
-3.048204336699129602e-01
-9.009119229758275615e-01
-5.272009678185511916e-01
-3.890271515342448860e-01
3.546913204153746002e-01
6.841585136290270763e-02
1.351946824330195307e+00
-2.689757912498199066e-01
9.324325693173829421e-02
-2.555243225538054164e-01
-3.750679048775582558e-01
-1.164881238303224487e-01
-4.801068757856460922e-01
-4.500340487079933505e-01
9.181672631459656397e-01
-4.389308521537154117e-01
-1.156173946702065747e+00
4.872996663267671336e-01
3.063477592646520975e+00
7.303912377406501788e-02
-3.618264742760538555e-01
2.609770266605574984e-01
8.149371684568106067e-03
-1.370925038586651157e-01
3.880447189467240432e-01
1.496929260162566944e-01
3.426134857519218535e-01
-3.583335584057904533e-01
-4.406450451612126118e-01
-1.182324593678631131e-01
1.950912256405692990e-01
1.775620417009173280e-01
-3.320743310457912045e-01
-1.119004169088483991e+00
-4.186242133822429268e-01
-1.420857727913932278e-02
-3.108421235042417297e-01
-1.819588790688932700e-01
1.562103453726236268e-01
-7.028301831527378196e-01
-2.526445567218804089e-01
3.597825756646568784e-01
1.014931137328882516e+00
1.627696873719138362e-03
2.988742104988049708e-01
-1.474985931546246132e+00
-4.322711139252036205e-01
8.941323452969175689e-02
9.334295973273363245e-01
-6.366339502702834663e-01
2.142646372705701019e-01
9.518946698005523177e-02
-2.114513521352861802e-01
2.830439833822606666e-01
3.490474011705286816e-01
3.201558980415512012e-01
-3.442014225262107763e-01
5.494522843873450579e-02
-1.042608260218133687e+00
-8.704152081340501557e-01
-1.401456068725523529e+00
-3.472199410452235513e-02
4.875930082553720513e-01
-1.828531008214089870e-01
-1.943507585135975768e+00
-4.011027074550675420e-01
5.139577168984111877e-01
7.710313230164987930e-01
-2.621331154051058654e-01
1.162332558966279183e+00
9.170863879650910100e-01
-3.352917564661387351e-01
3.708670678734271031e-01
9.297335519069100940e-01
2.382986232242802482e-01
-8.134389466246427780e-01
4.465342343717859652e-01
-4.286308029273035447e-01
-1.726021679008489240e-01
3.617217617367214366e-01
1.244042530106732602e+00
-1.748283594743774150e-02
-7.539866793325967764e-01
2.083429484145163657e-01
-1.633888777960310068e-01
-1.229205744512929854e+00
-1.031658106372282391e-01
-1.216545299825868787e+00
-4.910885316435231185e-01
-6.975253932136179502e-01
-1.396286635254203878e-01
3.467375458760582063e-01
5.963535096119051970e-02
-1.106041665476030555e+00
7.329266558164239109e-01
1.284312301121599553e+00
-2.250637364023976850e-01
2.730245566388191936e-01
-1.033826386890765031e-01
7.201890799597884252e-01
1.741496320097715989e-01
9.852005781968460330e-01
2.369339408932945312e-01
9.922838063708769307e-02
-1.387365306213215466e-01
-3.620473358846732492e-01
5.405134559816836548e-01
8.189393527761350544e-01
8.580851888058494970e-01
-5.886529494909977789e-01
1.283966319302022596e-02
-1.153884659201627416e+00
-1.010621759198769565e-02
9.212133514307334348e-02
-8.372335165186911565e-02
-8.205722784382635249e-01
1.365638429970982282e-01
-1.008579618007613199e+00
-2.348631776944966332e-01
8.973129306439078245e-01
-7.804391792242129089e-01
2.326063279587491650e-01
-8.405031907348468057e-01
-6.049878534905870353e-01
1.794815956929401990e-01
1.878008668998923381e-01
1.201800202340261636e+00
2.299147500349687234e-01
6.945833905624902993e-01
4.808790962669117763e-01
-1.160849460566237834e-01
4.321867513244350562e-02
3.210978623009912436e-01
-8.789015451170126281e-02
3.609528879448083427e-01
-8.731457282140073217e-02
2.483255724073235582e-04
3.367794440969060221e-01
-1.519639154114565405e-01
1.844417321134340093e-01
5.069544075246178449e-01
-4.064547385792693923e-01
-2.425546060062284126e-01
-5.591153493738192370e-01
4.575172139343456901e-01
5.038516205771252920e-01
-1.888249782430720392e-01
1.462340415106631319e-01
-9.408446401085615585e-02
-2.615352202413412375e-01
-5.404649207493258944e-02
7.598718477555291284e-03
-1.045668874880228083e+00
1.326492030995168325e-01
-2.848986579809121081e-02
1.020321004863528502e+00
4.217014772929048028e-02
1.018846027345558791e-02
9.448795088247020635e-01
-7.945913662598488858e-03
-2.050102405624830079e-02
-6.368034762650785774e-02
-8.964580062107850855e-01
-4.533190378186719577e-02
2.523891000889136871e-01
3.841199773686013730e-01
1.841677874579067953e-01
-1.729964490442998867e-02
-1.072139922660140243e-01
-2.592846224853184167e-01
1.107964229068700623e+00
5.423834439713247635e-01
3.329721606148510205e-01
1.479992784419590923e-01
5.244699180606923195e-01
4.788887916203926620e-01
2.616121238371431623e-01
2.226278562685625462e-02
-6.322357061391211674e-01
9.231765050311661891e-02
1.399627010098120905e-01
-2.018586209193146963e-01
-5.368127159361312239e-01
-1.466704731857480515e-01
7.978426156729726548e-01
1.316686487170243280e-01
4.712926930936016667e-01
-2.732954180389104426e-01
3.271235555273941387e-01
-5.001370113868049139e-02
3.981020132747931650e-01
1.856287008738949362e-02
-4.280389003805327164e-01
2.340128453755895566e-01
2.121284980932016673e-01
-2.423147856441424386e-01
-3.583370025280862015e-01
-4.673896297428338786e-01
2.085183052158935679e-02
2.169120303202127370e-02
1.493452246109421955e+00
-2.223111949651155467e-02
-2.159983847454913508e-01
-1.782337704518140997e-01
-1.267507304868519036e+00
-2.397984057091465393e-01
-1.975277238268492164e-01
-6.517028686818345795e-01
-6.506778551540650657e-01
6.513087653389401099e-01
-4.064807038909596937e-01
3.629906622195279708e-01
-8.753204534265580650e-01
-2.258541954301254151e-01
5.692781621531439740e-02
-3.032533865722891187e-01
-3.314815633221274149e-01
-1.284209020130663959e+00
-8.046545298192877560e-01
1.122270014532471327e+00
3.471943372310338782e-01
-3.498115456452426941e-01
6.849464553054247506e-01
-1.166743605777557535e+00
1.600172025138707765e-01
-3.317162936473869728e-01
4.015058070516617228e-01
-7.865115185018407562e-01
2.998172077999010643e-01
1.543053988628932671e-01
4.929209374485719886e-02
8.515063864523434445e-01
-2.774523591596134153e-02
-2.581284573632691148e-01
-4.385937892690525142e-01
1.001747910975909539e+00
7.394383806099766865e-01
-3.334675488479928451e-01
7.159363028659536665e-01
-2.390847599766453557e-01
-2.833475770877903477e-01
-4.224413542943769584e-01
-1.903422292208305500e-01
-3.157164718875254406e-01
4.744140418257646874e-01
1.428531159877921564e-01
3.562903600143466076e-01
1.339577059347908938e-01
2.773808833097023419e-01
-9.127135487287644233e-01
-7.917764858605781386e-01
-4.982461857752947809e-01
1.121037875530203065e-01
1.224362828640080503e+00
-6.149271117957610944e-02
7.128609889368878738e-01
-3.189950043330282980e-01
-1.617480228763313654e+00
6.978526929976087700e-01
-5.539262385060318428e-01
1.093751744523573155e+00
3.734831201866074535e-01
1.511046109804679571e-01
-1.563412000914458977e+00
7.015034916701541612e-02
-5.321482516861005818e-01
-1.277526074779225251e-01
-8.115663990855288557e-01
-8.294957192690346481e-01
-4.525024876834003451e-01
8.249429021417759023e-01
9.018035343547990967e-01
8.353162818418031765e-01
-2.274776824708928114e-01
1.240449206320502595e+00
-8.429845236059168023e-01
9.457925293299729308e-01
-4.174722726900452763e-01
-7.143190241599874923e-01
4.018132502120723704e-01
5.118281746184072389e-01
2.091851087104766860e-01
3.605493916874389360e-01
5.360520456768601560e-01
-1.760217447204877050e-01
4.905897343480166151e-01
-6.479325752308277009e-01
-5.255166561131834335e-01
8.664510757260655005e-01
5.580618259394961589e-01
7.007570792345159116e-01
1.000138992309675956e-01
-2.521783356690562306e-01
5.977638175127829301e-02
-7.270133127848140697e-01
-2.449504454156692657e-01
-1.920133448299036483e-01
1.450436634096094191e-01
3.690847946605421703e-01
1.640024653614565731e-01
-1.532170184618852349e-01
-4.074645204541444410e-01
-3.523063356276338876e-02
-5.202825195654464663e-01
1.820082903953909592e-01
6.661087931148008678e-01
4.173869477676296347e-01
-3.105484041166264170e-02
-1.930372082925539967e-01
8.367970385060269356e-02
3.436918636432318430e-01
-1.877035619763820495e-01
1.722394731016334557e-01
-5.480128988703902859e-01
-6.152671451027422744e-01
-7.472174191774653140e-01
-7.182888826526465098e-02
-6.670001046604166761e-02
-5.998428065908723017e-01
-5.268899151894214095e-01
2.400592987993186711e-01
7.109753793750341055e-02
3.736183747292136648e-01
-1.550651293150574483e-01
5.894516788675933094e-01
9.101194633695404157e-01
-2.448027947847018215e-01
2.684392368884590541e-01
-2.512696019557678628e-01
3.717780222743756746e-01
-1.007333107852668858e-01
-1.375074306665315105e-02
1.003758680600263631e+00
1.564444531802765548e-01
4.654244704444228664e-01
5.090009538426765179e-01
2.423456316017238876e+00
1.772673318074131643e+00
6.857864472716866944e-01
1.606676435109820611e+00
-1.095634033372234306e+00
-8.403726576331554954e-02
2.070957253059833580e-01
-2.350901479414032602e-01
-1.438358103464544513e+00
1.928354182484496970e+00
-1.572857099204243991e-01
5.880060625928533735e-01
8.132238355294794108e-01
3.117358545198349873e-01
-3.650729477291845826e-01
-6.156089864435045911e-01
-7.955148593885238983e-02
-1.001574025350046471e+00
-4.508575876994891929e-01
-7.689698931727393383e-01
5.350529336956171278e-01
3.996813590492075408e-01
-5.549168732231860579e-01
-5.221149669797930937e-01
2.420342443740511607e-01
1.310851937650023391e+00
-5.098680870953493649e-01
1.669823131795214466e-01
-2.830831004614884905e-01
-1.673577835198552521e-01
1.078198674681232205e+00
7.181713042965488514e-01
-4.100375022346199883e-01
-1.444513045256686334e+00
-1.201073012749860058e-01
5.025446258642701780e-01
-3.005608300912450681e-01
4.545390639580726422e-01
-9.420383489275878652e-01
3.393886918928347429e-02
-7.558350067126249350e-01
-7.595739724602162957e-01
4.119919473864419590e-01
9.070427357252918155e-01
-1.075531130853302653e+00
-8.377590993276801123e-01
3.867438693751514278e-01
1.752698771632807406e-02
7.835783003153547199e-02
8.803511777753628698e-01
6.722442446796346172e-01
9.565474687954325650e-02
-5.737624049043565932e-01
-1.142682534653099102e+00
-1.778088990876226072e+00
6.574788708379636359e-01
1.090068321398812712e-01
-2.652157546773028507e+00
-7.656414645692485310e-01
-3.682335654409940151e+00
3.747120603369584302e+00
1.106735592396498991e+00
-1.354864929821456287e-01
-5.379077546326230808e-01
4.350278210941972423e-01
9.138266535764518750e-01
3.002435199650042019e-01
3.582574257431600517e-01
-3.078852607864069335e-01
1.062595979259979562e-01
-4.020153138430714868e-01
-1.933722962421793756e+00
1.003504231552882486e-01
5.119678721334699478e-01
-4.350877663121999195e-01
2.957499690268299286e-01
-5.744627574658413005e-01
-2.716287933275181032e-01
9.132605598126936064e-02
-5.599823590714375632e-01
1.400334637997882603e-01
-3.930571564213506397e-01
-7.752339120799585370e-02
-1.689745257854508020e+00
2.497400230849762259e-01
9.042545578081249980e-02
-4.532390773703118270e-01
-9.285206751177059736e-01
-7.310013231177545645e-01
-1.239737779190973166e+00
-9.306093121674519075e-01
-3.410159377027294880e+00
3.717339265713821006e-01
-1.077223395574590015e+00
2.336205588857798610e+00
-7.455606713390721119e-01
3.064703431473185802e-01
-1.581728551728577070e+00
-7.031829271989751273e-01
-4.893873044245826698e-01
1.345160754452090268e+00
2.440360498100980102e+00
-1.431458445462414630e+00
-5.243930324534342713e-01
2.973925316173428035e-01
-2.881992499821198761e-01
1.518094282012845131e+00
-2.144338591402471794e-01
1.054998825583831068e-01
-6.262454832390997872e-01
1.427775569382161436e-01
-1.690719974271764459e+00
-1.043219401019011894e+00
-5.542825280078150785e-02
-2.118098592999541729e+00
4.680861005899255578e-01
2.169836303290161972e+00
9.887040093059373813e-01
-2.019978485133060997e-01
2.038867475023261822e+00
-4.327311606426768598e-01
1.177930176731940559e-01
2.085327311609840861e-01
-3.211214962532135675e-01
9.771960606502374524e-01
6.786312978634171378e-01
9.503943063786199352e-02
-3.220250388913957207e-01
-2.703434831404394334e-01
9.676075466465908770e-01
-2.259262093334053201e-01
6.627698158086975377e-02
-6.159035374224777204e-01
-6.186752967557469507e-01
-4.911436662169704204e-01
-2.765393696084776920e-01
1.308495826675381668e+00
-6.104611128890893856e-03
-7.002710756906578293e-01
-4.511706065500331042e-01
-9.277910930991954963e-01
-1.671579058005515372e-01
1.543980879424491581e+00
-1.346063564829761861e+00
-1.212586833315428603e+00
6.418070220972886819e-01
1.853770664295387172e-02
8.701080840374699754e-01
5.835203936180659579e-01
-9.903619309356753719e-02
-4.347691455295453755e-01
-1.241300116816438148e+00
-1.207038762068893961e-01
9.999977365306449428e-01
3.908203656905613332e-01
-1.990056960434326561e-01
-7.193244970769057112e-01
3.532535090905077058e-02
-8.577634610826918582e-01
-3.644259725960885543e-01
-2.678207749061676246e-01
-8.242183158060213399e-01
-6.095904347360751041e-01
-8.134199327753040276e-02
1.277734448402761513e+00
5.803199168632525717e-01
-3.685165548328350749e-01
1.309091138468031212e-02
7.278409805129824883e-02
6.021486793643223701e-01
-3.918264760128405966e-01
1.891248586910475871e-01
-3.334572372704744936e-01
-1.683230008753274776e+00
-4.594544112765007182e-01
-5.696223356391595383e-01
-1.964436173000147834e+00
3.567134971033225632e-01
-1.760121950985710226e+00
-5.316853079202078503e-01
6.415570332700106793e-01
-2.346535664464261262e-01
-1.096949512582423125e+00
2.593292636813027685e-01
-2.386180068242889529e+00
-1.304542494520441798e+00
1.742362771960934698e+00
-3.378118929893735300e-01
4.708459934382505652e-01
5.976898258487652882e-01
1.911972550325616416e+00
-3.625939279388598058e-01
-3.554246433924688198e-01
-1.499783351342369953e+00
4.054349691141030387e-01
2.460141441845609400e-01
-2.511940302632948985e+00
-1.240726943177885122e+00
2.969159765088808633e+00
-6.876960363314181812e-01
1.233610561698855301e+00
-3.700791773088531467e-01
7.379739725248595228e-01
-4.194054881841231541e-01
-6.628451042598492160e-01
-1.171224720450900980e+00
1.349061810841906128e+00
-9.134160490397620347e-01
1.067254459911275877e+00
1.738216525827583459e+00
