3.321834514839558383e-01
-4.401986266660090630e-01
-1.260150775023409497e-02
-1.681600178458636297e+00
-1.857505396043183932e-01
-7.571938796898755042e-01
3.920783566508104778e-01
-2.061785778320528451e-01
5.030899276998718195e-02
-6.005158959553149600e-01
2.882640291535957799e-01
6.315207649971529280e-01
-3.610617434401131032e-02
1.170411190866951667e+00
-2.621444201536137220e-01
-5.879299597539338479e-02
-4.043138529691752692e-01
2.548194352016255881e-01
3.831624244274056679e-02
5.090145669792074390e-01
-3.040766282326469172e-01
-8.270728210451787632e-01
3.303623158098497603e-01
-9.797784701609728586e-01
9.384381642880450514e-01
-1.273769457766174007e-01
4.345386474143506650e-01
1.307643441793559624e+00
1.899394825868982117e+00
1.353922820673667538e+00
6.428234145691407164e-01
-2.260264808390059166e+00
5.411392395775678210e-01
-3.875943904470990353e-01
-5.282988536446864281e-02
1.257230407907119929e+00
-4.203382882475139026e-01
-7.771246576725224786e-01
4.584538126306294537e-01
-6.906599953010590376e-01
-5.605759620799724008e-01
-1.652553575980959810e-02
-1.549309083570229228e+00
1.796220514235467025e-01
-4.187125739189407336e-01
-1.642666635823853971e-01
-6.320639874592043350e-01
9.354385806147400007e-02
-1.135702555137984571e-01
-4.492367645643241536e-01
-1.275874321730019023e+00
8.127050972282033880e-01
-7.476712029060889053e-01
5.138880004615472563e-01
-1.027278569585844820e-01
-8.432145587650156093e-01
5.932475219841157887e-01
-4.820730568878203726e-01
-4.991391841254377848e-01
1.624350562713580137e+00
-4.178656976518764776e-01
3.370271010868054473e-01
-1.836147933189941905e-01
-6.489408666491211508e-02
-1.700580474379028706e-01
1.930423454883868906e-01
3.550167520667114052e-01
1.100206097891378992e-01
2.802653106230837410e-01
-2.642610183329174856e-02
6.544877828758186578e-01
4.807537758430946440e-01
2.093156480220943472e+00
4.535363192840643265e+00
2.949767793786779002e+00
-4.114620767103051691e+00
-3.117775931094080022e-04
-1.695927561833570074e-01
2.700757493213903349e-01
7.423776744634800195e-01
1.069883548316188815e+00
1.428837318730493910e+00
8.586329545586462997e-02
1.476074715289869888e+00
-1.756055040620910113e+00
1.080076295819383247e-01
6.647488714545133348e-01
-1.249043933799270256e+00
5.009950328048241586e-01
4.725597327372597634e-01
-9.197931076847319920e-01
-1.357004192703402445e+00
-5.205281934804848465e-01
4.786048401289154652e-01
2.621352173945576958e-01
2.292724031203776658e-01
3.724333719869638015e-01
-4.500780476913800454e-01
-5.148847225573648378e-01
1.363933235701861035e-01
2.246758152443500967e-01
3.143064292700500917e-01
-2.988163490349141083e-02
7.419354417937529256e-02
1.781098032054060087e-01
-8.230110491940316464e-02
-4.923704489093834180e-01
-6.462410399395576710e-02
4.159629060983872917e-02
9.237784497306000819e-04
1.299357210324321166e-01
-1.431699948300154124e-01
1.166195426617263331e-01
1.165547955595125640e-01
-2.675532368232186098e+00
1.068090792656189780e+00
-4.319901990665825919e-01
1.385217118376405598e-01
2.917903028447288993e-01
-2.014946467894371818e-01
-1.888659586544789271e+00
-5.550248251838099112e-01
5.329412347809515671e-01
1.380674554572564883e-01
3.409664721518405051e-01
-5.817873923893960297e-01
-5.696447836172444656e-01
-7.092012670596911095e-01
-9.980666484554454598e-01
8.580131523199856503e-01
1.206602975914581988e+00
-1.402518004456376755e-02
-9.931293357268324851e-01
8.838995416041822706e-02
1.913985672927140391e-01
-3.628260907016091497e-01
3.308659015243566315e-01
7.605519210339652114e-02
1.016506610740875727e-01
-7.654885907418029767e-01
9.663399869494299077e-03
-1.234544460882244232e-01
-5.939334801432012423e-01
-9.192388261790165327e-01
4.749706106628935887e-01
-6.440820112325079672e-01
-2.256454461581214876e-01
-6.866116638305652664e-01
-7.094638807787705392e-01
1.071222741083695196e+00
-4.781258678976180176e-01
-1.156502229378239655e+00
-4.857492784964789201e-01
-1.246625220783798227e+00
1.449832741307411355e-01
5.798781385812175060e-01
-2.295242285689688966e-01
-5.408015620862425266e-01
-6.284959310519213638e-01
4.503222058262618677e-01
-1.358825003232941420e+00
2.993028274747501216e-01
9.981798271659286792e-01
3.641279377708895870e-01
-2.711007529810246508e-01
-3.106296038202027709e-01
1.344368342261393068e-01
5.556404928344506056e-01
-5.176083240048648948e-01
3.070789888275312629e-01
-4.221697435838119850e-01
1.687281218669797467e-01
-1.344171869002837305e-02
-3.603802577690977116e-01
3.095497625836785005e-01
-1.162053080601278682e-01
2.819263965277737927e-01
-1.864698279691922589e-01
9.207921782824741719e-01
2.089942981412638900e+00
-2.264372171264830147e-01
1.210645123307447113e+00
-7.766466804004497071e-01
-8.463924379785907615e-01
-2.459661106793947782e-01
1.832635848587405580e-01
7.620953232827827328e-01
-5.236647398288627464e-01
3.226180829730293520e-03
-6.296756341931926126e-01
4.521642252076839008e-01
-1.041302588508249555e-01
-6.989279786316386633e-02
-3.698148742193813066e-01
2.708059407220112513e-01
-1.002881404846381053e-01
-5.946850428815162459e-01
-7.096573107822388149e-01
1.182222159237560632e-01
5.279884914741471702e-01
1.326437888173164770e-01
-3.804472436134775926e-01
-1.065602826996418784e-01
-6.920581793850755226e-01
1.196379739361162764e-01
6.686864426213873225e-02
-3.028614328571616054e-01
4.001474736088669326e-01
-1.875769265864142832e-01
-7.681088017128920309e-02
1.292760149035110384e-01
-2.335133783711124955e-01
5.393661124305700882e-01
-2.450270691526718891e-01
-1.473685632038047588e-01
-1.811389011054548859e-01
-1.553206166176991920e-01
6.213434603486505114e-01
-7.569292638850244614e-02
7.050825429343826611e-02
-1.645502953406843827e-01
-8.521480726788823734e-01
-2.287170373090551545e-01
2.729263524369576199e-01
1.882712906639549266e-01
-3.051552801713599550e-01
3.290073653326427983e-02
-5.394402164762089891e-01
3.653959418814900495e-01
-1.315526266820990220e-01
-6.816008982395858062e-01
3.309859029230638461e-01
7.536235831204345370e-01
-2.639631552755040689e-01
1.043489924256874868e-01
-5.427916560691620207e-02
-2.263428634458559963e-01
5.855374762355540774e-01
1.696385817360203663e-01
9.148102530982746283e-02
2.428484156856848819e-01
3.350080793565897164e-01
2.599552478550803958e-01
3.997399564378951164e-01
2.206606167562004117e-01
-2.585852942614750849e-01
2.600502777501491058e-01
3.256689153295914269e-02
-8.197084427219007985e-01
3.889446730370592631e-01
-2.188389147151941216e-01
1.994548753421066523e-01
-2.120635231844182622e-01
3.495672674136632296e-02
1.278728637091028353e-01
-2.525864043100885942e-02
-2.431915848987203366e-01
-1.769598809744590273e-01
7.160947664124379941e-02
4.318529046810708483e-01
-3.185588937399376208e-01
9.755185557801065999e-02
-8.525785821499703987e-02
-5.582438553395329545e-02
6.152314528174356312e-01
-7.914629334919984216e-02
2.656230188147938875e-01
-5.177649490833532986e-02
3.753514261583917877e-01
-1.290787405293255252e-01
1.449628885867416950e-01
-1.966996353812378862e-01
2.970061627835440463e-02
-9.330740666901443658e-02
-2.111860469817476993e-01
1.508624000219660199e-01
-9.336496835612762002e-02
2.207731281250036870e-01
-4.571737586051518448e-02
3.222609917100967003e-01
-1.894449417111184752e-01
2.188539781193702127e-01
-7.035665276378318123e-02
-1.581297853159485123e-01
2.145043983767127127e+00
1.818848701800142909e+00
1.839119109438477340e+00
1.449431436407664364e+00
-3.551562810233231393e-01
-7.547004418021602268e-01
-2.628839248325847144e-01
-1.937813388667843695e+00
-3.461191267936720717e-01
9.996315764631154011e-01
-1.510598326678918690e+00
3.579688394984558708e-01
-1.452675321032376177e-02
1.012409185846849420e-02
-2.366459256196824512e-01
-3.664918490270090978e-01
-5.863463681164640673e-02
4.224143665437395390e-01
-5.353886673197949531e-01
-3.172436978411321551e-01
-6.333831234329109217e-01
3.187721913107978700e-01
1.865658968481068158e-02
-1.739851255123225915e-01
-7.684995797755513891e-01
4.000413444092631998e-01
1.690167475050320944e-01
-6.323479059943835912e-02
-4.265266106313161942e-01
5.843919924762422391e-02
2.102935497427614320e-01
3.995697094452824727e-01
5.487463202379976313e-01
-1.792563089656470654e-01
-3.040709243768772718e-01
-4.095738575168319517e-01
-2.341198821088904536e-01
1.746936989480775415e-01
1.830304067559381520e-01
3.995642406847909611e-01
9.839634502054831477e-01
-7.118895886448408650e-01
5.279100783348618098e-01
1.349187014797911921e+00
1.136673749227146812e+00
-4.520078760738689416e-01
-1.359889516821973565e+00
2.231446015877037170e-01
5.250136851547475558e-01
-4.307722886820308794e-01
6.072687511739446320e-01
-8.309324433268214793e-01
2.387353967271093058e-01
1.706094133140029223e-01
-2.265648451528453622e-01
1.481609324375580961e-01
2.396152950968636341e-01
6.568924518515609212e-02
2.560532300137087491e-02
6.004195911959731013e-01
4.459912429769230524e-01
-2.269389259898141331e-02
-2.239783891739145771e-02
-1.017594113771706610e+00
-6.225370829819685259e-01
1.714420179645602671e-01
6.466262449905576526e-01
2.471033003624073521e-02
-2.439071439461831248e-01
-7.558851381114831125e-02
1.500124481588687719e-01
-2.381287341416065406e-01
3.894757895366501854e-01
-3.041156529938462416e-01
7.306585187068115328e-02
-5.455457271815015996e-02
5.201378548218438258e-02
-1.511150626071944003e-01
2.640382595360112883e-01
2.554586941596308919e-02
6.120543331220588135e-01
1.075022015771482098e-01
1.922501649056326534e-01
1.948569224442987247e-01
-2.038959793083757466e-01
2.361915601491877958e-01
-3.356546019661605373e-01
4.007929174620678547e-01
3.123443919972258009e-01
-4.349073497663353272e-01
-3.007434994530671091e-01
-4.087785199336382291e-01
1.967006474687661988e-01
3.386190038357220766e-01
2.197245425028686583e+00
-1.302771398852523799e+00
1.263199276821914130e-01
-4.593067942915367019e-01
9.164891339232841827e-02
-5.919631341033058103e-01
-6.293240604084038292e-01
3.922388102263073550e-01
-1.533717155359164835e-02
-8.706763739460616769e-01
1.832635438307046449e-01
-1.591617871279334517e+00
8.584387786139220378e-01
7.003216219784881291e-01
-7.347956103226428726e-02
3.658520083068436124e-01
-5.391769147240228488e-01
-4.884914799614825665e-01
-3.831003375675250955e-01
4.237196657839783498e-01
8.114626242009104207e-02
-4.533396943399174706e-02
-6.197862054943061028e-02
-2.565004948325740886e-01
3.912347732304781167e-01
-2.156465964184365591e-01
3.572384197850957954e-01
5.407810224795007725e-01
-4.584108491098027871e-01
4.847633520960604320e-02
1.055109359688241044e-01
5.843404420682077882e-01
-6.443449016383314687e-01
3.269642216044021943e-01
-4.531037191686265730e-01
1.910326165899423612e-01
5.946606081301775149e-02
-1.833440715514672303e-01
4.595322413651008880e-02
-2.335450748877460347e-01
-3.542254392190128942e-01
-2.202988524166159534e-01
-2.165293416773337865e-01
-1.332654064220332724e-01
5.169554142877933467e-01
3.641709653695796023e-01
3.752639615220583480e-02
-8.176293149057964893e-01
3.364875138654074838e-02
-1.222417841109573744e-01
5.050728874785737066e-02
1.794850896723730327e-01
5.499103863602529396e-02
-2.217046561806962912e-01
-2.384224689740987169e-01
-5.375148412666287401e-01
2.956928526780484012e-01
1.341778115459262843e-01
2.551452747210153360e-01
5.420082847578722163e-01
-4.095344157596872425e-01
-1.408460970255335787e-01
-1.132199971436841923e-01
-4.484010322542025251e-01
5.362575024960295478e-01
-1.114846846027803956e-01
-4.738932556721513201e-02
1.151006951628936320e-02
-7.251038513087396109e-02
-2.610218136317640769e-01
3.760736672001623870e-01
-1.240382724066893816e-01
5.806480248671358479e-01
-5.565239251998956860e-01
7.668367402380525943e-01
7.316955598980046105e-01
2.484984743116952777e-01
-4.358440632250723534e-01
-4.489730745059078432e-01
-6.392868102780002726e-02
-2.949118111673792453e-01
-1.051771223492272478e+00
1.940215116154565989e+00
2.683676644310518111e-01
3.580366685758215595e-02
-1.538981202978088048e-01
-2.470567333808992849e-01
2.283558822886062878e-03
-3.610553780721693917e-02
-4.264198983308237212e-01
-2.631175139284717135e-01
1.808180359428419592e-01
-7.720640373936762391e-01
-2.707681442739723332e-04
2.864759040716612082e-02
-3.902041133891878122e-01
2.144105443342971817e-01
-6.847393242709700623e-01
7.118035599176305572e-01
-3.767977497540642706e-01
1.322307542325603102e-01
3.230658369312189859e-01
-2.325628714260574437e-01
-6.959773687590077307e-01
-3.826842831924741617e-01
8.583707196808759710e-03
7.270025138310041157e-01
7.038585728182210344e-02
-2.291101445901428668e-01
1.996517442073851845e-01
-7.117163725321902501e-02
-3.731782188465018191e-01
2.962950867011743261e-01
-3.081558756811784983e-02
1.573989054264403886e-01
-2.510682675252674106e-02
-3.266332732759045787e-01
2.160558014059152376e-01
-9.751021316609127521e-01
7.284898134352890686e-01
-2.894388091819740105e-01
6.046165876265294226e-02
-2.422052867042912561e-01
3.973413005428123035e-01
1.310847927601935525e-01
-4.446928246403822893e-01
-3.644423437936106236e-02
8.304496386176793421e-02
1.863250158167909509e-01
3.967095841184673510e-01
-3.385245257980268874e-01
-1.237066803708134211e-01
-1.480979215932884396e-01
4.585106939657758729e-01
-2.051747520463857999e-01
2.985430744495580213e-01
-4.362963556423704592e-02
1.150516811665931588e-01
5.057710505752259778e-01
6.132432099798047764e-02
-9.421611049479849953e-02
-3.430165576327543625e-02
7.603663016186458234e-01
-3.928875953999118043e-01
3.188886677614477527e-01
-3.083082171635282975e-01
8.986765018607308919e-01
4.055861882511145322e-01
-2.728865905297254146e-01
4.121303042757413770e-01
2.458227087492811380e-01
-4.827036365682603747e-01
6.358753146202630879e-02
-4.304981775399185917e-01
2.801469373127661866e-01
-6.133949666478795137e-01
5.451824726533383708e-02
-1.136316711777668742e-01
-1.308655189539477404e-01
5.694507928692943421e-01
-1.186594136374645725e-01
3.302281928546976220e-01
-2.073637144063964488e-01
-1.197212197869800959e-01
6.790603579715492888e-02
3.446224004086876347e-01
1.033282642255042294e-01
1.975667742849138708e-01
5.675958024640584965e-01
6.306242055521567025e-01
3.503794514442005181e-01
1.748815342870660317e+00
2.778157519818493792e-01
-1.357626806671010433e+00
1.465071649705201318e-01
-1.576474941028386811e-01
2.682663663589418546e-02
6.691604668244170995e-01
-1.209114699412798144e+00
-9.662677939738812949e-01
-8.780376516704109513e-02
7.484715754124288134e-01
-1.365290399739515381e+00
2.773790265358223039e-01
2.205494184684644865e-02
-4.805651411738141587e-01
3.115146591798701459e-01
-2.170576996072121900e-01
-4.159629909116174806e-01
-1.281396309064066097e+00
8.516089917390000652e-01
-2.323635306246893059e-02
-1.333785676187181801e+00
9.413123529873487216e-01
9.991177137561976784e-02
8.307235401889465631e-01
2.925529175448486896e-01
-5.830016474262109116e-02
-2.000447559365643169e-01
-3.304382197700689305e-01
-1.673049581628022420e+00
-1.788490996485270490e-01
8.299222276330727732e-01
1.788993961359915397e-01
-8.720259160230652284e+00
9.297670143341939530e-01
1.468847019629238304e-01
2.108262489159456354e+00
-3.436901967615476394e+00
-1.704947179569638038e-02
1.074649380963665690e+00
1.175583799243097971e+00
7.341436791410834717e-01
6.048403383164907554e-01
-1.385064367282941855e-01
2.109888901643619807e-01
6.144029606816152622e-01
4.424096366180931827e-01
-1.330797163721306742e-01
-4.075195151590550457e-01
1.814494877497937475e-01
-7.274538873963640739e-01
6.184243593865236255e-01
-7.304472416803868828e-01
4.127808941771030637e-01
5.738963914526460375e-01
-2.052977324463661768e-01
-4.511541131001989280e-01
1.540957901216449821e-01
4.055669477896380326e-01
3.470426107296959994e-01
2.255238742263978857e-01
-1.225053746224563089e-01
-2.036391851465390312e-01
-4.617412851876707969e-02
4.753153821216884456e-01
-2.643563514856794860e-01
3.423314518136012508e-01
-2.122354375176671581e-01
3.678744795857708527e-01
1.229709526418315962e-01
1.724517865501071223e-01
-8.698255590779635504e-02
-2.632902798291553159e-01
-1.317532794085675696e-01
5.195898383877212146e-02
1.876803700274465858e-01
8.650640287215573265e-02
3.803782460408332566e-01
1.773777821931406873e+00
-4.681802125619751731e-01
-2.840924709418409799e-01
5.583054203875692512e-01
1.889032688097621038e-01
4.480311806685617348e-01
1.354028094971081730e-01
-3.743993552355606713e-02
-6.283358897539624843e-01
8.132082040370211540e-02
3.161099782404109826e-01
6.851019412812080489e-01
8.647116659619832890e-02
-3.022429679610621478e-01
-5.045007479204031142e-01
-6.296508506284123063e-01
4.607574084752587562e-01
1.437279558460055617e-03
5.708502510684483333e-01
-4.197541700158631817e-01
-3.850372287344379085e-01
2.360314361378884063e-01
1.177571447494457496e-01
2.224885125107342598e-02
3.565450100119123972e-02
-1.114968711626678211e-01
1.260341732493898692e-01
9.801895702025219259e-02
-2.251559393361715344e-01
1.615726524877502124e-01
1.572870492554013511e-01
-1.516193085967043608e-01
7.458536825706157947e-02
-2.418832592924508862e-01
7.888343267868134223e-01
-5.027605292151628991e-01
6.533057477650736633e-01
-6.074736463796289732e-01
1.347306623475926224e-01
5.324561973167479811e-01
-3.671014915635199549e-01
6.543755292124085743e-02
-5.710237148895931647e-02
-2.453285669877603992e-01
-2.507074199626280198e-01
3.018954266413361176e-01
-5.079530373074252481e-01
4.255565395866007794e-01
-3.043284257504914603e-01
9.018862531342314304e-02
-2.167720618783824382e-01
7.229204947384876290e-02
2.641606242111033467e-02
-1.467404483084487343e-01
1.220072106274128210e-01
-8.301849378324140105e-02
-4.757065562278735282e-02
2.971446851629864772e-01
3.673908920548057955e-02
-2.568726049442386361e-01
3.701655682266728753e-02
-1.664223257311220616e-01
-6.987176391872340631e-02
1.325718469391410359e-01
-3.840183127836179766e-01
3.745913810117135756e-01
-1.793055860804712021e-01
-7.660408492560893956e-02
3.349730264111407119e-02
3.659067015307634896e-02
-5.524098021378964773e-02
1.735279251458076155e+00
2.139676881843830980e+00
4.595621978106899874e+00
-1.627944797463943827e+00
-4.110208478857272141e+00
4.019346907260257229e-01
-7.199307538765413739e-01
-1.422256941176123224e+00
9.046936251172585930e-01
-1.074872582858242387e+00
-5.095981502354179904e-01
2.584209870689652133e-01
1.426472699456412752e+00
-9.286914114241695550e-02
-4.517814569580888007e-01
2.326977226753154659e-01
-8.071095634778421846e-02
-4.410722688022865046e-01
-8.251900080783028946e-01
6.605587550109345285e-01
1.594613562683388497e-01
2.274594881788726819e-01
5.085271756399549758e-01
-1.295406783234507309e-01
4.122323074474083526e-01
3.960807472145704000e-02
9.425216398363211567e+00
7.217140241232771203e-01
4.532312049979860258e-01
1.259853470561809186e+00
-1.875368591699745568e+00
-5.468407194783753145e-02
6.947015745106218665e-01
7.500673161757352991e-01
1.483777056300341179e+00
-1.469904191423806461e+00
-1.256521395153318288e-01
-3.573715604949656011e-01
1.893891424788205935e+00
2.004669271632843586e+00
2.220657050019033685e-01
1.867614492287456462e+00
2.769479674160093552e+00
3.220102297475580411e+00
4.907894213712074460e+00
-3.603740095566686286e+00
1.116589959874891846e-01
4.178702202157351664e+00
-2.638007410883218995e+00
-3.136508517381099703e-01
-1.685363769454422567e+00
-2.303164652867208950e+00
1.515725137434502878e+00
-2.073732762333280633e+00
2.403890327157752749e-01
5.804764994663986766e-01
1.367616306813204119e-01
-1.601349129467962928e+00
1.953609260301547135e+00
-9.088981952338242021e-01
-1.807650608821228744e+00
2.809332034396561095e-01
1.526185844713105144e+00
3.861751427206315590e+00
-1.496767556304345881e+00
2.228666212431737570e+00
-5.328130764680421017e-01
-2.273798236872632827e+00
-3.896061354690587120e+00
9.198700395073959868e-01
-3.600257179041092215e+00
3.218860168582226233e+00
1.825562190674362428e+00
-1.618995386653228508e+00
-7.906380435056239442e-01
-1.490689749055619906e+00
-4.361907289160369405e-01
-7.417066954279452951e+00
1.501751529002352648e+00
-1.752805426880301276e+00
-5.927182068503229484e-01
-1.321637506723519317e+00
2.273236344787941121e-01
-4.198895624726772802e-02
-2.722922749452481583e-01
-2.663696553035050929e-01
-2.445220174462894303e-01
-3.181005317172767022e-01
6.080576698871095198e-01
-5.417321894131199578e-02
2.984798922875736338e+00
1.752935291972271159e+00
1.789506409675514220e-01
-1.173034891714496819e+00
6.992754662848126301e-01
7.574786200406927184e-02
-1.625702554285315848e+00
-2.653575012530851596e-01
1.048846302343735992e+00
-9.524241177315775353e-01
-2.722965159528924484e-01
-5.923518155221063619e-01
8.212383842824952929e-01
4.447712821474998357e-01
-2.693881065294838617e-01
-9.489110683888077880e-01
-3.921281800627939296e-01
-7.428965053630693927e-01
-4.666007323560487086e-01
-6.550690284758048376e-02
-1.038584752928219856e+01
3.026221813642850922e-01
1.907982249994235380e+00
1.944062252724753970e+00
2.381851252499946892e-01
9.314765831673454954e-02
1.346727175866579973e-01
-4.196921640023854594e-01
5.766199802965910060e-02
7.085068165439167842e-02
4.027411847159489966e-04
-1.173337020245033002e-01
-3.506874241683580196e-01
9.549676175683252666e-01
-1.481451837165882024e+00
1.096649982962602632e+00
-3.565123924776444353e-01
-1.188585103737333615e+00
3.219053059393387484e-01
-1.027668299626956605e+00
-5.868672401678357575e-01
-4.055663566042613244e-01
-6.134938197413190020e-01
-2.514714321478344061e-01
-9.790213528258574494e-01
-9.514537256590405168e-01
1.270066254369142111e+00
-2.428926463106506894e-01
-4.902194711517085524e-01
-4.292005557243551150e-01
1.390695473505412671e+00
3.854650404186215629e-01
6.281168410246626976e-01
-6.114062997454622339e-03
9.568237780579583185e-02
5.731013362426511382e-01
1.468814151155499181e-01
6.229805826498006904e-02
9.765230938458657750e-02
4.067717694451752908e-01
3.859493749647460031e-02
-1.323969287493137470e-01
4.512914996367258652e-02
-6.900727732203604248e-01
4.339742230198535555e-01
1.045877757558371507e-02
3.617666163263957291e-01
2.809810504163361422e+00
-1.601050132852572583e+00
1.124009025381808913e+00
-3.561441116396460438e-01
5.425618002689536201e-01
1.718770054373160716e-01
1.108238744354689498e+00
3.466171218776221141e-01
2.028575082911759697e+00
-1.134451693120648974e+00
-1.150027600442280917e+00
-2.162044725777312326e-02
8.008581087322720338e-01
7.399356805225212330e-01
-3.682635409474847021e-01
-5.564059356746992036e-01
-5.873121016517907078e-02
-2.050723711407517413e+00
3.257207873128549203e-01
-1.427956039571969704e+00
1.657498290663126816e+00
-4.759226478282171380e-01
-2.314496517867785375e-01
-8.643359154105298980e-01
2.622951741096487543e-01
8.582434474068274532e-01
1.982366342957049277e-01
3.017285037266029812e-01
2.117520367840389217e-02
5.602422672547763272e-01
-2.358709410956320307e-01
-3.488788146820849256e+00
2.379117953599529933e-01
-3.042601388530529194e-01
-8.955285603123219751e-02
4.253597870729708963e-01
3.752713127979967478e-01
-1.081046656009278406e+00
3.469051645011379525e-01
1.690615743725248921e-01
-2.268948503495045732e-01
2.781254545698849667e-02
7.061342371454609745e-02
-6.150954067137819337e-01
-1.702211223227899861e+00
-5.439776850407490594e-01
1.667501849329450669e+00
5.544912557614219972e-01
-5.689194633486777120e-01
-2.433530964704459232e-01
-9.319189245796686283e-01
-5.002170643207362599e-02
3.786647763113481502e-01
3.921490158177276530e-01
1.425786405126004075e+00
-2.048562853509542925e-01
5.308163374891231023e-02
9.819312551028094305e-01
8.416395725670906547e-01
4.339913964298983684e-01
-6.830493791394481873e-01
1.275094768756560026e-01
2.302789595680899692e-01
-1.227955067759659791e+00
1.110519298886959855e-01
-2.380567266972526130e-01
6.964710783781886683e-01
2.515567520886516362e-02
-1.098661082426488633e-02
5.005969161543827317e-02
-9.522627752117657218e-02
4.804745371158470890e-01
-1.928082166600230962e-01
5.988922726082940295e-01
-9.238881345857726801e-01
7.897643080884431122e-02
4.430325386931147635e-01
1.530897509433494452e+00
-4.465614315941348056e-01
-6.113829287478020902e-01
-1.340859062768188892e+00
2.896467073041707252e+00
-5.180775091727168880e-01
-8.764899716978342692e-01
2.873271686129310609e-01
-7.390540886500320816e-01
4.828839446245069555e-01
-3.477776926866530949e-01
-4.740380196383140454e-01
1.496732985600393584e-03
5.562075337775734124e-02
2.928421449268435173e-01
7.318230370064031653e-01
-3.356347144722992559e-01
-1.229685877136926342e+00
3.377499896188075335e-01
-9.198516566724495788e-03
3.795312634507727045e-01
-1.977082632575402621e-02
-4.771521432851763000e-01
