-3.033379622784911689e+00
6.381076667102272282e-01
3.327481003888505540e-01
2.998490662600595824e-01
3.023139068115874295e-01
4.906353184390710442e-02
-4.311248184553645446e-01
-8.060649709042222444e-01
1.367981502644629366e+00
-2.782133251936124152e-01
1.283520708025561730e+00
-6.260219753858550784e-02
-5.950949472702876664e-02
-7.806880211791058510e-01
3.116401371060184555e-02
-7.375221038910656501e-02
7.866362947737017830e-01
-3.139434819143388511e-03
-1.351406287429859132e+00
-1.531123579334451867e-01
-8.646761942170282378e-01
-1.317461714706452680e-01
3.825113919454401490e-01
2.289324802080059951e-01
1.288522298424447765e+00
2.085219141979930413e+00
1.631319534677531657e-01
6.034847057139813842e-02
-2.421636227422670207e-01
-1.423165943468619465e-01
2.554890844799774241e-01
8.041088511775880132e-01
1.662836375597845473e+00
9.522754854449992645e-02
-7.414777295533837853e-02
3.958388108649590897e-02
-4.769187982123163083e-01
1.791007475037676988e-01
-3.208824289147809150e-01
-1.561055789304774288e+00
-8.730026755714608289e-01
-6.535580726639089733e-02
-4.578761425503823923e-01
-1.315554536058422652e+00
3.236258797910365748e-01
-1.243218228141167170e-01
-2.235082897695886139e-01
-2.106937594753546694e+00
7.655884722302801482e-01
-1.111942665764638738e+00
8.299448803475822922e-01
-2.209119669840001743e-01
9.815001530369399374e-02
-4.372130834212100692e-01
1.179480162561472145e+00
-3.753162653516524672e-01
7.231382495626412776e-01
-2.020214316368385277e-01
7.417612725675472307e-02
2.116004077072900780e-01
-1.521543758105859956e-01
-5.696111890555349833e-01
3.231866177587352507e-01
6.721087607087193883e-01
4.120285318035193933e-01
-2.335736017213868310e-01
1.388440892451325848e-01
1.020266043879542783e+00
-1.450451603775788634e-01
-5.914181066984784962e-01
1.310089528298211681e-01
6.611933979481012802e-01
3.016416145608112331e-01
-5.185537284774502376e-02
2.357339965875334120e-01
-1.491309679398258980e+00
-2.268854007574685916e+00
-2.190663029242118920e-01
-1.260450994581468587e+00
1.081745486176444171e+00
7.035005954721715304e-02
-1.037776694047425896e-01
3.026589887616019658e-01
5.864047476053495522e-01
1.308152983989608609e-01
5.684766312568349106e-02
6.516088597224900525e-02
-1.168161897396023940e+00
2.162494602406875022e-01
4.350171476913856083e-01
5.501538990631346659e-02
1.403408105361054981e+00
2.811182770844215528e-01
-2.049450263636573566e-01
-4.349489401977157943e-01
-1.040209986764653705e+00
9.549384756288370468e-02
6.848391672893442417e-01
-1.791851188996594901e-01
-4.259962474060470794e-01
4.772846079775567851e-01
-3.356147055111246003e-01
-1.790988504287419902e-01
-2.988995354067224830e-01
6.036895680414801069e-01
5.307524931216323072e-02
1.070641681118262023e-01
-1.566978879154385662e-01
3.100974686356705590e-01
-2.712374295630775034e-01
-2.900182812708977376e-01
-1.326557522219665053e+00
4.092132455384964729e-01
-4.723035375987549855e-02
3.982261069468077119e-01
1.143644108308764645e-01
2.921349711654042114e-01
1.818998276585102880e-02
-3.253940932734352698e-01
4.149777725392833627e-01
-3.909904275819049424e-01
4.471408904753753077e-01
-4.058512204163385872e-01
-1.985033454670782627e-01
1.228797490804943437e-01
-9.296299708361890901e-03
-3.710280696201835593e-03
3.813021819890444752e-01
-2.794777022015880186e-01
-7.345204281616239950e-01
1.357738296642868603e-02
7.756997132555190633e-02
5.313399259194326318e-02
1.788310142954576132e-01
-5.722196488380427992e-02
3.121058580422516604e-01
-2.671690128576535012e-02
6.849916873206821077e-02
2.233213951295274224e-01
-1.881780260955978057e-01
-4.230642017009284550e-01
4.933361540993486116e-02
1.415632354281331495e-01
-3.769009178581101960e-01
-8.351538481085482579e-03
-3.277722369703439664e+00
-8.590816860910616137e-01
-8.069588821436701753e-02
1.896144385146510680e-01
4.438752722630974756e-01
-3.816863754962326993e+00
-2.654436182534709143e+00
3.890666725067637444e-01
-2.696989966738814332e-02
-6.414424496267679965e-01
-2.323294466202177055e+00
-9.360399691020272472e-01
-1.163262084678284847e-01
9.174464893115312769e-01
2.769913443782057172e+00
3.952159313439187471e-01
-1.059687014737483945e+00
-6.547333113329711907e-01
-5.600115317776148682e-01
-1.102389375209300804e+00
-7.328927042591347751e-01
-1.168890159410554075e+00
-6.533148474945592588e-01
1.500920048654966088e+00
-9.718604841829588947e-01
2.619014719311149042e-01
6.236149232932542974e-01
-1.475712946631977607e+00
-1.618066525527103838e+00
5.071051779679708327e-02
1.070761022859211126e-01
2.078445879449601907e+00
7.494192472965371943e-01
7.328191462750648366e-01
1.818044602243810148e+00
-5.670773399995794328e-01
-4.315026386789906909e-01
1.014244731792146359e+00
-2.147844733879724632e-01
-1.260733821637638252e+00
-1.013665270362845039e+00
-1.265830663687953050e+00
1.355701784160396217e+00
5.150294684527649824e-01
-4.700341311888504015e-01
-2.379392638618239297e-01
-6.181539885137089518e-01
4.102781780559799918e-01
-9.960990136803357098e-01
5.029659471375315105e-01
2.869964391500534062e-01
1.259386367270511231e+00
-7.714541234075913967e-02
-2.795289211322964928e-01
7.113097737324466374e-01
-2.623939444591135040e+00
-1.755879467525865156e-01
-1.827456815016381686e-02
-8.407623958196890346e-01
1.190781702986700497e+00
-2.138850727325620760e-01
1.281581251123849463e-01
-8.385521525550693189e-03
5.064205715707886107e-02
3.578172907784470391e-01
-1.100539826943952582e+00
-1.590639482780243086e-01
1.634635082953061480e-01
3.461064644930086920e-02
3.672163794625894484e-01
6.627168135931796322e-02
1.609781976146249238e-01
-2.611938552093164695e-02
-1.209500879498910386e+00
-6.267757712652578805e-02
4.038737386909416194e-02
-2.126242150565618438e-01
2.846024353435531729e-01
-2.957466473197022383e-01
7.948096269502602507e-02
3.163572601540872581e-02
-1.074163364290056794e-01
-3.019373645042673360e-01
-1.404375213826601076e-01
1.620542834756165451e+00
8.186791942302936720e-01
-7.600420139357590976e-01
6.123448828156536905e-01
-8.876000263978882643e-01
-2.497300880586338090e-01
-4.786242814381364008e-02
-1.502332707978062398e-01
3.623515060860648118e-01
-4.781910352250559604e-02
1.524796019198175756e+00
8.170679693449577341e-01
-4.279989660493788706e-01
-3.172852109636723622e-02
4.176544065836035324e-02
7.269937639112955541e-01
-1.696269932005763037e+00
-4.822535354317589729e-01
-3.333381548517377890e-02
-2.406117435267562110e-01
4.076687021113480913e-01
2.879858312293217537e-01
6.003805489719403754e-01
1.632517927650349032e-01
-1.384939330935359481e+00
9.447446993476636967e-01
8.806151898163358527e-02
-4.226490766405885946e-01
4.487957061892450250e-02
1.090567386807002881e-01
-2.438394026115321689e-02
4.302083951610108370e-01
1.728711494916350122e-01
-5.331602155214894001e-01
5.986469012247668253e-01
-4.265248266610719430e-01
7.659838813435979610e-01
-6.476276578435152809e-01
8.554934158417618617e-01
-6.284536530801528853e-01
4.638354673630868397e-01
-7.988579139493104941e-01
-7.459695169448091190e-02
1.086799592354415617e-01
3.719505082828873932e-01
-1.007627371079330203e+00
1.794577799592372291e-01
8.667768990054300904e-01
-1.885571968257183095e-01
3.858042190275281502e-01
6.280163846672195960e-03
4.554269633565018460e-01
-1.421551298626193283e-01
2.917450221689726231e+00
2.251354541659195352e+00
-1.923024704606551616e+00
4.771164188165453734e-01
1.079970368882910980e-01
-1.344476534477198060e-01
6.514814848499151934e-01
-1.242097004006341709e-01
5.458207334425854151e-01
-1.213192705380433667e+00
-3.814910765504505030e-01
-1.281789936551488707e-01
2.824695751896196816e-01
-2.718202456042430049e-01
6.893289086517562225e-01
5.981569250864482434e-02
3.482876369785682935e-01
-6.515739199671079229e-02
3.609371989401962688e-01
-2.744290763357801199e-01
3.580431751100400239e-01
1.279835109515360836e+00
-7.613522747222196685e-01
4.511913497350926727e-01
-1.349009116869881897e+00
-7.373787309007240331e-02
-1.357975282788732516e-02
-3.297036895615024776e-01
6.487362149627664554e-01
4.641229428244857957e-01
3.676584334695766620e-01
1.140307141071978059e+00
-9.550485973892391955e-02
1.066020835896392127e-01
-8.360771656344237468e-02
4.393617319567277857e-01
5.742226584916804155e-02
7.850548381818099886e-01
1.003030797747450409e+00
2.166711590781484453e+00
4.347170896941234819e-01
2.079705219295924667e+00
-4.328843046738198863e-01
1.095027943023253236e+00
-1.837997852771794616e+00
-2.718848520095453303e+00
5.275956399973038558e-01
1.783566182078006213e+00
6.055043722316639787e-01
6.110922263352516204e-01
-5.780620909927773887e-01
-3.608196559930570979e-02
4.091868473910909576e-01
-3.524886153711882519e-01
-2.291106528045660021e-02
2.044108138312078271e+00
-2.239343625923265191e-01
1.681972440778109826e-02
-9.108647651589557581e-02
2.734987406085561679e-01
6.462569470834333973e-01
-2.249499193968131916e-01
1.684976935158121192e-01
-3.007791963621464060e+00
4.268752751580232596e-01
2.976349413820310597e-01
-9.380059460599178556e-02
-1.654854122849521714e-01
6.973825893350583671e-01
-6.736114878718406362e-02
4.937776441412411454e-01
3.119223849825865091e-01
6.555381791569161454e-01
1.109143478168802543e+00
6.667205669534775891e-01
5.492138666066641584e-01
-4.149891937151152232e-01
1.989960553177173852e-02
1.030947980225727090e+00
7.004853468871580224e-01
1.665234656787768497e+00
1.035307189543048567e+00
-5.680006743186087892e-01
7.496760970017859460e-01
1.911306835907740309e+00
-5.340885073756938439e+00
2.381645807442889229e+00
5.800292596097810643e-02
-1.385210514120185366e+00
-1.733660657946038519e+00
-1.124298804981183286e+00
1.452395644166403654e+00
4.760091815456397590e-01
-3.060822088588384116e-01
7.102689666965569248e-01
9.970774523936465350e-02
9.709649907321395990e-01
4.388568951911993032e-01
-8.152173257113572991e-01
-1.239608084569725266e+00
1.271058426835142807e+00
-1.560121641126608338e+00
-6.509039798018516620e-01
9.121481269578392004e-01
-2.576783301250573199e+00
5.358435229128756250e-01
1.180133301232766385e+00
1.679019508152715667e-01
5.725676025410744163e-01
-5.044133587873849134e-01
-7.161725207618570010e-01
-9.521247116278203082e-01
-1.244872802814228407e+00
4.922247028692489090e-01
5.010788875046299218e-01
-1.745791966410644713e-01
-1.749385099465647908e-01
7.553248880232581453e-01
3.341478764763670672e-01
8.004029104714642795e-01
1.021930216041104345e+00
-2.011495661385486744e-01
4.812035484408565544e-01
3.867124715731404816e-01
8.573221981188512419e-01
-3.405268708874498174e-01
7.942932081839064740e-01
-6.271709385021170258e-01
1.166656287448453733e-01
-1.004204657408650947e+00
-2.026166556290141529e-01
1.397434267029720734e-01
-1.463470238949035052e+00
-1.990741703435914500e+00
3.605095477655501646e-01
-1.229226400073416270e-01
-5.719420894645074194e-01
8.945122528038340626e-01
7.722705951350331555e-01
2.119285970768914062e-01
-1.302291491717295191e+00
-1.416480656485821221e-01
5.211850954199805930e-01
-4.548290461866480450e-01
-1.738702890585306915e-01
6.994426328881421240e-01
-6.029992405919759602e-02
-1.032329444004550068e+00
-4.995294080632842193e-01
2.139282719386164378e-01
-3.331060804927781782e-01
5.220724324706041974e-01
1.581074614853046789e+00
7.094395231816336134e-01
-1.341198219513256851e-01
-3.539667202143214064e-01
-6.844501644842279076e-01
3.501115977269994017e-01
-3.304091511413503324e-01
-3.185702082959349091e-01
-3.703890574702425331e-01
2.237555405650108464e-01
5.400454711317209666e-01
-3.073871267322275669e-01
7.018126157335066728e-02
5.369507779654668633e-01
-7.302878350040059585e-01
-1.504489325773562813e-01
-1.666636378948323782e-01
2.184941807915079526e-01
-3.330637649540630352e-01
-4.299256683076790875e-01
2.042439795906824673e-01
-4.931380716971545120e-01
-3.708153585862088431e+00
3.403699495296931277e-01
1.241551917744103256e-01
1.151150927054332140e-01
-6.610483452929832859e-02
-4.090226946643187311e-01
7.304078572653252555e-02
2.066440812118246761e-01
-1.005499339769832856e+00
-3.764624332006168972e-01
3.720555474176927557e-01
-1.615294204830597380e+00
-1.122940126723505294e+00
-3.010765270709524488e-01
-1.409212966828172209e-01
9.146532455276615847e-01
-1.899310005254332967e-01
1.395706018244100566e+00
6.385844188836475865e-02
5.094854982264345189e-01
-7.807647407303950349e-01
-8.148074374205345194e-01
-6.925367128973544673e-02
-4.121289482216135558e-01
4.079623502509571731e-02
8.949619544949301009e-01
3.870780096554706229e-01
2.832276087528822206e-01
-2.007071165024090220e-01
-5.282718145297322643e-01
-3.510872481434046954e-01
-4.773959293029406137e-01
-1.943107066331326849e-01
2.982893023845517577e-01
-7.660680213976382991e-01
2.472872179051561758e-01
-8.837120326558735028e-01
-1.064352691340434864e+00
1.842312289565935179e+00
1.994558286157476767e-01
2.508724306195110887e-01
-6.103624506168751906e-02
6.188157964458489424e-01
-4.484804534896188466e-01
-4.000085598501243456e-01
-3.755052170691471070e-02
-7.789824505218254092e-02
1.746045055219261621e-01
3.385612446748975102e-01
1.401256509359121716e-01
-3.313105958633155712e-01
-2.192852435357730556e-01
1.028040764133383300e-01
-1.200105498876911536e+00
9.389116567684545611e-01
2.757176854987393178e-01
4.602015055730349635e-01
3.506192911135364576e-01
1.329930865556822939e+00
-5.584411553197654587e-02
-8.742464536369480843e-01
8.210821792957406773e-01
4.899293443060992459e-02
-9.224402068456766246e-02
1.381101902353898958e-01
1.569882628150446324e+00
3.817087040273786647e-01
-4.197200029583093572e-01
4.843419400978379308e-01
-1.499539955685266213e-01
-4.981514537928310449e-01
-2.923320390919680323e-01
3.849448104999955711e-02
-2.968296801127363604e-01
-1.045563367673001398e+00
7.100216170464467291e-01
-5.044752502836008512e-01
7.806854441363199060e-01
1.131376536452624482e+00
2.965923694220987117e-01
7.967144196098028264e-01
5.756774724551543265e-01
-5.242981519293072878e-01
-2.793359300297499903e-01
1.896391200996260518e-01
-3.748210631817228133e-01
-3.933910308602930894e-01
1.329427151689422271e+00
3.676902680691653824e-01
6.972042181596559141e-02
3.731105183459846319e-01
2.606958902398982536e-01
-6.935786601724944767e-01
7.509918528961828654e-01
2.000954143997106527e-01
-4.682341756866996718e-01
3.989042027162497672e-01
-1.181089372308845586e+00
-4.305895633510624654e-01
-2.477193939515250909e-01
1.185582211912745043e+00
-1.137341708586392830e+00
-2.957673926577614187e-02
1.643723683515907474e-01
-1.568978791839579223e-01
5.485128666214821314e-01
-6.419720467548173382e-01
-5.360341299381363722e-01
-1.712412093693479465e+00
-3.287689878706207547e-01
-1.900082237719650791e-01
9.239101754081473217e-02
1.611307983011150968e-02
1.289497417206313612e+00
-3.181348052512097402e-01
-3.032692919763210204e-01
1.011745159848936870e+00
1.124180140086082219e-01
-7.259231937014456459e-01
-2.054970646315309679e+00
-1.534359989696336690e+00
2.625991350365253219e-01
-3.092376518571546273e-01
-1.071537686005347112e+01
-1.062656689876960936e+00
3.970146087083969988e-01
1.953636186655822504e+00
-2.929239329268746861e+00
2.208300821997842167e+00
-1.748543411536552794e-01
1.465416810066491715e+00
-5.088077864786439974e-01
3.677243819879657538e-01
-1.060965883816269439e-01
8.910159728079087849e-01
7.940663196175823391e-01
1.224798763191226048e-01
1.480599560958245853e+00
-3.091402502485630643e-01
-9.585809658338095840e-01
-1.784902027964310189e-01
6.210600679976157057e-01
1.688868436502435066e-01
1.298909938754610471e-01
1.153743920754425778e+00
-3.998978420465845729e-01
1.488118544795505871e-01
-6.818537355595181149e-01
3.925677458780354456e-01
3.417588029653033654e-01
1.412347265875872893e-01
6.439191967357130730e-01
-1.253033056509625265e+00
3.670765909317358355e-02
8.892054282993107073e-01
-9.705376560646656880e-01
1.872922073213994787e-01
-2.899939851037713900e-01
1.023531431463497121e+00
-2.424813034757609259e-02
4.330117846680897609e-01
-2.694614132261433648e-01
-1.045007489980422921e+00
-2.294959358990880105e-01
8.616769781809202611e-01
1.426231106175613439e+00
4.310936494039567801e-01
2.753266132199125860e-01
3.255941880637395758e-01
-3.875002010141512243e-02
-1.156937164992993539e-01
3.013186968698059687e+00
-1.123663113809058867e-01
-2.821394084114381418e-01
-2.536304606214894730e-01
1.739379814590460649e+00
-2.126229376560945461e+00
1.554284550913531404e-01
8.523820631661146452e-01
1.333583682834634798e+00
5.108406765343386224e-01
-8.296908332905191807e-01
-3.060298540348888263e+00
-3.207364863627854001e-01
2.665595803259900309e-01
1.161934162533841075e+00
1.388154207734304091e+00
-8.333882428880872162e-01
4.773700197169101211e-01
7.116106038320952898e-01
-6.650598820364783670e-01
9.425010836451534757e-02
2.807636560796892278e-01
-1.117470938700890093e+00
1.450538449212091519e-01
5.686423315576467630e-01
-5.003917166153266649e-01
5.065934886727693764e-02
2.901204369526532156e-01
4.004158639989643942e-01
4.026109619026744801e-01
1.630534997227380822e-01
-5.638093258836240906e-02
1.053849857857775685e-01
2.776838985778560809e-01
-8.400812398941215342e-01
4.639138976486746335e-01
7.600049252730405325e-01
-9.258865766850631063e-02
3.961095715529742989e-02
-8.783219137538927912e-02
-1.343635518534777584e-01
2.569215994881383081e-01
1.218011589612313095e-01
-1.557758924961466507e+00
2.401669132394834150e-01
-3.026953222624675921e-01
-4.766511516518191077e-02
3.279785021962052793e-01
9.820493359315590753e-02
-2.118711356155865699e-01
-1.501488014404908089e-01
-5.466852904610057517e-02
-2.602692801027024772e-02
9.266761564179439026e-02
8.860297384572262125e-01
-5.193779648981319830e-02
-8.343492951004957137e-01
-9.818177696683128008e-02
-3.291820423763244241e-01
-6.667080375854194108e-01
4.378342556437073707e-01
2.269757773487895147e-01
6.007529525675004561e-02
2.444296893040825425e-01
-4.871810827611875450e-01
-3.895393835105077918e-02
1.175628255185320881e-02
-2.601912059199445459e-01
6.127880094512451192e-01
8.709131757642509658e-03
5.276776625677955801e-01
-5.476942649853107081e-01
-4.567407970090762992e-02
-3.121634647768651433e-02
-2.698337962431968107e-02
7.327203058268436098e-02
3.821394680323726700e-02
-1.270682996693289768e-01
-2.773238098076621361e-01
-3.755329728855155702e-02
6.434412096230343603e-02
2.492345843707230099e-02
-3.923283942214049469e-02
5.458876817471509657e-01
5.483404095526989847e-02
4.648959597056424586e-01
1.576536566361807223e-01
1.849303346759340327e-01
4.160448908332229356e-01
2.029628824340576454e+00
2.328293168259520374e-01
5.787136576423037582e-01
-1.905785686288717917e-01
2.179988874789999531e-01
1.040261830466052118e+01
8.535034847433500271e-01
-2.425007917748079056e-01
2.740816129196306794e-01
-2.672537461402169967e+00
-5.063423296903595272e-01
-1.978930310850567920e-01
2.712255871766884319e-01
2.841579157098271802e-01
-1.767194597536083656e-01
3.163484336732660385e-01
3.635548904996184771e-01
-8.629399446531377249e-03
3.440931553070714077e-02
1.205910785421867304e-01
1.308115242696704650e+00
-1.315503632345809137e+00
-1.085573271151631380e-01
7.495639202653631150e-01
-2.736558974993373861e-01
-1.684273804775586747e+00
1.109403263927825734e+00
-1.065304508635995240e-01
-7.839352815873157354e-02
-4.931893968282230478e-01
-6.317259619134327764e-01
8.446066964792978138e-02
-4.977674371797100039e-01
1.539486583507944761e+00
1.065846285128104309e+00
-1.371830866559544393e-01
-6.453929202204062854e-01
1.068154549990149915e+00
4.148194586785838300e-01
-1.784069707657308379e-01
2.261120347112792195e-01
-9.352679625315468703e-01
7.050889754918683305e-01
-3.377658956702143667e-01
6.587659935186175320e-01
7.005685766116480639e-01
-3.979076191237770899e-01
-1.400112347364778964e+00
6.375272765882245007e-02
-1.157649152731664355e+00
-2.770875630586986826e+00
-8.982462735365553952e-02
-4.903600550915998002e-01
-2.429209362862831956e+00
1.279792347552819676e+00
-5.620800270826262768e-01
-3.269436880677200730e+00
1.378765278707094755e+00
-3.557200693906636069e+00
1.378567241765348728e+00
-3.917327443151998878e+00
2.819604121850789902e+00
5.957541122557398205e-01
6.860991187917776513e-01
-3.262677494584784177e-02
-3.006465308645744017e+00
3.615811225016555275e-01
1.450241651364445605e-01
2.785379251824167124e-01
6.337827219435546722e-01
6.215343281940488573e-01
5.175008767603805904e-01
-2.004119563671070692e-01
2.580286174601101878e-01
-1.260098971142183388e-01
-9.238605634245307119e-01
-7.815048303750309344e-01
2.019791683593414433e+00
7.604687610844940160e-01
8.404898816563661779e-01
-8.087240458927812403e-01
1.496171358869454737e+00
9.593816690867735808e-01
-7.649893667351536086e-01
-5.283267243128821899e-01
-7.249310545734658495e-01
-1.749459213811639380e+00
3.357547272621309586e-01
-1.946779555863729083e-01
-2.271528697943103303e+00
5.266647144654490464e-01
3.044619336205907079e-01
9.350667345067700253e-01
-1.898223514264210099e+00
-7.231685606860158710e-01
1.027134326810398512e+00
1.085295063623732847e+00
1.183965201679396451e+00
-1.054624812912553278e+00
-6.221855289048787707e-01
-2.248216844376049739e-02
8.156397010923834845e-01
5.249889749127029104e-01
-9.866093439726657532e-01
4.731297319918631450e-01
5.169954744730735907e-01
-1.732619323195295324e+00
1.370511015457585580e-01
1.753713443685137596e-01
4.395629931939748491e-01
-6.011473957010413649e-01
-3.415363358297832663e-01
-6.709751480627229592e-02
-6.628680085746236905e-01
1.384426590230145027e-01
5.601698078478340587e-02
-1.390862228225434316e-01
-5.486755703700659792e-01
-7.192702082171348321e-01
1.413390797564846313e+00
5.421989286905239958e-01
1.995852356115040971e-01
1.076755326828607195e+00
3.588400261081389209e-01
1.911516742751679931e+00
3.085152770645535059e-01
8.741445738095465767e-01
-9.978239532756405517e-02
4.938975565899077491e-01
2.064679338402637954e-01
-2.671451277652803213e-01
-1.610937150159069464e+00
-5.049723648947619381e-01
7.154110451187668529e-01
7.140866537291232774e-01
1.082643492098375626e+00
7.738972520509792563e-01
1.485035011095163851e-03
5.636177362462801987e-01
-1.634340116435102352e-01
1.797965245132798484e-01
-1.052733024254704608e+00
1.748251300290711630e+00
-4.294217868224255996e-01
6.929055673972935037e-02
4.575991238505311420e-02
-5.368736757554127825e-01
-1.329776643752290932e-01
9.010753393818399237e-01
1.057662393700089964e+00
3.193973134425974747e-01
-2.068397091506109786e-01
3.625804776487066006e-01
-7.882871246344684835e-01
-1.471172074367685378e-02
-8.068630397951696009e-01
1.104420346741791237e+00
1.089509402129114624e-01
2.647975062785058453e-01
-4.934250881662816807e-02
-8.143465809072313322e-01
5.701925977421453684e-01
5.929368125665455125e-01
2.657236628205509321e-01
4.641900920420732879e-02
2.360314796683921079e-01
5.809735719660964470e-01
-3.030546591913549470e+00
-5.979021507108134292e-01
1.272353720814816680e-01
-4.977457595167863458e-01
4.177895168544846216e-01
5.855533427348106335e-01
-2.685289523353144858e-01
8.872368391283476097e-01
5.375033005520276630e-01
-5.762060370390830188e-01
-6.671408565742478758e-02
1.847215835776488957e-01
-2.848683086964031164e-01
-2.588003241981014391e+00
-1.673926338439222006e+00
1.313405335044290467e+00
7.533336954872698055e-01
-3.789235341797795309e-01
-4.307455281311360629e-02
1.269825101839223702e-01
-6.960038614197794349e-01
-8.346334997341040562e-01
1.223220420889104432e+00
2.369876172489843391e+00
1.873042773699369612e-02
5.156248517478785320e-01
-1.485099835495695686e-01
9.913688617412161896e-01
1.597450307446253159e+00
-4.434550115115315494e-01
-4.015735204841550110e-02
2.471616779916445683e-01
-4.486880927394842900e-02
5.351100454435516740e-01
-9.525996754752020790e-01
7.255273145367051590e-01
1.155142196779183061e-01
1.461131679222826385e+00
-4.729859586591214637e-01
3.393273871657795371e-02
1.073680277687810020e-01
7.994598338649965275e-01
6.962003682515763847e-01
-1.209716225547678548e+00
-6.991192084809479956e-01
1.463928095822517872e-01
-2.065644522584305365e-01
7.582391908303944827e-01
1.626601999042132651e-01
-1.079211580933634673e+00
9.538861516016435838e-01
4.461700371975463875e-01
-5.421815107831581271e-01
-2.431952460938119065e-01
5.664620181594152981e-02
8.619043151434514494e-01
-1.198533600560642287e-01
-5.546542427275468201e-01
-4.126999358610555085e-02
2.019635845099112537e-01
6.437999369972724484e-01
1.094544058189306224e+00
7.951267130622438062e-01
-1.129411266140499803e+00
1.164159240806777740e-01
-5.484723843895007445e-01
-3.158006785296501029e-01
1.335995079716553041e-02
1.864487159244404557e-01
-1.478679214492169214e+00
-2.944890647177387799e-01
