-7.540969140796605075e-01
1.839264937594021987e+00
1.406043091251014010e+00
5.526822691678070498e-01
1.691134922159589937e+00
-1.896303718327074783e-01
7.337622168242368126e-01
1.290055667650808147e+00
-3.580368154271396541e+00
-8.741713480787661750e-01
1.690812869526974599e-02
-1.028530942402553716e+00
-3.240049507001075413e-01
2.223673952214187732e+00
8.608548099018399347e-01
-4.441299830241445257e-01
9.010422586447782711e-01
2.592539900454095547e-01
5.870992513095093512e-01
-3.044484049555234439e-01
9.340073957841481533e-01
-1.765172948044122503e+00
-2.145727172431274976e+00
-1.646357237622840586e+00
-8.841143188223775651e-01
-4.209604829998589981e-01
1.990209588842445587e+00
-1.718598338157854233e+00
1.710359474157110982e-01
-2.316971785640852488e+00
-9.873965242902998929e-02
8.209210738396570672e-01
-2.180123890868596703e+00
-1.136084768310019921e+00
2.496741774643100431e+00
1.322637715483327980e+00
2.675311170418847792e-02
-8.285427235720048689e-01
9.057152284238056961e-02
8.543269559798277735e-01
-1.083114940394275250e+00
-2.061258625507638609e+00
3.598299449859516663e-01
-2.353022747562296957e-01
-2.900424799703676282e+00
-8.841473081593368422e-01
2.551779538730682972e-01
-2.607572951477994394e-01
4.580280942945637035e-01
1.512156458515665269e+00
-2.138366801040831877e+00
-3.504055448994088384e-01
-3.497507634039288549e-01
1.343768303969227418e+00
3.470956760945833990e-03
-1.214149963323290615e+00
6.913238969043969950e-01
2.402879399566502649e-01
2.460148709585647353e+00
5.764670953907153894e-01
5.237783067140123761e-01
7.419270478037079952e-01
-9.792701652972038984e-01
-1.687298877530587493e-01
8.216441747582423627e-01
1.983845326900071648e-01
8.411579129812031264e-01
7.251955572574070308e-01
5.233446123651096515e-01
3.596501845617862403e-03
1.300477786094925481e+00
-1.025215793708634138e+00
1.870074399773065665e-01
-3.330517907617621676e-01
9.453457018689266356e-01
3.017013652685491404e-02
-9.566454518533790141e-02
-6.300189242582237004e-01
4.460613072550761449e-01
1.215865410205251296e+00
8.905316059543684493e-02
1.978741629119007139e-01
-5.032237884833548058e-01
-1.625506464685614882e-01
-7.104391982632501934e-01
2.864608463230398083e-01
-3.750656066308574732e-01
-2.140114313634773335e+00
1.915899079745953804e-01
6.038958908190578123e-01
5.438641829080732570e-01
-8.276087730193785186e-01
-5.995607743967372727e-01
-2.365993832115739770e-01
1.394267953375995794e-01
2.006734780812678975e-01
6.992521445420439852e-01
-2.768813621719595219e-01
-8.796374633333821080e-01
-1.703753716200776758e+00
-4.619718012792457112e-02
-2.829430437721808800e-01
2.820111116724067779e-01
-7.681088518530412301e-01
-1.466424192283302397e-01
9.038467983238649417e-01
-4.894825169922816799e-01
6.829637184504887548e-01
-2.856966966384419937e-01
5.922598170773953896e-01
2.520865235809160998e-01
-4.537692279037800480e-01
3.777680830543485579e-01
2.467733927530153110e-02
1.655389928969693558e-01
-9.454409904258472344e-03
1.579571418417621137e-02
-3.278229949957430112e+00
-1.940147451199947595e-02
-8.015107451170428998e-01
-8.492927054577077417e-01
1.277149623639198373e+00
-5.629417877886548904e-01
1.345444370625170083e-01
3.654950955369000616e-03
8.050834648514784142e-01
-6.274743616193671769e-02
2.407172644764248859e-01
-7.498751674426626379e-02
-2.728584913392858358e+00
3.075354896661839921e-01
2.474220946953695488e-01
2.719415221188554166e-01
-1.923765833580753093e-01
-1.723473054697383100e-01
-2.611818685945386243e-01
-5.805343877927938712e-01
1.686493420476965488e+00
-8.841110260910267638e-02
1.105440399919381811e+00
3.944064839724804872e-02
2.909359257597675663e-01
-6.272138676780834032e-01
2.843860905548318274e-01
-1.269297819470250055e-01
8.209388952646389237e-01
-1.515041634228449230e-01
-1.150103675990217456e+00
-7.570785974917057515e-02
-6.962844733970240396e-01
1.119245994819219742e-01
3.679787178574665529e-01
3.632851639122484655e-01
1.144720706997445436e+00
2.063721100397394981e+00
1.107778771396167039e-01
2.949876309524748774e-01
-1.686802929138102591e-01
9.999839492751000369e-02
5.390553204099914897e-01
6.112884724033135209e-01
1.496832343007963750e+00
-8.286168700848468849e-02
-5.116641984597450343e-02
2.915521398653977969e-01
-1.031427820553949271e-01
1.702709493263384055e-01
-1.442957892546467003e-01
-1.473619771529362854e+00
-6.465135393597722935e-01
2.769420944784356520e-01
-4.890231150413520966e-01
-1.412206555055555368e+00
1.580447751584712068e-01
-2.830956018867626378e-01
-1.437624486460596651e-01
-2.195984126393424329e+00
7.407659681083254011e-01
-1.256969074980466505e+00
7.932775015771604821e-01
-2.788662993117381750e-01
-2.975235839624492881e-02
-8.186383087768756006e-01
1.154626964345810691e+00
-4.173121255870475554e-01
8.638731634601435339e-01
-3.653954953708167253e-01
2.172947105892189187e-02
3.915288871217509903e-01
3.014947102840015783e-02
-4.337457551860176008e-01
3.787560137067181310e-01
7.454518843139940065e-01
4.194478625994241816e-01
-4.224609194708516674e-02
1.364129881722172533e-01
1.252969685529200294e+00
-9.189879072932886916e-02
-3.980326695370863810e-01
4.623657978155896187e-01
5.702343160352112417e-01
3.608204669707619217e-01
6.946391820596378719e-02
2.504969577471413689e-01
-1.445443882186951079e+00
-1.982122015867853859e+00
-2.214340538148579576e-02
-1.019110349574178453e+00
8.686336300004003919e-01
-2.491242269155971301e-01
-1.389304605968441353e-01
2.450711239729674584e-01
6.339882250561018617e-01
2.673852533498436435e-01
2.840949694537234227e-02
-2.216170353521012409e-02
-1.115911304242744428e+00
4.481159288722501577e-01
4.383199771927181465e-01
-1.286182471984697318e-01
1.196942498785423359e+00
1.186528179968039248e-01
-6.176229589554792232e-02
-2.452484327725676094e-01
-8.516466564459849176e-01
4.751204271979884708e-01
7.208324890004674801e-01
-7.279403330552430829e-02
-2.785583560286317706e-01
2.285790141721870949e-01
-2.287658770277581355e-01
-3.395705236831230572e-02
-2.721752031412332795e-01
5.995231703850396610e-01
3.724047501823269518e-02
7.603030667113375163e-02
1.558438210361476686e-02
4.343139464456390875e-01
-3.951676311391686403e-01
-1.037953188655308945e-01
-1.296514268884750409e+00
4.780986145204063065e-01
2.066683784298666351e-02
3.005970512462821098e-01
8.711862215911135576e-02
2.664087221711234910e-01
1.904057753982731516e-03
-1.172195351680812153e-01
5.396834909877971098e-01
-4.456527620592686256e-01
5.179450445807268766e-01
-3.812565525834192837e-01
-4.324855521753810661e-02
1.789380155120972871e-01
-4.450332835818799487e-02
2.673663374266170220e-02
3.938540775630887669e-01
-2.877791197854154270e-01
-5.714212132826620438e-01
1.386447770926851619e-01
1.871479959215127942e-01
1.542556493443576759e-01
1.168128147817678875e-01
1.052008915249743812e-02
3.306007834979385329e-01
4.508893965262670070e-03
1.268244304917431065e-01
3.368855294626706409e-01
-2.635348631174715406e-01
-3.223620807371060382e-01
2.231252374336107347e-01
1.705410299822009978e-01
-3.195560570217966245e-01
-4.451626005413401865e-02
-3.219677423834162777e+00
-5.037257573670970157e-01
-4.246669611971086444e-02
2.043731148290277022e-01
2.370244138831055780e-01
-4.183199756195084440e+00
-2.565861005508864423e+00
6.247972497459146624e-01
-6.831266274844195741e-02
-9.262054379334409004e-01
-2.940326083243265387e+00
-9.907513921648049005e-01
-2.718903440910426170e-02
7.144195987444833529e-01
2.488576926981741710e+00
-2.501260008005463664e-01
-1.572451792609573351e+00
-2.642596073063175899e-01
1.618547667108950205e-01
-1.144246474095409694e+00
-8.314243684568323189e-01
-1.473742850564591977e+00
-8.294658275831583438e-01
1.858407819624210422e+00
-1.176401490414365369e+00
-8.223418178469335538e-02
5.125009369077886401e-01
-1.381093779276163280e+00
-7.104699113159986812e-01
3.716124463158160252e-01
2.406003488891406486e-02
1.949709095338842735e+00
3.345901968427753004e-01
8.849649157998610294e-01
1.913240989434090933e+00
-8.902625940242195890e-01
2.730734388144680502e-01
1.240993633341239244e+00
-1.050404860519807138e-01
-8.605505270549266283e-01
-9.332488563314685903e-01
-1.272284066640998468e+00
1.827662176012710971e+00
1.611705828203854329e-01
-5.478551030271333611e-01
1.062032974211356458e-02
-5.680767432444379095e-01
1.059776348852110139e+00
-5.651907783334179092e-01
2.982570312660844936e-01
7.540794791177889145e-02
1.301876940746764300e+00
-2.312234023607032951e-01
-3.282123251134157899e-02
7.037861746238963101e-02
-2.617433892045191168e+00
1.942885873793475382e-01
-9.460368794674710313e-02
-7.319882116731201149e-01
9.758438669762106166e-01
-6.026260969893307839e-01
2.769890497892962267e-01
1.914896085581281882e-01
-3.541413842225529102e-02
6.323567242631074059e-01
-1.268130803098847625e+00
6.187990772837435177e-02
4.034277064224229825e-01
-1.489335799059909593e-01
2.236653337498761829e-01
-4.893218384441345992e-02
5.149521349666407594e-02
2.335221002852028247e-03
-9.296622991436985783e-01
-5.136190032667073413e-02
2.549975110718302185e-01
-5.683312191944130815e-02
2.225782906316343124e-01
-2.510994633399938475e-02
-5.319749806346157212e-02
4.159233178773644873e-02
9.226919457253064671e-02
-3.573732126253501007e-01
-1.451585796350421398e-02
1.567024791655598825e+00
8.157033992668535349e-01
-7.087421462727658827e-01
5.387305964547383086e-01
-6.762713796577585201e-01
1.325397671253855311e-02
4.397784957165487563e-02
-1.424126129086346164e-02
2.711948926621133293e-01
-9.560742680390564574e-02
1.694598253195157334e+00
8.322992753367358665e-01
-4.136006799017993840e-01
-2.244222097579352815e-02
3.004531559073997937e-01
9.886180702705802403e-01
-1.550660113641513238e+00
-3.182500302728955011e-01
-6.630099698342427350e-02
-1.983233588052187302e-01
3.599614622714227830e-01
2.285160225670491430e-01
5.508909163724823310e-01
-5.692416764195575712e-02
-1.242734038318663137e+00
1.425940546907404238e+00
9.407222523075235709e-02
-4.206815351094509992e-01
3.137597994379923844e-02
1.809471431765691807e-01
3.086929208850365362e-03
4.101561892094215400e-01
1.672345818459019529e-01
-6.561120802102095029e-01
6.325113806749024237e-01
-2.905869474092519500e-01
1.111064546611710835e+00
-7.097117024462213930e-01
7.216284369401533283e-01
-4.668180576136908844e-01
7.128840718681135336e-01
-7.694483214663920823e-01
9.519644520398995446e-02
-1.697810761703423196e-02
4.961639798418908121e-01
-9.964575193541054254e-01
2.038090329554915758e-01
1.016262679917290468e+00
-3.809034462821815903e-01
4.093095268969278999e-01
7.469110409506168891e-02
5.567275165223968258e-01
-1.751854837995351077e-01
3.093768468896766599e+00
2.093354202231761718e+00
-1.968528100534684855e+00
5.365839155622112999e-01
4.447926434925122408e-01
2.258273846020640296e-01
6.603928099160930598e-01
-1.129059080873770493e-01
4.053384970927782494e-01
-1.178975588850289302e+00
1.391280827337647557e-03
2.314710779639412574e-01
1.750048770688986677e-01
-3.497272044043060468e-01
7.676148051481247458e-01
1.865277856129317624e-01
4.685397062827083015e-01
-1.349658565188774917e-01
2.544591395146824642e-01
-2.764466156825380883e-01
6.059704078273356886e-01
1.044046336222368421e+00
-7.472627410787404667e-01
3.108339183164390285e-01
-1.672597408135357400e+00
4.268373954137804072e-01
-1.717159426757288929e-02
-3.586902285447622352e-01
5.323028317136073717e-01
3.679381729139695745e-01
4.713276857437259659e-01
1.242973746368880583e+00
1.329921757314633064e-03
1.486042699516361421e-01
-2.116724876919058931e-02
6.587111608473618096e-01
2.702395411937446035e-01
7.513555660303471440e-01
8.323774525240351663e-01
2.169096708128254836e+00
4.769104547476232248e-01
2.150448326911863717e+00
-2.077568324321727444e-01
1.328947155899910415e+00
-1.621556520588193218e+00
-2.002144344029290313e+00
6.861294494214643658e-01
1.984113996651162060e+00
1.166235889382921387e-01
2.376617967025631550e-01
-7.166280262888178321e-01
2.099578459973740485e-01
7.418044590055372645e-01
-1.507987997812741676e-01
-4.731914521258646922e-02
1.955799953169854888e+00
-1.548358921624471973e-01
2.921428849895545479e-02
-5.651571238391798202e-01
1.499266785011439118e-01
5.595713689551892189e-01
-4.918786391338852981e-01
1.244867812322317108e-01
-2.955489288207199916e+00
2.991362766536951323e-01
5.207609684936914674e-01
8.635835656083215225e-03
-4.692474361758018353e-01
7.185809445886526259e-01
-1.932016034339995372e-02
6.460687400043122475e-01
4.496636916231976366e-01
5.961188593330482011e-01
9.664456092032461809e-01
6.675746552152481694e-01
6.419030158333454139e-01
-2.889599587860600116e-01
1.031378699044002978e-01
1.014232420646137722e+00
9.515127330712228604e-01
1.504683207332983663e+00
1.131573629429095451e+00
-5.844625391679497683e-01
1.094415539859885378e+00
2.409228579073343646e+00
-5.223593235873364549e+00
2.829256263636833246e+00
-5.379135853856594623e-02
-1.700234849605343657e+00
-2.086321560481434911e+00
4.695084965647095543e-01
1.429446108137646387e+00
7.156912582867740458e-01
-1.518190016846648893e+00
9.293278756386470496e-01
1.381716445816896233e-01
1.383876881369879408e+00
4.305339776101863025e-01
-1.295671558194724460e+00
-1.392222851624045132e+00
1.520519532964997200e+00
-2.298163464858777427e+00
-5.726081887972220841e-01
5.023564410697627380e-01
-3.399850010400263134e+00
2.776290364337656302e-01
1.943356809574532607e+00
-7.485712581562956047e-02
9.297822113761278207e-01
-1.000078967801197649e+00
-4.133819195700549343e-01
-3.229229547338458017e-01
-1.162505102349549846e+00
5.412078866378789987e-01
-7.404568921817214489e-02
-9.496734580171123374e-01
1.804689321792010137e-01
2.495330226044904440e-02
1.574895338660787791e-01
1.185450582228940286e+00
9.104541271078981923e-01
3.105424000533137108e-02
1.086660455130853187e+00
1.324708155386718766e-01
1.599224167783913186e+00
-6.753350905190902420e-02
4.967389313112134941e-01
-4.331304575572952897e-01
4.501522871862280173e-01
-1.102332757567763277e+00
2.063877444175197251e-01
6.541805347564570716e-02
-1.229771897312216922e+00
-1.732737118483197447e+00
5.332352468254324407e-01
1.095936186826757253e-01
-6.954459935583896524e-01
6.641678373457555740e-01
7.396494714313426311e-01
1.905410458592524114e-01
-1.360726689773732900e+00
8.377413075435845291e-02
4.601055098530437149e-01
-5.588580063541215281e-01
-2.304705957899778057e-01
6.624788058766719612e-01
-2.399587491807125827e-01
-1.149753510932280731e+00
-3.472128843585964852e-01
2.897792808405215692e-01
-2.943545512619967219e-01
4.539385164171667042e-01
1.707629336123406505e+00
7.355120462819569882e-01
-1.749266242097883006e-01
-1.940516043757399556e-01
-3.704496721289033956e-01
4.511454948317731861e-01
-3.225047722923448101e-01
-2.329741626538754939e-01
-4.159156492964887208e-01
2.201844668032040819e-01
5.622954694562731781e-01
-1.170406085289602272e-01
3.970552861947543311e-02
4.466159045729947152e-01
-5.300934763397073812e-01
1.468464469882015122e-01
-4.363662202986291067e-02
2.163626459745782715e-01
-3.213465448340935282e-01
-3.670543117831623348e-01
1.453821564124631593e-01
-4.982338079445335910e-01
-3.719769054850936563e+00
4.682584636000423073e-01
1.398356816830080840e-01
6.521704258460940540e-02
-2.987711146565308895e-01
-5.193893277229065797e-01
3.319260085366037422e-02
3.687719682234721907e-01
-9.915907298618642507e-01
-2.898010859774377557e-01
1.273170242730824742e-01
-1.764458670282559316e+00
-8.140020025758327726e-01
-4.607353042461006520e-01
-4.159242191614272444e-01
6.828505811468369435e-01
-4.298162648313257339e-01
1.387415971872260734e+00
1.991135475764064799e-01
4.109896518131992971e-01
-4.920396639723890186e-01
-5.283170192762149942e-01
-1.300887257105534933e-01
-1.390355676804805665e-02
-3.598611488280443194e-01
7.070084136253851348e-01
3.137059349108476392e-01
1.898475978520445806e-01
-9.549879794732324401e-02
-3.465055444307958421e-01
-2.628779031123660292e-01
-1.646147697767940121e-01
5.015023273835317319e-02
3.084143876679454332e-01
-6.659721062224418509e-01
2.064745970148227361e-01
-8.018648006458251043e-01
-9.548548280313230441e-01
1.810188204497411801e+00
1.236092523927115189e-01
8.507453309169500655e-02
-8.138435326738810427e-02
8.172912234611973137e-01
-2.565123418117103982e-01
-1.929917184808521147e-01
-4.839341135362012353e-02
-5.866778842128795440e-02
1.821411795477097251e-01
3.439494737384095058e-01
2.618958255551400716e-01
-4.157071006247181622e-01
-2.332851037614501744e-01
3.782413567774655649e-01
-1.022066109399665912e+00
1.047994296285354565e+00
2.245413808930500632e-01
3.878127470010172551e-01
4.931684631589519641e-01
1.362858972354008325e+00
-1.457928835139238322e-02
-6.753638890330009303e-01
8.069264121047522442e-01
2.008019161571811817e-01
6.844520686983696089e-02
1.423959728951877390e-01
1.581711147731334366e+00
3.577943502291294764e-01
-3.589842162978192919e-01
6.486281868642105319e-01
5.750408294632122774e-02
-4.883706783339461510e-01
-8.072362166171033471e-02
1.649549075593487735e-01
-1.762298459231536885e-01
-1.047352860176914868e+00
7.197961163063756329e-01
-3.919749387728372891e-01
6.424915303078545525e-01
1.013941320056201523e+00
2.857042069692535269e-01
8.455579600924350014e-01
5.252285019468024840e-01
-3.720090548840403466e-01
-2.590371498580774576e-02
2.260941075154422886e-01
-3.574939428257536966e-01
-3.246260049204363063e-01
1.372375916741962243e+00
1.807198732605386216e-01
6.737219140572327236e-02
4.555802118694927128e-01
4.208943639888129140e-01
-4.828256495598398090e-01
9.081861297039170999e-01
3.958309417630156979e-01
-4.498644038854163751e-01
3.616451170637873247e-01
-9.397454596189294129e-01
-3.422925781305502513e-01
-2.310332627388266558e-01
1.182032862777599558e+00
-1.334843180564631249e+00
7.838904371287527470e-03
1.935374303077802560e-01
-2.031647635067818786e-02
6.322779623648056013e-01
-6.818292494338893395e-01
-5.217825884482318877e-01
-1.704493909832068388e+00
-1.221887530520420623e-02
-1.838190216797341570e-01
-4.743575587092967172e-02
-2.940702919412684913e-01
1.163800829278621052e+00
-4.326424148576106243e-01
-7.463431504633367963e-02
1.035203193911142572e+00
9.848044047871157280e-02
-6.362394581576296115e-01
-1.910193367498774109e+00
-1.216438075778276895e+00
4.634635452989778193e-01
-3.723646387183830453e-01
-1.105044859057659679e+01
-1.519853328757465594e+00
-6.167518736378632127e-01
2.418197558903889988e+00
-5.549898719004676906e+00
2.255418202000509353e+00
-5.163700682579017709e-01
3.199519231227513139e+00
-1.042700187354010044e+00
1.303229011370292012e+00
-1.259606355374450093e+00
1.477707339202957382e+00
1.193983143706898398e+00
-5.343241689978335263e-01
5.740210654402145840e-01
-1.810405788143166772e-01
-1.726626485365560626e+00
-1.181142187996755633e+00
1.845669216864918916e+00
8.299477358507018065e-02
-4.305278450902613741e-01
1.383688492275805038e+00
-6.973755843970926016e-02
5.016768709155255968e-01
-2.312561010906819259e-01
1.537347439398602855e+00
-3.452723971824022131e-01
7.048893597382992482e-01
-1.453445767871887806e-04
-1.351521652258004247e+00
-3.920659802133184546e-01
1.115017719826524534e+00
-1.030042502352351619e+00
2.047937186957286271e-01
-3.667716542283407377e-01
1.047485664760148705e+00
3.875434142388937270e-02
6.127300435330000905e-01
-2.432299038511673284e-01
-9.547608258317336061e-01
1.378296261623475627e-01
8.044972092379649720e-01
1.342341954656143255e+00
2.016260417054194579e-02
1.020415999790059980e-01
3.483423797458801707e-01
2.399463627869707072e-01
1.406651740831736108e-01
2.963909203709128803e+00
-2.460100922849355332e-01
-2.090560133489037797e-01
-1.249726472139982419e-01
2.317686746595548630e+00
-2.050032408986385501e+00
1.533623726720693969e-01
8.029436864214456460e-01
1.340877699829856384e+00
5.209036146155286984e-01
-8.570943735294865862e-01
-2.913213708632170107e+00
-4.842177394104164173e-02
5.418739008380794031e-01
1.243348321941027512e+00
9.411503411394165353e-01
-1.105113747234536037e+00
4.103366067803744799e-01
9.148295172981096846e-01
-1.155323703820145126e-01
9.931207023154756119e-02
-2.164299470126786751e-01
-1.426942352151817861e+00
3.702615716626393438e-01
1.786725989837825712e-01
-5.886336986957679818e-01
-1.814242797977019817e-01
-1.145101447428557295e-01
8.572524891664731195e-01
7.439136845477176685e-01
-4.344296603503340626e-02
1.093779083146445008e-01
2.205325968944896742e-01
4.743036252351085502e-01
-3.675395997815353311e-01
2.016997355581866824e-01
5.461190723486417653e-01
-1.314889383274665813e-01
1.487350474241262190e-02
1.213724942889240210e-01
-2.132344018001604627e-02
1.596861273192562158e-01
3.352783667070630136e-01
-1.376747101266823536e+00
3.635928624571597712e-01
-1.174346396145587307e-01
7.058099945622261888e-03
3.179301755404286833e-01
5.634990906362260382e-02
-2.587221758643276637e-01
-4.352881942568796736e-02
-1.388868688165336394e-02
5.313491249925479665e-02
7.867338977246704501e-02
8.236974801035732430e-01
4.896750627983615690e-03
-8.582510698352276979e-01
1.282272197862582321e-02
-1.900693829329523910e-01
-6.197404159609236629e-01
4.701633370173300408e-01
2.412190552265200405e-01
-4.176456518436617166e-02
2.958339598153111316e-01
-3.891088116879995451e-01
7.738022194660879038e-02
1.646352116040408209e-01
-2.815946629336322227e-01
7.208794811740872888e-01
-7.278828921062744511e-03
4.982120358988768039e-01
-4.806906068092597906e-01
5.019845228428837514e-02
4.823745383485530253e-02
6.586482397126768029e-02
6.134174866225086675e-02
1.183350573250210175e-01
-1.155776668943289953e-01
-2.411300745336941165e-01
2.109540652800920291e-01
1.223941300236668639e-01
9.285491146761278361e-04
3.672739596633436965e-02
5.515385378903799873e-01
1.027837651169087457e-01
5.577239246301337605e-01
1.284830330986916347e-01
3.152660292073100612e-01
4.369284246122072668e-01
2.105618774408040572e+00
2.322125093047308075e-01
5.598600767114015886e-01
-1.078964597849202817e-01
4.549009681009544837e-01
1.071025833196513055e+01
6.262377982628376527e-01
1.616877689060499390e-01
8.870751271783928332e-03
-2.794743141555662211e-02
-2.062291223477042412e-01
6.538183837823786926e-02
3.223315871586125980e-01
-1.706546589951885295e-01
-8.466219545182586126e-01
6.389067599050084478e-01
3.153754414163567055e-01
1.551095176475653092e-01
5.443269199693723248e-01
9.394289185858727131e-02
1.245777150880489792e+00
-2.693018693328604329e-01
4.304800539871569964e-01
-5.028623957359711349e-01
-4.118119702721273478e-01
-2.428515530238941622e+00
3.288449158737470901e-01
2.895144815488839840e-01
-7.517466790446594160e-01
-1.627695815816613489e+00
-4.606734012780709375e-01
2.462981195414351843e-01
-4.401091430203764587e-01
1.476719111437696297e+00
8.669447785209560831e-01
-2.955539392750567984e-01
-6.213504917672005856e-01
1.589131012215222905e+00
4.272074569549565992e-01
-3.393488826693948357e-01
4.819495948506620497e-02
-8.695429222265846914e-01
9.023996125455363559e-01
-3.447245533685355245e-01
7.572280167977305521e-01
5.771101573125489992e-01
-3.952526931284074396e-01
-1.153616213173605409e+00
7.125331369929809311e-01
-1.066843834723387285e+00
-2.680891342552384149e+00
-1.243870870310615981e-02
-4.368639822585734245e-01
-2.402204063711752990e+00
4.539614305791941917e-01
-8.450437558638371760e-01
-3.376788666364809899e+00
1.072364262857602002e+00
-3.629877793336433456e+00
1.763484247075121747e+00
-4.557963656407884478e+00
3.573428576795478318e+00
-8.651199739852281079e-01
7.377858526195343325e-01
-1.783565101912291950e-01
-2.298212054996648490e+00
-5.904966803793869623e-01
1.170484498287404085e+00
4.569357436247721282e-01
-1.986836917389904755e-01
9.320834133450555115e-01
6.376042099250716078e-01
-1.071369225954632354e+00
-7.772066404859939714e-01
1.312143047184884947e-01
-1.058984784125503564e+00
-5.525237353205493251e-01
1.798903997236646957e+00
8.581618741977191378e-02
4.690833902824947388e-01
-7.281791749254510338e-01
1.928594801091394695e+00
4.011443611070772408e-01
1.085692541133543021e-01
-8.730221512647837745e-01
-4.542888193254406848e-01
-1.547022312424019885e+00
4.434479601319960551e-01
-1.430354468741539820e-01
-2.546558868370028428e+00
2.795301510552090640e-01
1.760184640076265239e-01
1.238645795222087731e+00
-2.065395642882282168e+00
-6.584873847058417828e-01
9.930870186677430711e-01
1.404713792782784409e+00
1.020304396533705749e+00
-1.089886181130224063e+00
-8.143439933248997065e-01
-1.477835538427695883e-01
1.104400975538389895e+00
5.961955963269153225e-01
-1.199668001617686608e+00
1.134270789544079422e-01
4.549569028403754878e-01
-1.269800063929644729e+00
5.480885322308017837e-01
-8.967228269230133331e-02
4.158641308583754803e-01
-7.094094876700181018e-01
-2.026516120209015670e-01
2.580736630391425868e-01
-7.614761946821698713e-01
1.076960147007449131e-01
-3.660339279479824653e-02
-5.679092624045952234e-03
-6.623815481310766362e-01
-7.036051130293766720e-01
1.450931936088654339e+00
3.735888897557316790e-01
2.416049784478214724e-01
1.041705175376075987e+00
4.253989044176151868e-01
1.997544834542381631e+00
2.449428179618085288e-01
1.155796198633557204e+00
-8.896349433762928971e-02
6.021072469115071879e-01
5.455331645319085876e-01
-1.160247176576841427e-01
-1.507977538703216824e+00
-4.579684449637838051e-01
1.022226283335116559e+00
7.162927937778271748e-01
1.057160749459873372e+00
7.129964636071288719e-01
-1.322800785679727024e-02
8.816350353939550466e-01
1.365328901247560567e-01
4.076134437429625446e-01
-9.889045022801707940e-01
1.557425297869391656e+00
-4.515958660330321450e-01
7.463219623575760575e-02
-2.870396231473305027e-01
-5.563469741088434839e-01
-1.914963439454152039e-01
1.074513513497444839e+00
1.042838168979542512e+00
2.204318223302819402e-01
-2.588143773240995649e-01
5.860582752000782492e-01
-5.553911938802776893e-01
2.208929814458017171e-01
-8.254675413874105194e-01
9.547124872238663684e-01
-3.823415898254794304e-02
1.383603685555511720e-01
-8.414094524283331766e-02
-8.252869486000697918e-01
6.680735402125523859e-01
6.604013543011676424e-01
3.282330303535739846e-01
7.015334309100020038e-02
1.442714734308834790e-01
7.455947959689812610e-01
-2.809101289945174607e+00
-3.478626703606859660e-01
1.458335924171690057e-01
-6.016246928765531798e-01
1.887268500827881945e-01
3.498145868870614072e-01
-3.460562194852589424e-01
8.775483198259893536e-01
5.963392464586282360e-01
-3.585396468551201865e-01
-4.123963981572880549e-02
5.433546524346676287e-01
-1.159321279695916668e-01
-2.386522265259389819e+00
-1.594882044440032676e+00
1.409862455264818237e+00
7.064676312064224195e-01
-9.379116729958029142e-01
-1.424327982786415814e-01
6.471508156558132552e-02
-4.871080218064997580e-01
-3.487960877645484015e-01
1.289647614228912165e+00
2.231515469545673369e+00
-7.508085180360278207e-03
4.874572434643362762e-01
8.996678006156461072e-02
1.165404076482534634e+00
1.495664942965021282e+00
-2.789611099739552347e-01
-4.574127989737319239e-02
3.121647376190141987e-01
3.744806970720463979e-01
8.583896878959424992e-01
-8.364494313740067355e-01
7.216939664930975828e-01
2.471999621436267724e-01
1.888174786360479640e+00
-5.653008998205293345e-01
5.617005341867771506e-02
1.919261466973324337e-01
1.050481525398972993e+00
7.157552538985668678e-01
-1.284114484338794382e+00
-7.456504134539213569e-01
2.056810260792904521e-01
-2.803241861616218022e-01
8.866480509607794769e-01
-1.278152938460845323e-01
-1.308965818303979622e+00
9.961991846346064383e-01
4.252164005262236701e-01
-2.323771649346788315e-01
-3.602704720960692164e-01
7.187320226215707097e-02
9.397383540900234866e-01
-8.687028844225984370e-02
-5.184648787184785723e-01
-1.010636974336826116e-01
1.341382867749563168e-01
5.400845281468219516e-01
1.321943776522434000e+00
6.033640906337887078e-01
-1.296206875013388826e+00
3.414091087333810393e-01
-3.085124311413747211e-01
1.367720494738472181e-01
-5.558413778248143776e-03
-6.752028379176816530e-02
-1.389608831716690363e+00
-9.307633820287754267e-02
-1.044961213996939531e+00
1.624739214899099116e-01
7.493452972370026055e-01
-5.893552655144692655e-03
-1.404742083534008312e+00
6.442333317568108564e-01
-1.146670465402364336e-01
6.562804078167998600e-01
-2.260820068980602393e+00
3.152184681586351345e-01
-2.636312863030979003e-01
1.765376372059870747e+00
-4.574152011769858084e-01
-1.165787677338787215e-02
5.304185335901333113e-03
-1.508318156056253523e+00
-2.528400223704089012e+00
3.242779404373167806e-01
4.205214477623983593e-01
2.479473569873260619e-01
9.840211711199361999e-02
-1.340765490660861925e+00
5.111019415549554468e-02
4.322005750282733594e-01
7.506842194346686759e-01
-1.835590493297393433e+00
7.732962123968364354e-01
4.849972219681135677e-01
-5.034995638022530251e-01
-6.113773425357457159e-01
1.003151507290765410e-01
1.428118393381827278e-01
-4.348605429025390046e-02
1.064645458097557951e+00
2.360925905992406967e-02
8.761263104809733360e-01
6.965275692424588438e-02
8.591676572487919050e-02
-3.511322958989632204e-02
1.330705144086876401e-01
-1.786584451735625523e+00
-1.173430801979164911e-01
8.380339992007049266e-02
-4.754153903784563706e-01
4.823745383485530253e-02
4.823745383485530253e-02
-1.288163539205172126e-01
1.643688046228187760e-01
-1.449439474065601585e+00
-2.240508793028486711e-01
-6.822472494401713439e-01
-1.969976153468677715e-02
2.279849296839690787e-01
-1.655951289571972740e-01
5.856367360266002686e-01
6.455622360303857610e-01
-5.017828080077512132e-01
3.122373365334453199e-01
5.279087563046728354e-02
-8.039268331271837154e-02
-7.495505041243712974e-01
4.121295650455125137e-01
-3.402226590607001500e-01
-1.928034840638186420e-01
-3.289705283437242667e+00
-8.686915107158794669e-01
2.060930110556884534e-02
9.881139467655827291e-01
-1.035519446390334858e-01
-1.189183491530350911e-01
-4.850602290495410057e-02
1.047835669005982462e+00
4.004630985988252845e-01
-3.597323200805848109e-01
4.732273773864424382e-01
2.800298886670052889e-01
-1.243388114960497060e+00
8.647516799740860571e-02
2.089966400181181960e+00
6.290706655468532027e-01
4.884586737101903609e-02
1.327287978823770143e+00
1.141966989798017806e-01
1.859117279764936626e-01
-3.535804194088409402e-01
-6.497278960450396657e-01
-3.446852337613720008e-01
2.706483967831768700e-01
2.769772205963367054e-02
9.774279140204911176e-01
1.035980215670499749e-01
-2.095751459932885918e+00
-3.861569670625085160e-01
1.837985816188389410e-02
-1.026714285943140403e+00
-7.622200349413660314e-01
5.624406718344523437e-01
-1.841339891615127455e-01
5.880469405894593882e-01
4.146704085065678891e-01
3.282250616160287682e-01
-2.572578875628129258e-01
1.522989972730660613e+00
1.237917446049583869e+00
1.509789160054391399e-01
-1.132139877278965256e+00
-1.690566903842987134e+00
2.730036893609864498e-02
-1.813210419359927161e-01
-7.170216132947139220e-01
4.632719178533913351e-01
1.887998019037612440e+00
-1.597901122057916901e+00
-2.544638889495312029e-01
1.983851458615233931e-01
-4.423289478632309174e-02
-9.806815503426861980e-02
4.932080494124184145e-01
1.070812067294128367e+00
-2.735809384023245583e-01
6.397026163383824349e-01
3.002054441363463666e-01
-6.499441636814001777e-01
1.129763059321022972e-01
8.461608194026642993e-01
-7.817419118636406705e-02
8.671532406797221038e-01
4.038366957038116989e-01
6.568584970487999219e-02
2.248081666383681121e-01
1.505709533101278641e+00
-2.111139554588153666e-01
-4.203764208078483722e-02
-7.739665741597500093e-01
2.533187341126953429e-01
5.970297236394050272e-02
2.537638174026722870e-01
-9.469862419060640080e-02
-1.825635565273010796e-01
-1.089399264102631326e+00
-1.274129719939307015e-01
-3.931893977718806665e-01
-1.546248355260981255e-01
4.211626523708041914e-01
-2.066309490775334989e+00
-1.345140133821478290e-01
1.018871199340339206e+00
-7.751794387102528550e-01
3.217491868805382182e-01
2.618336340667386936e-02
1.529787899619421826e-02
2.757647176259539479e-01
4.111204603522731760e-01
1.246902799854897742e-01
-4.191371793356781783e-01
-6.143202451078980664e-01
1.769288439483157060e-01
-4.167960534692953523e-02
3.557700344356430899e-01
-1.303392164787745777e+00
6.437134444483835205e-01
5.068384365599026831e-01
-8.004879805267031134e-01
-9.878956270893203551e-02
-2.015050770083313403e-01
2.875679999179551749e-01
-3.074130279134593136e-01
1.241962677228751089e+00
-2.332586363203877244e+00
-2.129711271801438821e-01
-1.400875759156689215e-01
-1.101180251075662309e+00
-2.709624615889421939e+00
9.491682715454820285e-02
-2.310621898191007606e+00
1.648318208199465729e-01
9.980466791663428205e-01
-2.900352970209622572e-01
1.275776637781968370e+00
-8.477645050836031260e-01
1.831523634130465816e-01
-6.874523054559018576e-01
8.244016240510865234e-01
-8.957035298889072239e-01
2.895835034153930732e-01
4.562020845762178589e-01
-4.537977793527984138e-01
1.612426445584549117e-01
3.104758327470508172e-01
-2.270583260699319816e-01
-5.447087052728510903e-01
2.621532089806637988e-01
1.814083090243862606e-01
1.572850045339091007e+00
4.637482086766819833e-01
-1.827726390508201515e+00
5.243005088298252625e-01
-4.264499646865677063e-01
1.147388915333150822e-01
2.543998029292774965e-01
1.133895928434993206e+00
-4.044848906130820571e-02
-8.895073386254727099e-01
2.580613481712339466e-02
-7.746007808129116157e-01
-6.698750736223295643e-01
-3.551210891576127571e-01
-5.582825452375515418e+00
-1.385311653486708705e+00
-3.207283784384699632e-01
-1.119339794072090832e+00
1.125084523701155685e-02
-4.300136674615112398e+00
3.032978255509858556e+00
-1.738164193808619529e-01
5.206422823366552155e-01
-1.178953725427891230e+00
1.103632378877722919e+00
4.679980166020091259e-01
7.208819014572970252e-02
2.471674934452262884e-01
-5.050992998783621069e-01
-7.380260311430956177e-01
-2.950598196521710126e-02
-1.938314994430970772e+00
8.637179076190685256e-01
-1.733856274538959630e-01
1.424334349847474618e-02
7.018848637737830076e-01
8.436743949490923544e-01
-2.778658904633862434e-02
1.369581780489824929e+00
2.932688470319667617e-01
-1.413393013060382231e-01
-7.420419148981742818e-01
-6.682093573021598010e-01
-1.206748181156050093e+00
3.231729569304365168e-01
1.177343498261815391e+00
3.476103154675712625e-01
3.755946638399779713e-01
-2.870526185375633643e-01
6.638061959464780504e-01
1.816086394370215906e+00
6.553582722195213858e-03
-8.141436012211089590e-02
-5.232790526078702209e-01
-2.556804461448791144e-01
4.994100503198877217e-01
-6.026044668540261329e-01
-1.382310025753180405e+00
1.845960161244581288e+00
1.255968597605989112e+00
-3.350308577157613821e-02
6.432910253162212044e-02
-2.509897708647669257e-01
-5.390167636951175290e-01
-5.876789388247748852e-02
3.678289558777541601e-01
-8.604681132347165029e-01
5.186345669500186384e-01
4.823745383485530253e-02
2.640372537433637867e-01
9.239297479968465732e-01
-9.484695583495011961e-01
7.979076881924331843e-01
3.533212816316237959e-01
8.429297073078020897e-02
2.838406500478091732e-01
-1.194289123797251939e-01
-2.056644128190785736e-01
-5.753081702353562976e-02
-5.391856597602020518e-01
5.730954399722958115e-02
-2.674776358858768965e+00
-4.061812546068459540e-01
7.690629487374264217e-01
-3.545908037347055841e-01
4.428818998066296753e-01
2.879124175017929721e-01
-7.798617071044285781e-03
-1.159614731048570935e+00
-7.683555781434581178e-01
3.993316735145846508e-02
2.803992334174968959e-01
-1.992459073690923954e-01
3.222021647642407949e-01
-1.076790627508017739e-01
-7.065470489013792044e-02
-2.446217244871095042e-01
2.392749943497857468e-01
-1.491851917488016266e-01
-9.386819896201422653e-01
5.378272459968763686e-01
4.200631508655300328e-02
2.079443784251278071e+00
2.001206881379974378e-01
1.237496453610181513e-01
9.935498266027257275e-01
-2.751080660661926025e+00
-3.092409633546901460e-01
-6.898660335063805382e-02
-6.955850290873766273e-02
4.377940394385515521e-01
-5.110645706207902483e-01
-8.025118934279017180e-02
-6.727516724380649960e-01
-1.857786190801771417e-02
4.509170382570308333e-01
-4.686364923845172115e-01
4.075188023607719812e-01
-2.535313100244302453e-01
3.134601815592187313e-01
-2.257166298659648435e-02
6.654352171393216331e-01
-3.852613194786776857e-02
-4.572683751158314325e-02
-1.727907257372850447e-01
3.213801707993681200e-02
4.854225888289861457e-01
9.093173830575319583e-01
-3.826197226730354561e-01
1.077415814648720327e-01
-5.664816905130674041e-01
-6.556106980425176201e-02
7.737039024369575524e-02
-2.611150927873708838e-01
-2.335130767169009691e-01
2.390126236290135431e-01
3.211376836476681484e-01
-2.279984245936331755e-01
-5.196361445592292266e-02
3.378384633324261754e-01
2.899581376101705854e-01
-1.721295655940287828e-01
-1.499549824475434889e-01
-1.602229530011675951e-01
2.325309133093565184e-01
9.729712473797894057e-02
3.928032975508965463e-01
-9.749625667380892868e-02
9.806101379715589372e-01
6.908431266151989769e-01
-3.742667376203450136e-01
3.214262884740981541e-01
2.709790007953650215e-01
-1.481314926363427042e-01
-2.417329221354282409e-01
1.252605633150634112e-01
-3.277548427790903940e-01
1.285333120272270646e-01
1.037783085100864477e+00
2.964754011855368909e-01
-1.276486558127521709e-01
-5.849713766697782757e-01
-2.689375216751804576e+00
-5.190386745986578454e+00
2.637840063129389012e+00
-1.543218690605899113e+00
9.830589856144145156e-02
-5.863103711366970394e-01
6.935925708029952452e-02
7.432943062742076723e-01
-4.701009383385451046e-01
2.601309297888043104e-01
-2.360216009152319230e-02
9.668305983787817137e-02
-5.765185387946105688e-01
-9.487457243934426243e-01
7.954704854367521394e-01
5.307903891319508682e-01
1.556074991295417487e-01
-8.542960802572469037e-03
5.597268402783673463e-02
1.492972170844721613e-01
-5.326084456080671936e-01
4.324030227030517537e-01
9.199885729646636312e-01
-1.918190966350724058e-01
1.746293874561865855e-01
-5.070988743575272073e-02
2.790534037276646284e-01
-1.576165496449009884e-01
8.725431491508787996e-02
-1.840159650822566495e-01
5.314260753835320372e-01
-6.184632702772265705e-02
8.053742837521582487e-02
2.216939013584626195e-02
1.299226764918757493e-01
8.253140970955014089e-01
1.491323536777750813e-01
-5.670039158526353207e-01
-7.743969753589925453e-01
-1.843657429283910854e-01
9.958527358805437102e-02
-1.297133006263826160e-01
4.775490600621958293e-01
-1.028425519214919703e-01
5.003465820550914017e-02
7.846600251486608724e-02
7.357973309265769535e-02
3.531446730554024804e-02
6.003981566454521385e-02
-1.592501587319858358e-01
-2.033310659649263941e-01
1.584405972833404785e-01
2.382093246294865463e-02
-5.340194178932249590e-03
1.383241855780971141e-01
2.838576042359227669e-01
-1.099234034290889339e-01
2.752303990822917990e-01
9.578043442310935074e-02
1.642124470803677239e-01
6.148613642818663572e-02
6.665456532094936326e-02
3.608478051697917577e-01
4.518100893131982709e-01
1.694064305456567110e-01
1.592473682497813181e+00
1.198496080339946257e+00
1.259428724939471556e+00
5.054733647448191730e-02
3.099440367560146181e-01
2.588596360123698870e-01
-5.980396451462969276e-01
2.347776624679603630e-01
1.470892961551036660e+00
9.437477396598220603e-01
-6.204438382178790734e-01
4.718165205652978256e-01
-5.461760533331003198e-02
7.450010720736058856e-01
-5.042643150562464704e-01
5.869076101140897894e-02
-4.134106030598821979e-02
8.299467396196538171e-01
-1.105466229314171045e+00
2.634744078635164466e-01
7.771514253396639704e-01
-1.924245086727247589e-01
-2.368310802911008719e-02
8.324714669582997106e-02
-5.001324152873851681e-01
5.982349138329837862e-02
3.390521965456411713e-01
-2.072356268442189786e-01
-1.212185001624324077e+00
-3.145655813199130790e-01
3.647305544957311629e-01
-4.756283955632856220e-02
-7.502660920079583240e-02
7.114561503090602868e-01
