-0.013860844279732554
0.03562488912045092
0.026322144844382667
0.009320764748490085
0.03238887151353609
-0.0042263135547608854
0.012792776021985475
0.02391231139900185
-0.05548297941661584
-0.01584327787065609
-0.0005626058664169875
-0.018359173311797594
-0.006568869415758183
0.0443069651858079
0.015271639504707224
-0.008636518758544653
0.01606285240602201
0.0038380317807629183
0.00997535921478132
-0.006229905230273225
0.016714556274629366
-0.02989318321663781
-0.035569527833409165
-0.028083071147431138
-0.01600643246770872
-0.00823962869030792
0.03898398219553334
-0.029185840418019637
0.002223089740346129
-0.03806592368583983
-0.0026236174089140363
0.014488955649244684
-0.036073773871151626
-0.020091066269342317
0.05073976770151978
0.02458593873915449
-0.0003860096718786288
-0.015092596259260294
0.0007631605497557814
0.01514345631808256
-0.019240253359665616
-0.034325152560463756
0.00569781118225654
-0.005026077441546484
-0.046319123025119424
-0.016006973537644242
0.0037630809620230465
-0.00547022180568435
0.007533114039674604
0.028556012561729016
-0.03546144131633433
-0.00702540844730315
-0.007014100008505775
0.02502418960627928
-0.000803345626769314
-0.021337496719497473
0.011972829982458855
0.0034895570932182984
0.04986429676501025
0.009772877300276317
0.00877292504471594
0.012950971417938995
-0.01756019784246332
-0.003859085576932042
0.014503096966008489
0.002722125388129548
0.01488515043455596
0.012626949355301065
0.008764718043179798
-0.0008010979237949023
0.024127506642580343
-0.018305518136133347
0.0025143496622352934
-0.006725449765874192
0.016939271184556848
-0.00032467378036482586
-0.002569132224573778
-0.011788363870147478
0.007308414134501451
0.022387987855540192
0.0007357303015491645
0.0027127993264359773
-0.009644696820438448
-0.0037503646943441993
-0.013134434347103152
0.004339150618756449
-0.0074507649912742835
-0.03548710934801402
0.002598007519176271
0.010295720917786078
0.00915344525164441
-0.015077197175988655
-0.011275827797513571
-0.005048737254496949
0.0016481041345977054
0.0027639578241318574
0.012125717852502937
-0.005750969003313511
-0.015932990417431014
-0.02895979560987305
-0.0016902883970066895
-0.005856395402508152
0.004257092164306364
-0.01409334557427222
-0.0034701514743313844
0.016118202284876038
-0.009410783725192218
0.011811758070252143
-0.005904266468494956
0.010073723670337653
0.0037062569196404382
-0.008801370566498878
0.00603162234265886
-0.0004232592975927929
0.002122959657381962
-0.0010345987506230614
-0.0005825486195298879
-0.051468158815916265
-0.0012123546449096523
-0.014646339845363787
-0.015434374649856863
0.0236461920145552
-0.010657614417590722
0.0015594624641726007
-0.0008000514670989389
0.01417951461503808
-0.001984821408706594
0.0034974375573941785
-0.0022023260825729807
-0.04392756394200159
0.004728322510587191
0.003620554728795966
0.004071540588871603
-0.004274507373272396
-0.0039227006181357105
-0.005477620188349963
-0.010954892531175986
0.03228841973248864
-0.002440546489793416
0.020143369590645666
-0.00015815710437161457
0.004421715780968949
-0.01174122468539629
0.004300884780075176
-0.003122293878003113
0.014489304160016037
-0.003555836240099808
-0.02031555235340976
-0.0022151179413185673
-0.01289826616606815
0.001149381928375881
0.005849372049632873
0.005762059370739703
0.020938541598917393
0.040643047688625256
0.0011286186949677202
0.004496503734033208
-0.0038582132511377765
0.0009335612651026892
0.009062266991509915
0.010436906703593873
0.028231665024720964
-0.002342104202573747
-0.001778775266756849
0.004433088014422548
-0.0027016027324000547
0.002209151391413311
-0.003428778577840408
-0.0254179852286347
-0.01206529920444277
0.004163660854255902
-0.009402958033930986
-0.024460689683580394
0.0019865419266782425
-0.0058590479059605904
-0.003419373988602814
-0.0363058007348509
0.012928466483161039
-0.022017432693224315
0.013949201817836876
-0.005785498637580044
-0.001397132327424444
-0.014929221944445015
0.02113964897414844
-0.008177050050027557
0.015330940750974076
-0.007284091552884231
-0.00047614478714086417
0.006288134478015017
-0.00032504479355655036
-0.008458750744992471
0.006050025482284838
0.013019310302934795
0.006809736513350373
-0.001619899236910971
0.0015933815639757043
0.023148687658201883
-0.002502386605196971
-0.0078459827517956
0.007614634912646245
0.009654288032868052
0.005716227038824684
0.0003822286560435373
0.003677046149486163
-0.02497943080664733
-0.033151378695873035
-0.001261321226112333
-0.01820665943651445
0.015424510021530669
-0.005267387170165172
-0.0033341464284268874
0.0035773751300740564
0.010871151418590408
0.003987648007243383
-0.0003562801430181395
-0.0012616479556668558
-0.019767521969367152
0.007346972978865551
0.007163210502133754
-0.003152116721313103
0.02200129927768746
0.0012712574814637279
-0.001967303654604624
-0.0051997558117440335
-0.015473104996413412
0.007854562051870406
0.01254255312924446
-0.0021633683349371324
-0.005780142159285795
0.003274772528208736
-0.004911844751643191
-0.0014721354026283606
-0.0056690739037188465
0.010212263307349811
-0.0001976911415231264
0.0005006428873892688
-0.0005863370032614945
0.007088117384468351
-0.007796730257180862
-0.002713157034592406
-0.022643054485190106
0.007910632529961159
-0.0004952047080482025
0.004600098045858481
0.0007007878765517006
0.003969672866861451
-0.0008313962169617106
-0.002950684659582148
0.009074174678046276
-0.008662571970337929
0.008662571970337929
-0.007557387665028337
-0.001637760975023106
0.002367132247161674
-0.001660115723531863
-0.00038630539976525213
0.006331515404470522
-0.005940459704695034
-0.010800962396010139
0.001633903133042125
0.0025169150583348454
0.0019176092886410423
0.0012379189314897232
-0.0006770956677946138
0.005155261031497105
-0.0007847619823824203
0.001419394845830535
0.005271774629019621
-0.0055186164382594605
-0.006540419856699398
0.003174821450151466
0.0022140721618622017
-0.006491817167302294
-0.0016603460965449734
-0.05067970880726014
-0.009653235709119912
-0.0016238300873880895
0.0028315933049598563
0.003429665212245858
-0.063237870218118
-0.04163313929713608
0.01069519802242791
-0.0020837487944649347
-0.016695425783344486
-0.046869925456447525
-0.017746741374513597
-0.0013513918855689866
0.012418580703574378
0.05054405987248112
-0.005284863501318515
-0.02694773560895447
-0.005531241707675161
0.00205588196082207
-0.020221795344264493
-0.015140100593404426
-0.02541989854970428
-0.015107815169456362
0.03604740553604646
-0.020735889012456266
-0.0023309692142921
0.00855964414768895
-0.02397371954290506
-0.013134946439245176
0.005916999401576639
-0.00043433523702995913
0.038076469630279774
0.005229212105670289
0.015745890694698783
0.037263239170460594
-0.016107243615120392
0.004092388394612456
0.02290279895690084
-0.0027352027441982507
-0.015619525767144093
-0.016810455494855603
-0.02225998646410199
0.03536928294816688
0.002043428084885779
-0.010402275613525802
-0.0006752996911330023
-0.010744436943084246
0.019223473820992876
-0.010695645991022129
0.0045568752010263225
0.0004894161552582155
0.024156416320332053
-0.004954802296653238
-0.0014518779354362188
0.00039871890003428945
-0.042363503989677476
0.0026472937884118863
-0.0025503318129453945
-0.013493361248615887
0.01754515301041648
-0.011327478037170824
0.004164526095198351
0.002596176011632867
-0.0014981191996108478
0.01083990472698071
-0.022194241502178524
0.0002455645572823073
0.006510244561583001
-0.003510536841108358
0.0031847171851233647
-0.001738996018895378
5.86079236946091e-05
-0.0008236779980168585
-0.016751891024551213
-0.0017822552441342232
0.0037597637020536645
-0.0018796263874856223
0.0031648007775930687
-0.0013142833203834137
-0.0018149294459712806
-0.0001194855780171089
0.0007938353211254245
-0.007145698234021669
-0.0011250706912813158
0.029722243965716544
0.014386950188293834
-0.013106136319710249
0.009056111800442412
-0.012563805400086725
-0.0006281068176945404
-7.66012585500242e-05
-0.0011201635730095916
0.004057790436273301
-0.0025681200302121177
0.03246386224917819
0.014711606267377775
-0.00811336611140101
-0.0012666567625916336
0.004597439822489058
0.01779955198771921
-0.02661157477438758
-0.00646919103339938
-0.002047996004093111
-0.004378822485890943
0.00570025624832704
0.0032736177539494093
0.00928676152718566
-0.0018812462599133717
-0.021791682483888852
0.026738875124454164
0.0008264197793006467
-0.008234844819072773
-0.0003030235676897419
0.0024037747353848893
-0.0008102209019549278
0.006635968431565775
0.0021538395516698117
-0.012226250824505236
0.010842866483599778
-0.005989248742780617
0.02025700149610188
-0.013122304051748301
0.012557946356490657
-0.009024284460731558
0.01238890936114423
-0.014115555292724125
0.000846739858883172
-0.0011690655260419014
0.0082511390764064
-0.017839378942451134
0.002821279241815411
0.018351364405489345
-0.0075513081059286336
0.006620143252752175
0.000476485914110647
0.009397575599822794
-0.003972595745151075
0.06565387395025901
0.041316204085312336
-0.03294896825244953
0.009015426632424717
0.007284609552729471
0.003224336324429977
0.01137763713289397
-0.002874395137369312
0.006545939022941649
-0.020776978646001254
-0.0008405749455033806
0.0033277987204916037
0.00229542216398837
-0.007013693117788211
0.013449615870197551
0.0025055954038046835
0.007730730752988357
-0.0032641865193476782
0.0037498666594504293
-0.005743405306259053
0.010335329105821245
0.018907708880661733
-0.013747331730209034
0.004789311851870259
-0.02848442571039378
0.006948056290432714
-0.0011725222189222784
-0.0071684258106903265
0.008934317452315987
0.005848617616392993
0.007783182159931457
0.02294343034705948
-0.0008416732426619333
0.0018148492980096798
-0.0012438901968212512
0.011345336189101829
0.0040401979923174736
0.013133829858325896
0.014713137034790158
0.04304837755517976
0.00788826081421945
0.04262034822350591
-0.0045441703068056505
0.024716683237299364
-0.027702894704175307
-0.03344908771032884
0.01187273329909333
0.03884710058378893
0.0012344907624326495
0.003441360760976675
-0.013237593001881987
0.002933741674584045
0.012948595170863442
-0.003543407346970895
-0.0017102711140819515
0.03821265604811286
-0.0036145310327255764
-0.0003418335373539527
-0.010695076937714543
0.001838889387506093
0.009451594798422391
-0.009451594798422391
0.001377004252791636
-0.04707879936170878
0.0045731146011207535
0.008715834579249737
-0.0007108517135399062
-0.00906575408402821
0.012499016772659743
-0.001210902288973692
0.011102693663496588
0.007376025328075908
0.010147316461185607
0.017358221923912787
0.011515652804686916
0.011022816127140622
-0.005960979733653726
0.0009903480542337029
0.01831077932665348
0.017061617421475272
0.028397760764315993
0.020671997250962804
-0.011021200730861658
0.019920833320161258
0.04865307599735136
-0.07589490546905431
0.05889506154094448
-0.0018254990183548259
-0.0289061701243023
-0.03469528340416961
0.0077489552051703825
0.02681239721685902
0.012443157102804747
-0.02610949759869552
0.01662189652804269
0.0016253118868929661
0.025859053155668832
0.007017291629597189
-0.02262974561907516
-0.02414806390093549
0.0287332749997109
-0.0377934379181335
-0.010821019253183906
0.008368012197771613
-0.05309495955977672
0.004176319498825798
0.03793454844159916
-0.002200010497639404
0.01663089073400492
-0.017898146855499064
-0.008109611717744158
-0.00655013303026486
-0.020513898545276188
0.009103074724580384
-0.002185599667742455
-0.01707840072153699
0.002395052412953458
-0.0004183076211008441
0.0019764391271501758
0.021766876974385063
0.016248672623556004
-0.00030880048633985524
0.019764466204343023
0.001521828612985665
0.03041023680425159
-0.002069901986682332
0.008261987080285138
-0.008448211722692278
0.007385197544085287
-0.019549411288108054
0.0028684352198640184
0.0003093085470906587
-0.021585866371950146
-0.029400869132456542
0.00895197971019357
0.0011071784371967652
-0.012884266286532942
0.011450169319066283
0.012906828431053619
0.0025788558380881454
-0.023654207976959718
0.0006403950266822278
0.007572151281495465
-0.010588534324928567
-0.0049416443710113
0.011417713063989865
-0.005107409838550403
-0.020309948621913154
-0.006970262457132392
0.004400371915413981
-0.0060546933298395444
0.0074562914235838385
0.03274630535062295
0.012826667264280722
-0.003968045595199143
-0.00430389605563164
-0.007371225023705463
0.007403844144365124
-0.006542891029957865
-0.004985399079572517
-0.008153090942101038
0.0031209501117572813
0.009503355059499619
-0.0029475208868072755
-0.00015339696480065612
0.007318821352475524
-0.010101182537415987
0.0017828989915162907
-0.0016446749934644345
0.0030509641230338502
-0.006522831496210912
-0.007312694201365488
0.001756288470018852
-0.009559790462075224
-0.05730581707115601
0.007725440499390945
0.0016555297413662906
0.000305686459301846
-0.006131379079496568
-0.009919474803875783
-0.0002704020597015244
0.005864132984505499
-0.017760370889551513
-0.005975594937359219
0.001428328800665124
-0.0298823565594466
-0.014852693057503252
-0.00892040805850769
-0.008153237983919315
0.011809579324833397
-0.00839143411515808
0.02593290962731265
0.00273544765832634
0.006651548303747035
-0.009454337051186812
-0.010071039526660552
-0.0031780851343601313
-0.0011141285083624552
-0.007188629730624729
0.012275419303030777
0.004842434183176536
0.0025661950027600078
-0.0025661950027600078
-0.006958042384098473
-0.005507171194255367
-0.0037866895990501526
3.440895861306359e-05
0.004744571603771508
-0.012391432383577872
0.0028700236867376105
-0.014652192135619302
-0.017162842724256944
0.03498502616590837
0.0013610939639989716
0.0006638744067792857
-0.0023158879854769943
0.01441798581785747
-0.005396234189096738
-0.004285300660839209
-0.0017294021199498744
-0.0019122655737286998
0.0024255552701104577
0.005402827625480722
0.0038866276615694417
-0.008149512623723432
-0.004990832608339435
0.006040438225827227
-0.018254525749996198
0.01898690696096228
0.0032007694738398484
0.006218825253970994
0.00819463157938305
0.025421070901364917
-0.0011262041899309239
-0.012548624101604844
0.014215494600485101
0.002766305440460304
0.00036386513643771323
0.001702033349794796
0.030035710975456542
0.00565997140857899
-0.007173498713119564
0.011151789115092292
0.00016676140622395863
-0.009391843482400297
-0.002304161597327159
0.002112323634885449
-0.003990951986872382
-0.018663492135928994
0.012522512248077433
-0.007741828620313029
0.011034098635862577
0.01830496096828682
0.004325194529736454
0.014971413228662467
0.008800370587802142
-0.007398099776700473
-0.0013284518288116942
0.0032292245974181455
-0.007147781783883644
-0.006579622986913947
0.025619255338215297
0.002399629394099545
0.0003445248368549869
0.007487126540496991
0.006836803924043178
-0.009297352709569218
0.016203877077049178
0.006368406181493036
-0.008734608548695455
0.005731560488395182
-0.016916487873881003
-0.00688524090976772
-0.00495147903679527
0.021697219563617143
-0.02324731860332596
-0.0007251265958836406
0.002633573912546705
-0.0012286966888597206
0.010838396412044649
-0.01265675346715378
-0.009960117975109206
-0.028971073663925928
-0.0010840186707365973
-0.0041242846581823756
-0.001712347870931552
-0.006049756509665993
0.0213260935420867
-0.008439851909844531
-0.0021960535763270173
0.01873044068724017
0.0009061112356447687
-0.011892854888415183
-0.03207774947859976
-0.02137389685839075
0.007635271570783253
-0.0074042274050576395
-0.1343332644931725
-0.026135251705929008
-0.011565297414748876
0.04886582939331996
-0.07969226371492644
0.045043085127932425
-0.009868187142818563
0.06842740038331208
-0.0185883153804558
0.024184357643292742
-0.02205922491897816
0.027827700980386894
0.021940901842314453
-0.010172948094235856
0.009726327753620367
-0.004075482705810707
-0.029307968002715068
-0.02081155602984941
0.03576613113361038
0.0006263248983016112
-0.008403626229377181
0.025855122572846945
-0.0021090685945650556
0.008355182516152304
-0.004955373798541274
0.02909049557794452
-0.0069367363515513425
0.012234507294731856
-0.0008680776753919872
-0.023509612271420455
-0.007743394412556004
0.02033691660984749
-0.01838363222615902
0.0028392843182607486
-0.007307820725807268
0.018976701546749908
-0.00017049005511138304
0.010464451635099348
-0.00516452265652223
-0.01716131111119701
0.0016191017064928204
0.014168070661729093
0.024994572650641977
-0.000504248157183973
0.0009705166080946626
0.005484376597562068
0.0034832875320254253
0.001670594774406009
0.06230447430412012
-0.005213048612785265
-0.004566929671849795
-0.0030877191584868235
0.04649584629641712
-0.034159113213578784
0.0019013626106341164
0.014137748879588852
0.024964173791573785
0.008718533135705808
-0.015562705203923777
-0.04649584629641712
-0.0017299071846608172
0.009115702773911938
0.02295111759285673
0.01685608930777205
-0.01959410410197604
0.006639340848786812
0.016335124030429693
-0.002920849982328555
0.000921149525249465
-0.004696051277456537
-0.02469086235543072
0.005891855175619742
0.0023622921602721725
-0.011091583311578113
-0.004082223041224076
-0.0029027711279763224
0.015200891462979094
0.012989484672152773
-0.0016412247430910298
0.001103273423373352
0.0031273265539093487
0.007839187248956048
-0.007321061035441723
0.002782716851624567
0.00919621549498384
-0.0032028090321380986
-0.0005990797299033623
0.0013205464226722086
-0.001246679393479777
0.0020164103361213215
0.00524197179126018
-0.02390557904905055
0.005767782038943903
-0.0029544880499363657
-0.0007391114611747795
0.004920597633470525
0.00014598218585781808
-0.005434754545918352
-0.0016427543489472285
-0.0011138627660907119
8.811407940889637e-05
0.0005483296331436627
0.01454325866053896
-0.0007778171261918487
-0.015581723816661341
-0.0006358354476430073
-0.004234018751620994
-0.011615570424362343
0.007761274857777778
0.0035066486310117995
-0.0016113188080288943
0.004512129688884148
-0.007692527797916959
0.0005249965311091565
0.0021065023432358387
-0.005832949553507216
0.012543461896139085
-0.0009956962526214141
0.008289784251277688
-0.009260956526410347
3.52764684210527e-05
0.0
0.0003173593388954288
0.00023587103689637345
0.0012654995958127913
-0.002921651042504969
-0.005127862794651605
0.002951969531084675
0.0013390652642701895
-0.0008488574426737117
-0.00020690914839294194
0.00929905382457541
0.0009839420737560722
0.009416500537401173
0.0014494780315401634
0.004871297351752624
0.007137122135377094
0.04159555240532198
0.0033413955396541795
0.009457079764298548
-0.0027857571774827505
0.007474367990717212
0.7030857214987636
0.01072276433523367
0.0020528420957299787
-0.0007066436057208136
-0.0013649261312691507
-0.004517403677934517
0.0003086559685510082
0.005002076982901116
-0.0038929370594260604
-0.015390421487865957
0.010965385751538825
0.004873321758321225
0.0019331406492222314
0.009162221486573863
0.0008240822549847593
0.023000971503943646
-0.005619053988756839
0.007016281465262786
-0.00963854898340788
-0.008082665656304222
-0.03967343072814611
0.005122722831996995
0.004395485876940164
-0.013821816262535869
-0.02779708165139816
-0.00891935060950999
0.0035999096553815946
-0.008567707440956696
0.027806852386950354
0.015391309093331529
-0.006075521924860716
-0.01164264896757583
0.03019429236621196
0.006954986132269525
-0.006834354699956968
-7.643522597078345e-07
-0.015767277870581964
0.01608963870450264
-0.00692726999235127
0.01324781828492494
0.009785117259200504
-0.007798192748068367
-0.020371753993655872
0.012382128874549814
-0.01897807257145523
-0.043258113287369504
-0.0010879479898004973
-0.008512150934694596
-0.03929554499974852
0.007456721770698671
-0.015364443511116654
-0.05278760977825492
0.0194765743494818
-0.05613247421208811
0.03396204715239737
-0.06789809813064807
0.0785829161441125
-0.015694620973989437
0.012870716903786494
-0.004028325294337165
-0.03779414240428913
-0.01112300936842825
0.02146205341415186
0.007512590927559515
-0.004385141228010703
0.016676453322880036
0.010940425193332715
-0.019051030804594582
-0.014244140246217007
0.0014990283819296124
-0.018851296980129995
-0.010481331256968929
0.03473732364127713
0.0006772667609213912
0.007740958058881198
-0.013429970514707179
0.037605174296088784
0.006467600252196171
0.0010886351104968384
-0.01582441083307362
-0.008810252250674111
-0.026555395291941508
0.007259382145569759
-0.003406553676353674
-0.041359019199824765
0.0042113571844080155
0.0023138993134930175
0.022854634098209203
-0.03438630133208331
-0.012266057794111163
0.017888638685111147
0.026294339163429825
0.018432186706579756
-0.01934924481661504
-0.014858339251499153
-0.003490266975511247
0.020122376807994335
0.010148780168698579
-0.021106937259500747
0.001176590499396113
0.00747541860331058
-0.022220668372704644
0.009233580394851337
-0.0024629110032092782
0.0067426947579969365
-0.0131172646618829
-0.004454706783469042
0.003816324389126713
-0.013983327941168966
0.0010728290687156417
-0.001519323927472449
-0.0009670850734595504
-0.012331299157267495
-0.013020449231028408
0.027263688829415322
0.0059537941061007515
0.0035137331277983463
0.01886076090093436
0.0069211214708015945
0.039148840335060164
0.0035750188814072104
0.02116340084860191
-0.002450342412300799
0.010261578070767996
0.00918510111219284
-0.002929556850487458
-0.02595128895560439
-0.008873137270886566
0.01847063180359676
0.012454783731012498
0.01917092873588988
0.012391080961394962
-0.0011020552449370058
0.015680314539044282
0.0015955583266222817
0.0065884456838674055
-0.017716747071578
0.02951765075712931
-0.008764215076538129
0.00047542339274819767
-0.005927607863396744
-0.010546044783330544
-0.004259061338487413
0.019519825063795793
0.018883479581355722
0.0031254807163065834
-0.005436361554022717
0.009955524135379257
-0.01052986915848031
0.0031339277001398713
-0.015041887178825597
0.017125130289806556
-0.001548396689036835
0.0016287387277511556
-0.002364802225987006
-0.015038908785565575
0.011525244094006126
0.011377801267881793
0.005111385344239494
0.00039465749575384734
0.0017361067914816175
0.01302208161324181
-0.045052101407311085
-0.006981487463457725
0.0017644919688848404
-0.011310606209746332
0.002545734578070835
0.005511714940121593
-0.006950279355177891
0.015599867460114325
0.010151520233291578
-0.007165827392491941
-0.0016019645633233992
0.009143782049647164
-0.0029279194905722505
-0.03906994236273498
-0.027293080491501698
0.026402060992665177
0.012264977647705066
-0.016886564779504454
-0.003395925548367096
0.0002966417753889061
-0.009370331542364774
-0.0069976109092024785
0.02390389128243786
0.04448852256130564
-0.0009997960964822639
0.008086945976011783
0.0007522349358746183
0.021358697370690294
0.028206980396938697
-0.005787147775595081
-0.0016821679409977364
0.0048139253570731455
0.005970399109045843
0.015223222465699848
-0.01522290858780373
0.012559213725226392
0.0036164744225777312
0.03670640957112159
-0.010697507987758925
0.00014274437278061214
0.0026041475148792514
0.019036820413714572
0.012444393989086144
-0.022447123976995442
-0.013720540918023438
0.0028555104312779633
-0.005810855405321114
0.01577904645480377
-0.0031379350453866195
-0.022839583634461036
0.01795070524679332
0.0069177045020243355
-0.0049749663866007765
-0.007195691939790194
0.0004256667497442024
0.016828102578424264
-0.002413219287291213
-0.009903772949477307
-0.002664783751924915
0.0015520906552248803
0.009081777219898335
0.024571564822878145
0.010285568854891736
-0.02263819995368621
0.005355686368154977
-0.006300399678583979
0.0015999002324287304
-0.0009649265473692381
-0.0020696669430515513
-0.024107129030083385
-0.002523260665975968
-0.01862485252651691
0.002067152918042936
0.013094826236946133
-0.0009709209530059937
-0.02434398009482841
0.011067495289226237
-0.0029055461811795524
0.011298657127708722
-0.03725118938831162
0.004870417357723866
-0.005520296213310516
0.03400337717527169
-0.008863683756859864
-0.0010739909335519826
-0.00077052140915157
-0.025956567983623557
-0.04110075504252286
0.005038120306289251
0.006829825388085631
0.0036302035451516446
0.0009046949885727074
-0.023340500445604206
5.1680287617372755e-05
0.007048515308265557
0.013120803292046013
-0.03095730331268154
0.0135600948156398
0.008040582623879189
-0.009649388029205674
-0.011474850944519055
0.0009392898913604952
0.0017095880855331202
-0.0016419924261459329
0.01932133188610141
-0.00044242279962158904
0.015571883860581615
0.00038563292050142195
0.0006790830245417823
-0.0014927534998783187
0.001532711614575355
-0.030217421134701716
-0.002952869143383552
0.0006409234601090219
-0.009170996918178353
0.0
0.0
-0.003155615481768237
0.002101651531974724
-0.025041688117839023
-0.004829396692762167
-0.012663741963368835
-0.0012176822576766
0.0032638819638695082
-0.003803939503959519
0.009947492642147893
0.011092979518218193
-0.009620182267985555
0.00481526817491762
8.192276431184808e-05
-0.0022982879422235314
-0.01378533867449594
0.006672858910635071
-0.006849460800938623
-0.004281997932573667
-0.051622280084048455
-0.015753293864488427
-0.0004962366555263387
0.01778950533135326
-0.002708847759972599
-0.002980720122555347
-0.001731407433225307
0.018983724127351387
0.006454878862585112
-0.007186406939968748
0.0078189309330563
0.004220568565683536
-0.02180206169246368
0.0006891671155679902
0.041239117331978825
0.010776986786337872
1.0943998124623988e-05
0.024682292300505893
0.001190529300353127
0.0024943522763836157
-0.007080229824190987
-0.012119215206767286
-0.006926590557054801
0.0040477266974878745
-0.0003690560200855231
0.017576679327818034
0.000998672846036719
-0.03483434568223842
-0.007641737872760679
-0.0005362179625834074
-0.01832977303924288
-0.013995669670127775
0.009506114463087911
-0.004129816033831446
0.009993418747233918
0.006720369258700565
0.005111237698215199
-0.005409231005362614
0.028785672045950506
0.022839695016194206
0.0018580204281537505
-0.020027844561026242
-0.028758752556689693
-0.00037618782704651466
-0.004080409525171191
-0.013244151453917219
0.007631668971436412
0.03670248896342887
-0.02733951190005257
-0.005360519259157037
0.0027221365930056862
-0.0016552979865931405
-0.002611721191824401
0.008195378215389404
0.019445345178551676
-0.005693540126598506
0.010980638384880947
0.004592863861625496
-0.012122842172031412
0.0011684269483689391
0.014983235587565424
-0.002258907896160345
0.015395406884527674
0.006517884053391931
0.00031413418241932334
0.0032056582308399584
0.028419485613940587
-0.004602975066409165
-0.0016161848763802666
-0.014190451504696888
0.0037289041246779675
0.0002063561537726244
0.003737085187900391
-0.002552014347561915
-0.004102234751053757
-0.019341409547380728
-0.0031308288417895014
-0.007762714543555482
-0.003610813457076034
0.006841824689653997
-0.034399805978611475
-0.0032562114375886964
0.01840352276285362
-0.0142105509200956
0.004991293329341673
-0.000396234577419996
-0.0005914727856604074
0.004141966861996416
0.006653993628062516
0.0013806940552889557
-0.008208357201292316
-0.011524382045374537
0.002330496742207089
-0.0016098048460850833
0.005622349504878166
-0.022751638955359255
0.01105752649200209
0.008452652066993416
-0.014629433160026295
-0.002624501584393535
-0.004434608614808155
0.004359573917100512
-0.00628133230268535
0.022922682306506736
-0.038291824660907636
-0.00463549746368308
-0.003354559688935055
-0.019530886213722454
-0.0436617265991428
0.0008416855874635587
-0.0379739760978115
0.0021100823452000483
0.017987560614459497
-0.005979664306879684
0.023617905038688214
-0.015409226058523018
0.002444002525534117
-0.01275074125481268
0.014557033515645301
-0.016196408304783638
0.004396759445190135
0.007498808286592329
-0.0088018586251426
0.002044739748254365
0.0047826896569374
-0.004881990473903919
-0.010348976233800045
0.003891362894108852
0.0024121865808961473
0.029846512398096436
0.007640623385497314
-0.030838780605611404
0.008782807435200546
-0.008333744793988629
0.0012003497767523186
0.0037487758922569725
0.020719050222086643
-0.0015878651849847714
-0.016094863084400224
-0.0004030041216243063
-0.014200961774141874
-0.012456774177030283
-0.007106826716620773
-0.0800711653345676
-0.024039815664979258
-0.006512124418653009
-0.019822550571039876
-0.0006640025292119489
-0.06470475117042263
0.06407830848420826
-0.003948529415145785
0.008713589325544113
-0.020776629686609205
0.02010685542453139
0.0077205415623922136
0.000429543398263732
0.0036158780199482266
-0.009676598610878884
-0.013593796629500332
-0.0013927364668742115
-0.03249827435290875
0.015327889966110675
-0.003940955972948856
-0.0006103748031920375
0.01217651676084941
0.014934480772917702
-0.0013620558499294333
0.025561046105094576
0.004464773798114052
-0.0033766392963086034
-0.013660566348043801
-0.012428890472328646
-0.021219694757794727
0.005017656872126963
0.021601689327061635
0.005470784042500121
0.005991142847033615
-0.005927833720792641
0.011443219545810734
0.035114636094809804
-0.0007481471857779809
-0.002316420515654727
-0.009985526611170137
-0.005381730914721494
0.008312393813687535
-0.011327113626244945
-0.023992781255778972
0.03577255037272664
0.0232103142301332
-0.001464039146109819
0.00028968725907319026
-0.005299930885130699
-0.010252514283405567
-0.0019140462976965367
0.005846585395060444
-0.015618171065590047
0.008675612629819973
0.0
0.003926028714690943
0.01651506848308859
-0.017058774651239617
0.014039492075817783
0.005576850370864861
0.0006497625442785093
0.0042908263334267005
-0.0029897459885805944
-0.004507508493122536
-0.0018920392900341199
-0.01025537735408033
0.00016325883985768286
-0.04317209950749046
-0.007985987571828446
0.013477769390997985
-0.007097672753222817
0.007248763469112518
0.004365927767297606
-0.0010049916067327302
-0.020467690486878354
-0.014097436750297732
-0.00014930598362106196
0.004227376804569083
-0.004394999692151735
0.004999680555281216
-0.0027819094893049012
-0.00212536393649998
-0.005188817469844231
0.00347096540030023
-0.003514971326156413
-0.016899135162484313
0.009038989805467246
-0.00011204418985855114
0.040999894844400586
0.0027538541857792254
0.0013636393003295666
0.01789786716615449
-0.044242461408659395
-0.006313033738178042
-0.0020957249003448197
-0.0021058870569747867
0.007153349933655129
-0.00977802684119844
-0.0022957765772328997
-0.012504917266828564
-0.001197643497892642
0.007399554895396676
-0.009055326172776823
0.006586677131481089
-0.005344257232293259
0.004837887961116394
-0.001268967978123925
0.011474527134646806
-0.001553601369063351
-0.001681910688201782
-0.003930496888965074
-0.00028934023247018104
0.008048598510564275
0.01622621919196643
-0.007580855858142499
0.0010736538125897255
-0.010717472215444168
-0.0020348436136172765
0.0005248191461957319
-0.0054764566109390955
-0.004994816204754393
0.003466150151389513
0.004979971532685923
-0.004898427495204416
-0.0017929666223199803
0.005289448029854427
0.004403672232992761
-0.003918872159471398
-0.003528537648650243
-0.0037093922546880265
0.0033472349547913893
0.0008847157018418983
0.006311909724201925
-0.0026015888197399306
0.01764003034314765
0.011963563151577539
-0.007437001806327892
0.0049853148710310435
0.004053814710707648
-0.0034963998463650725
-0.005138388402421867
0.0013910347502532616
-0.006633788748692915
0.0014503900561511074
0.01878213824847741
0.0045239737023727855
-0.0031349917563137097
-0.01102978818913769
-0.04337737982490619
-0.07550406865205428
0.05415569862330294
-0.02649663588425266
0.0009029551758255039
-0.011052383867506066
0.0003803419207528691
0.012977476393878362
-0.009080321061028407
0.0038541613445195466
-0.0012873666243278237
0.000873613840961518
-0.010887077832705039
-0.017063276927103743
0.013991959945172106
0.008905671854726904
0.0019421992845867209
-0.0010183018072673633
0.00013919134231787922
0.0018274459786233876
-0.010143847721610477
0.007052308545832275
0.016437114477048098
-0.0042647250139848936
0.0022885776910550604
-0.0017706477240455598
0.004202570027755925
-0.0036635023786368848
0.0007032385834024879
-0.004127743346900026
0.008917711149184271
-0.001968797964778446
0.000581968732132232
-0.00046825356078894487
0.0014755940661226319
0.014574885437417251
0.0018244489397281072
-0.010726301013440853
-0.01419758431594964
-0.0041338859191268895
0.0009260901247287734
-0.003171455559410674
0.007900284677218927
-0.0026962863743671406
3.232969427546806e-05
0.0005445874557539199
0.0004564412148519992
-0.00023229135175473203
0.000212422395621914
-0.003692266090852492
-0.004466616158508074
0.0019937444030482254
-0.00043862512358483485
-0.0009610232867345303
0.0016280817137035442
0.004291138976117104
-0.0028216277195403094
0.004132122567550134
0.0008572963083581797
0.0020988045945813383
0.00023847174921165504
0.00033159137714200426
0.00571673534039796
0.007416322441744505
0.002193401120533345
0.03026578012206471
0.02203301460738505
0.023281445425505254
4.15533160058601e-05
0.0047728554457684425
0.003830778913025412
-0.011250191297864198
0.003388445143030161
0.02768398832253549
0.016907583549794936
-0.011627401224038714
0.007792380446072222
-0.0018402035414499807
0.013010568543235124
-0.009662396535684792
0.00018812843348303687
-0.0016037719304549114
0.014665548148054874
-0.019599767968802695
0.00391567180187824
0.013635102013860312
-0.004275348304932258
-0.0012888117974245716
0.0006308809915740454
-0.009592100857386932
0.0002085265672624459
0.005311960909614832
-0.004535038859045493
-0.021306231363333872
-0.006405344215278497
0.0057889428143180766
-0.0017146111168040434
-0.002203020311184467
0.012361321835918204
