-0.01797337101190094
0.03748261196381736
0.006681585356515307
-0.000995708075219981
0.019387014419528725
-0.04622852583668047
0.006316271317425182
-0.028803557850204553
-0.021623810843955704
-0.027316352263386745
0.010022097076972825
-0.028753151594575865
0.03815092593495595
0.003966187217601447
0.0007889093575411676
-0.030329324508920452
-0.0060999411177544705
-0.01630251122239945
-0.0023797017453547342
0.017251257861305436
-0.007663793855580248
-0.029734038728648438
-0.052227872304827505
-0.06323347389904688
-0.006364154980282644
-0.015151344072620865
0.036340643142558915
-0.0013809057163856053
-0.010195643651223052
-0.04853081573269913
-0.02275285606657007
-0.0040711663953028054
-0.0689564854052136
-0.002829290018864339
0.09177037335564542
0.03103423373996872
0.009522063134898562
-0.02365554633666589
-0.03640440215051377
0.017661466530306313
-0.0018500325394785744
-0.0746625876783581
-0.0024840552864647814
0.0011057790363502296
-0.03806474180929753
-0.000905094767125525
0.023798887815922543
-0.01012387291977812
0.004657358112672982
0.044800990163837984
-0.0387630351665208
-0.016588137330625363
-0.00808430858814746
0.015146163075634211
0.01632555255099366
-0.015450840307858926
0.021036698429472755
0.02085881090095465
0.10890930251427067
-0.0206544789138029
0.01485274879062759
0.031961131360543904
0.03444893999549292
0.01616492924128965
0.01807358197013187
0.01207357681454091
0.04228408550805174
-0.02032157753871111
0.00953201557585992
-0.006635183646765741
0.04348740145019758
-0.044400104725320966
0.00015225047724842788
0.006646723546685385
0.07687649373414196
0.021559934034111716
-0.033787213868563315
0.028859508101197362
0.010980274990420757
0.0031704753517541318
-0.010899397013658718
0.0011980545029467993
-0.02575355085104991
-0.009756952081220627
-0.01157836353896885
-0.012444044211499194
-0.01664381535335019
-0.0812965527807118
0.015536295995425053
0.02607515370333935
-0.013324908054794138
-0.01758783742841008
-0.02237352169615492
-0.005867732208163057
0.0014297773634920352
-0.007377875280608848
0.02844820585729424
-0.016985747990650668
-0.04015713814591804
-0.036591671716131535
-0.008735184717139632
-0.008914492587219436
0.0032826647740076265
-0.019166437785372303
-0.0348570568448463
0.06627611894373375
-0.0014862206503035713
0.041933717684740746
-0.020562158914889106
0.020755221590619377
0.004798882881768773
-0.022929960646239422
0.0034078209437643503
-0.006234480269923792
-0.011910476930220293
-0.005236312311299174
-0.008296840524230631
-0.06523190297238257
-0.007553137890445871
-0.024823583725032128
-0.02065180583065862
0.04649009675071625
-0.02395996771204212
0.0005351750300192082
-0.002144668466589117
0.01140502958579337
-0.0063286290280557544
-0.005883389607343359
-0.008977280434538937
-0.06447997937765637
0.008525138160849322
-0.020486367464788935
0.012916773103948231
-0.016206898550998217
-0.017866397917661092
-0.018633054047343722
-0.006879339468241152
0.05285230732527568
0.02358312673966767
0.04804687109629624
-0.01392088674056502
0.006459073523340408
-0.03420496124129602
0.0
-0.019744058195757197
0.027219190790635728
-0.010197990930351786
-0.03936404617923206
-0.002332235273707517
-0.014262711197586708
0.0
0.0
0.0
0.0
0.0
0.0
0.0
0.0
0.0
0.0
0.0
0.0
0.0
0.0
0.0
0.0
0.0
0.0
0.0
0.0
0.0
0.0
0.0
0.0
0.0
0.0
0.0
0.0
0.0
0.0
0.0
0.0
0.0
0.0
0.0
0.0
0.0
0.0
0.0
0.0
-0.14447410356730828
0.013276411011993172
0.0027464987223062565
0.006219780106099915
0.0010508419291179738
0.012504371019296023
0.038379337354454424
0.005244678940110714
-0.03030708284267769
0.0085158509225296
0.016952246126683446
-0.004483605567085491
-0.0024652543882424105
0.010583144610421868
-0.06494080693301463
-0.02400027640376634
-0.009984220906601005
-0.020684598859850967
-0.006402491609130534
-0.019794060438850014
-0.03635895161666092
-0.03171441317720647
0.03348467917112097
-0.003609200916090405
-0.0051908324952714135
-6.217085142723455e-05
-0.031253053807345
0.022903997650617125
0.021213443979151148
0.026630636880993652
0.054858290022874234
-0.02196050587537801
0.03526381601479822
-0.020874004148389025
-0.037464684949036986
0.009876990036832511
0.0381500963790844
-0.0159415230910267
0.003388931337453549
-0.0003581810363055826
0.007208793965408633
-0.005879893725345031
-0.016592634151964658
-0.0006367177417627712
0.0037010954130152207
-0.0032765132143166564
0.008925611777614861
0.016169015645569385
-0.0008520002954537365
-0.010922069698900083
-0.0579184610501855
-0.0021213883901489705
0.0007672528005948642
-0.008094526431680515
0.00024024035014691414
0.01764950233546858
0.009804675621853276
-0.02024901752159458
0.013317430453719137
0.0017718164917857049
0.0008547424170231022
-0.0011400307948199462
-0.000914184222634784
-0.008957225854962836
-0.005346134178577433
0.011721851648517356
-0.007662170356453002
-0.003941473756793545
-0.023307126619664942
0.012779710075454975
-0.0025503943875946344
0.005146088086042777
0.008994145320998737
-0.008032252387577321
0.027908603427467593
-0.002881558555099195
0.023394561902744693
-0.010933408635014352
-0.012347790050719176
-0.01311785269871324
0.006205555211628244
0.0035555801238040807
0.0011407794368645252
-0.018622123104027555
-0.07475627148159414
-0.0007776089488444882
-0.014752535758350005
0.006826843130457894
0.005940018774642564
-0.04567852074831036
-0.10217304930340676
0.029543412342430297
-0.0048808192684712814
-0.02948478814778932
-0.07358047691645031
0.008884009809340121
-0.03198630538896641
0.02715224604361466
0.05095487329187254
0.0
-0.030008412959909636
-0.0011312704544639285
-0.01310916866014633
-0.02215352174897922
-0.04925242359553561
-0.025358159890657817
0.00780710172089738
0.015482000030882626
-0.020381193452860158
-0.011155185972095083
0.01519382201493813
-0.019527090365994537
-0.00559217604062634
-0.0010661276170480516
0.005756341792656494
0.04431044388447858
0.02147392116007607
0.01374786657586835
0.05079038982867967
0.017693094490749184
0.0
0.03355850277898553
0.023053347961768944
-0.050448527347686234
0.006285123903810197
-0.0630127483527374
0.05725487288311992
0.022687204593813126
-0.0018041338371286297
-0.029181943947598432
0.011344355378418491
0.0411071842285371
-0.027610053106320365
0.009928882669790084
0.005125641216273902
0.042797911100908914
-0.009788091041526448
0.005594562691258798
0.03396135961819868
-0.07581153211235048
-0.005164321786025772
0.001097585719399774
-0.040387338846353815
0.04187959028097388
-0.009843358280665404
0.02983452446350565
0.00018964824838629823
-0.017408923213138472
0.01750371629043368
-0.02547081854214861
-0.005665230807688326
0.008170686480963862
-0.007255204156455086
0.003944940317901047
0.0022096436662775165
-0.003116839153896267
-0.0188696481337447
-0.032371175034951793
-0.002847842872826245
0.024010107520152868
-0.016194974415717933
0.0032431050603576317
-0.006510610414071971
-0.004776263966532079
0.0007997007055930982
0.006120117464804897
-0.026807500183338995
0.002863490474203756
0.039637782516735776
0.008598043394273835
0.01051357277714371
-0.000519677556209075
-0.009355852282612265
-0.0010639262594365206
-0.0016007923833689652
-0.003974034364900625
0.01453619117172078
-0.0038781229896640568
0.036532116647130186
0.018938883987136057
-0.0025090368302100874
-0.0207096034491292
0.011669322505306168
0.026664655569108353
-0.05690664113814914
0.009984220906601005
-0.0006984634184012961
-0.0102048995919235
0.009305221439098288
-0.004021273932924396
-0.010219165181685863
0.020203386088286868
-0.03066881976645197
0.020684598859850967
0.0
0.0
0.0
0.029289376101987674
0.0
0.018483405694013078
-0.009143379439869648
-0.00934002625414343
0.018483405694013078
0.017728766960431575
0.008600171761917519
-0.008600171761917519
0.0
0.01703333929878048
0.008272525965989708
0.0
0.0391521239621484
0.04275198042094974
-0.028028723600243444
-0.02227639471115217
0.029454979338275455
0.04074496769005953
-0.006530867158957676
0.03171441317720647
0.0
0.0
0.0060741477121932785
0.05648135595244819
0.07295788188252805
-0.04228906211607608
0.014558720170924966
-0.0047988828817688844
0.0
-0.014723256820706299
-0.010100326904325607
0.015063746435875824
-0.03066881976645197
0.005264239992357256
0.0
0.0
-0.010593073497424221
0.010593073497424221
0.0
-0.005264239992357256
-0.016186761093275326
-0.022565827898741286
-0.005829543660723857
0.022862882959504116
-0.011281010409688985
-0.029555243561716127
0.012064511401380651
-0.03724805741962944
0.012774288036428993
-0.00634017803101905
-0.019595556063380704
0.01316144605797076
0.006434110005409943
0.0
0.00634017803101905
-0.012774288036428993
-0.006530867158957676
0.006530867158957676
-0.01316144605797076
-0.006733382658968612
-0.020850138973120158
0.014010714442814765
0.08715017571890016
-0.0352323764534066
0.017973371011900996
0.028395371559465143
0.05661541814888338
-0.004852502794411961
-0.04090498776626306
-0.005395031886706203
0.031408464251624135
0.0
-0.00507952552927482
-0.0373243230238125
0.010995384301463185
0.010723865391773169
-0.010723865391773169
0.031408464251624135
0.019744058195757086
0.009545317906230588
0.0
-0.04997397496183864
0.025705400234901754
0.024268574726936887
0.009340026254143208
-0.004644905045763537
-0.07085585726349364
0.016186761093275326
0.015605073330576147
-0.010340833338218891
-0.02145100108563258
0.026652194771440207
0.02020338608828709
0.028645181449529877
-0.018885344160373796
-0.004852502794411961
0.009651385676180846
0.009441556232841375
0.0
-0.01909294190902222
0.004852502794411961
-0.014723256820706299
0.009870754026294337
0.028333598643935032
0.00904812897739693
-0.0045005012266763345
-0.004547627750720595
0.00904812897739693
-0.052273283022677086
0.009984220906601005
0.00490733449474412
-0.02511072058303121
-0.005201193685807626
-0.015988105384130424
0.005395031886706203
-0.01085792758820836
-0.01113636611795954
0.005603877517998512
0.010995384301463185
0.0
-0.010995384301463185
-0.04083625397140511
-0.03834499207621955
0.025935734094399754
-0.025935734094399754
-0.020521667144601796
-0.021539677856109662
-0.046576142041355295
0.03159898607170253
0.014977155969652767
0.0
0.04206134500071146
-0.02758352163208877
-0.014477823368622689
-0.0074240180792068955
0.0074240180792068955
0.0
0.021539677856109662
-0.01424043911461026
-0.014723256820706299
0.021901841447829584
-0.007178584627123286
0.0
-0.007299238741499403
-0.014977155969652767
0.007553137890445871
-0.015239966556736873
0.007686828666291001
-0.03159898607170253
-0.008272525965989708
0.0
-0.034762106259212056
0.04303463222520176
0.01608681989345495
-0.01608681989345495
-0.008272525965989708
-0.025807263606285602
-0.008954842652926454
-0.009143379439869648
0.0
0.03547231816221874
-0.008600171761917519
-0.008773924307505121
-0.0180982220927961
0.026872146400301222
0.0
0.008600171761917519
-0.01737409606942264
0.008773924307505121
-0.008773924307505121
-0.02743824834693953
-0.009545317906230366
0.009545317906230366
-0.009545317906230366
0.0
0.009545317906230366
0.0
0.0
-0.009545317906230366
0.0
0.018885344160373796
0.009143379439869648
-0.018483405694013078
0.0
-0.009545317906230366
0.009545317906230366
0.0
0.00934002625414343
0.0
0.0
0.026872146400301222
0.03342375548694965
-0.016390416188169166
0.0
0.0
-0.025807263606285602
-0.0180982220927961
-0.08103325090921842
0.052388069459688325
0.0
-0.009984220906601005
0.009984220906601005
0.0
0.0
0.01930515519538667
-0.01930515519538667
-0.020203386088286868
-0.010465433678165104
-0.021719249693236353
-0.011281010409688985
-0.011581872549815131
-0.011899223299707717
0.0
0.0
0.034762106259211834
0.010995384301463407
0.010723865391772947
0.0
-0.021719249693236353
-0.011281010409688985
0.0
-0.011581872549815131
0.011581872549815131
0.0
0.011281010409688985
0.0
-0.022862882959504116
0.0
0.0
0.0
0.022862882959504116
-0.022862882959504116
0.011581872549815131
-0.035715552266534445
-0.038918066030369625
0.026328938722349093
0.0
0.012589127308020531
-0.02555410447238815
0.02555410447238815
-0.02555410447238815
0.01296497716436762
0.012589127308020531
-0.012589127308020531
-0.01296497716436762
0.01296497716436762
0.0
0.0
-0.01296497716436762
0.01296497716436762
-0.01296497716436762
0.01296497716436762
0.012589127308020531
0.0
0.024133679716719314
0.0
-0.011899223299707717
0.0
0.011899223299707717
0.0
0.022862882959504116
-0.022862882959504116
0.04458213265274047
0.010465433678165104
-0.010465433678165104
0.040428657055608275
0.0
-0.019744058195757308
0.009984220906601005
0.01930515519538667
0.0
-0.029289376101987674
0.029289376101987674
-0.01930515519538667
0.01930515519538667
0.018483405694013078
0.04303463222520176
0.023912157405411527
0.007686828666291001
-0.02348109584952307
0.01579426718323207
0.007686828666291001
0.0
-0.007686828666291001
0.02996322337744317
0.0
0.0
0.007178584627123286
0.0
-0.007178584627123286
0.02118929906993805
0.03950854128367376
-0.00634017803101905
0.01874943601283885
-0.03834499207621955
-0.034762106259212056
-0.007299238741499403
0.021539677856109662
-0.021539677856109662
-0.0074240180792068955
0.0074240180792068955
0.0
0.014477823368622689
-0.021901841447829584
-0.007553137890445871
-0.06567877564397784
0.008773924307505121
-0.008773924307505121
0.008773924307505121
-0.04575749056067502
0.04575749056067502
-0.008773924307505121
0.008773924307505121
0.01703333929878048
0.0
-0.025807263606285602
-0.0467434035423262
-0.04139268515822492
0.02118929906993805
-0.03218468337140146
-0.1439065756842799
0.0
-0.015794267183231847
0.03103423373996872
-0.08218675618734994
0.05115252244738122
-0.016390416188169388
0.07638834586345467
-0.01424043911461026
0.0
-0.02996322337744317
0.015239966556736873
0.014723256820706299
-0.014723256820706299
0.014723256820706299
0.01424043911461026
-0.01424043911461026
-0.02996322337744317
0.02996322337744317
0.01424043911461026
-0.01424043911461026
0.04139268515822514
-0.013363961557981474
0.013363961557981474
-0.013363961557981474
0.038918066030369625
0.0
0.012234456417011597
0.011899223299707717
-0.036722807024739845
-0.01296497716436762
0.02555410447238815
-0.02555410447238815
0.01296497716436762
-0.01296497716436762
0.01296497716436762
0.0
0.036722807024739845
-0.011899223299707717
-0.024823583725032128
0.012589127308020531
0.012234456417011597
0.06694678963061329
0.0
0.0
0.02996322337744317
0.0
0.018885344160373796
0.0439054856990817
-0.025807263606285602
0.01737409606942264
-0.008600171761917519
-0.008773924307505121
0.008773924307505121
0.0
0.008600171761917519
0.0
0.01670569350285267
-0.008272525965989708
-0.034762106259212056
0.0
0.017728766960431575
0.01703333929878048
-0.008433167536862962
0.0
0.0
0.0
0.024823583725032128
0.02348109584952307
0.0
-0.03159898607170253
0.023912157405411527
0.0
-0.01579426718323207
0.0
0.0
0.007968929671275493
0.0589778599593378
0.0068394245303053935
0.08031075118859476
-0.005677132891690473
0.03300026010292534
-0.016186761093275326
0.02145100108563258
0.025404579774094715
-0.015063746435875824
0.010100326904325607
-0.005020801375050787
0.0
-0.015420358867493711
-0.005264239992357256
-0.027323127211234866
0.016599261819461697
-0.010995384301463185
-0.005603877517998512
0.005603877517998512
0.005532488599961027
0.016186761093275326
-0.0053288335050669655
0.0
-0.01085792758820836
0.0
0.02145100108563258
0.0
-0.005264239992357256
0.0
-0.0053288335050669655
-0.016390416188169388
0.010995384301463185
0.02118929906993805
-0.005201193685807626
0.049404856177861056
0.009240656734912811
0.01791158930870207
-0.004409118905055021
-0.004454341426250119
0.026065490438927474
0.04406762663130037
0.057038500970364225
-0.020521667144601796
-0.025235823416073333
0.032184683371401235
-0.010465433678164993
0.020684598859851078
0.009984220906600894
-0.006630578899013084
-0.01703333929878037
-0.007004901568658517
0.003516573722837091
0.0
-0.017874723769704337
0.014358150046867246
-0.003545280764649772
0.007061854487486863
-0.007061854487486863
0.05351925572648841
0.03330718201103744
-0.03646570125586723
0.03354114823855059
-0.017973371011900885
-0.006160308704818429
0.0
0.9323287823750545
0.003969482807479344
-0.003969482807479344
-0.003274963434600958
0.0003651067738391356
-0.007732450230690621
0.00406749614428524
0.00802246036059534
0.013517217495514364
0.0013986951925648305
-0.012394079494027987
-0.0003593665756588954
0.0007184360313370608
0.021701740995945004
0.009122039760632777
0.03127626721411442
0.017380196010879284
0.010629083454154614
-0.015437929617950485
-0.011639053642398034
-0.03928686066944628
-0.01627280089106503
0.012175652750019972
-0.013589142954332029
-0.03193971139053172
-0.00729923874149941
0.005390248934168382
-0.0342203733355837
0.06558434248119038
0.02958334626430692
0.012132835729660216
-0.011136366117959567
0.012427949172229835
-0.0045374463091264194
0.0016259640179451251
0.0054831817786202
-0.016328783536124783
0.055237691969009614
0.04821212880555195
-0.012234456417011569
-0.0016215120837050068
0.049343713160829084
-0.02666137249530029
0.010911858100243504
0.001750685568682686
0.045682605745953286
0.009555086223056286
0.05985610996925966
-0.018583323900344395
-0.027003988569633153
-0.006859680330402573
-0.10701987238051552
0.07099554336304054
-0.08877038686925859
-0.002310082478074016
-0.04447259470655571
0.054206695263836646
-0.0017020053732910434
0.05642589404292858
-0.013434165693474498
-0.05802872510210247
-0.027009896413737883
0.06420958333914761
0.01979807156339139
0.014465132306775846
0.006687301224164333
0.013550119148212247
-0.018742429285425383
-0.032529224826919945
0.016052698896840023
-0.0214477307835462
-0.008497039068988133
0.0068653734731569105
-0.012717360713219772
-0.03504274890671824
0.016119996203153797
0.022276394711152253
-0.0008359857863413367
-0.0016768147545153378
-0.013363961557981502
-0.009930501507447342
-0.01779032099382824
-0.001850689513249154
0.011890868992521592
-0.07714089237284838
-0.022484412798817223
0.02641794261279353
0.046539939269734695
-0.02738958517450897
-0.014547108174242263
0.0135240347166634
0.021969002119409248
0.017183121842738958
-0.005652502551011629
-0.010557954871932757
0.009925333519134022
0.01063120931307221
0.02432564783814911
-0.018800979221116704
-0.008313583186655621
0.004022706541197962
-0.02017405276742182
0.0016102891340725178
-0.006151124187748297
0.010310145486177869
-0.018206626332211664
-0.015548389080132966
0.003086195645892631
-0.013182473958276472
-0.015051315112954156
-0.002927016854847128
0.004383160656226126
-0.026215382836775228
-0.02298810302291142
0.03215560926381531
0.010825261762797626
-0.00258839537871966
0.02028766765464113
-0.003197274430147737
0.014378441811006018
0.000689356465219032
0.00751156980184689
-0.0016958025525471154
0.009079657851918374
0.005620943475321716
0.008136140573364162
-0.013092008142441339
0.017901519996222096
0.008212358542069698
0.0012497691557072088
0.0003118811494202123
0.01591673066860319
-0.0015053549973170488
0.008067621748033077
0.06119953572772596
0.033395184421388724
-0.01773868790895128
0.06485123255459246
0.03625489504707213
-0.00673338265896839
-0.01772045104583375
-0.030349487437711875
0.029308762084890194
0.05895470437926764
0.017997957012026555
-0.007216406666991915
0.02750706181653978
0.05250163722318235
-0.028048406551680338
-0.004590726169934445
-0.023879129496579277
0.04892368549734061
-0.003620398724173357
0.0010590708517223546
-0.008545775024869195
-0.009504222667563955
0.016384581915824925
0.021745147572244716
-0.007862065871055202
-0.01357980341937931
0.01003933966568149
-0.01262398100427159
-0.0785108032366385
0.0
0.0264041644911317
-0.0308114190432906
0.059741836982966035
-0.019912422021049814
-0.027635976157506292
-0.01108742509483579
0.02521206778644214
-0.01466335826438725
-0.012393633630044476
0.0031317235143056843
-0.010214794812802241
-0.04137389307315675
-0.016001024855265222
0.04362906602834288
0.0028998181310574966
0.00952856304108668
0.015005908624958264
-0.03684600581542741
-0.021953107612959377
-0.0069354088919916235
0.013761802307393933
0.028400567557214818
0.010071598828128414
-0.011226638024660562
-0.01271387406243768
0.011555754757735737
-0.006229341860040594
0.013702495500174605
-0.009022132480232703
0.00539742654748715
-0.015602737088880325
-0.010654367949186005
-0.0014269251857221277
0.012081293134908133
-0.0025892432873613203
0.007721874176982224
-0.006325748348557647
-0.006621388551182272
-0.003450827313316085
-0.005950738021978541
0.01582378191238143
-0.004606348502059765
-0.0028279740607164428
0.0022235279201341385
-0.006091186552531269
0.0038676586323971307
0.0022235279201341385
-0.04076810529417868
0.006375482741922567
0.005637451363781021
-0.011791524729557967
0.004623711161373001
-0.009297178816939866
0.005115948062567988
0.024504059770227737
-0.01922916315986406
-0.0041706639231762765
0.0065670779799987256
0.004753519397186989
0.018304293025205087
0.03463530494972622
-0.0505822078783536
0.013674726853462216
-0.0075204386861310035
-0.002536033378017888
-0.0025509294010308547
-0.002137280307155376
-0.02787163182756558
-0.008303280720736772
-0.014924049501662207
0.014458068253198453
0.01308837380730693
-0.013554855572782576
-0.019326370821872996
-0.003921421513093076
-0.029804981626046556
0.009906306037603091
-0.0345903125536873
-0.0011178757315005172
0.007490413086124581
0.009790396658827472
-0.012549583080185028
-0.005571525827730683
0.04319859178189431
-0.03679746783771118
-0.046617844987604184
-0.015657589139018546
0.010397100032849993
-0.0009349723350730865
0.004346085409261846
-0.031045674133049345
-0.018295920733698873
0.032654070780566063
0.0028793109791434013
-0.04462522469031226
0.01561754511287751
0.014745982258659446
-0.0161116893020342
-0.012840644360225195
0.004554965727419133
-0.0017462608244209477
0.0020946719798127927
0.011343516169325718
0.021189299069938092
0.039213404009723674
-0.017777976011745217
0.011533305519189962
0.0026872896584767547
0.02177006771951054
-0.03784003892915705
-0.015405473024068056
-0.002567897987832829
-0.012078114632262757
0.01624327253712489
0.0009555438000084515
-0.013572807189273867
-0.0016444339295098864
-0.02404895677944842
0.008620657833852421
-0.01741590540585966
-0.012254765261360698
-0.0014647382582737706
-0.017591237699166165
0.019055975957439936
0.038458251819175726
-0.016364679456294023
0.015694988526518128
0.004334645016181235
0.028878067941071867
0.03716725251175404
-0.013604471691632175
-0.04422466573141934
-0.018285285101876284
-0.04617270412504224
-0.023669960597836708
-0.008456627063237306
0.0036444506054439316
-0.018957038014465057
0.0029386882289225494
-0.0025176562212465003
0.0070957909023652704
0.006981716496995652
-0.012397449281339252
0.005001527238493633
0.013865978122842796
-0.01886750536133643
0.007480855467313592
0.022482367910129652
0.005443332446384848
0.0015427884142811196
0.022507340997851275
-0.006259545572811567
0.01279041273176934
-0.015767593075684067
-0.026562392731036423
-0.01700158217969172
-0.0037314313911894423
-0.0004165894630251514
0.01995703162483618
-0.0019949253355136948
-0.02425938165555001
-0.011136366117959567
-0.005545282114407978
-0.022871196690895188
-0.022822824436033205
-0.006839424530305421
0.006399830460593052
-0.011688868150841698
0.007317645623416004
0.010581773417576587
-0.026979783958992178
0.04142996525455282
0.011722870286678972
-0.0038268092437343387
-0.02403563672962164
-0.028325447751693725
0.011361744746582539
-0.011000542162543703
-0.023200368051645034
-0.0031672565814949982
0.026316042652925795
-0.018494619978707452
-0.006781326991336795
-0.0005471082632134416
0.004357688454857719
-0.0040293407966491696
0.005976125447215305
0.01207855460209556
0.006148482881774303
0.006419653368850531
0.024287968674321717
-0.010045885062365305
0.012737106575249221
0.03412408047863202
0.038297581921696154
0.03316836325265461
-0.020382321644319634
0.01887696664700262
0.006733382658968411
0.01135714565674445
-0.009505140795150982
0.006238388796462518
-0.012192819440621602
0.004473459108767147
-0.0007423839105230312
0.0070019294833345985
0.005449186694670052
-0.005083772721153165
-0.03695921624997314
-0.002392813115890291
-0.017545516826297333
-0.0033439586335943135
0.008723568404856951
-0.05912145211865666
0.011027191814525283
0.01044027395959911
-0.014084982669069846
0.006438197899691564
-0.001371601777732375
-0.0034019218788936684
-0.0035218268781197666
0.006832154433800738
-0.002941264876234192
-0.016542971384034683
-0.000239584317822783
-0.0028853687037191933
-0.005437855501413465
0.00471350805729303
-0.0304260582318059
0.0014490296442175726
0.002370102710857497
-0.021703439631824445
-0.015114588683873983
0.001172939317565777
0.003444594989749042
-0.009341229260956027
0.06191791083780384
-0.04822681775534055
-0.0056245119749133154
-0.00931227669457331
-0.007954228932270518
-0.07999052656220353
-0.004396366354602554
-0.08332506671959924
-0.04650400156531981
0.07970110456782276
-0.01750906444341027
0.04944627374569624
-0.01685199449190783
0.004613358730513023
-0.04115953921157406
-0.001491283547391753
-0.005344202571974266
0.0041807646877695115
0.012548707141217308
-0.016225649867722458
0.0011733165659719713
-0.0002511582615946639
-0.03169538095032565
-0.024267539281044637
0.0066175885808483215
0.010932050935549387
0.07323980037653971
0.03488694195962283
-0.05038646081005582
0.031806911541247124
-0.008115081100134064
-0.007806031673812275
0.00742663575390054
0.030130198416669446
0.00876400879518377
0.01821436103279725
-0.014207161118969053
-0.03410926423935398
-0.016836991530246648
-0.04117621053037118
-0.031740178308824085
-0.009057757392599675
0.055427657796985386
-0.03535164947230501
0.001513377813537553
-0.04009715686249937
0.03292893996297441
0.0036884890295829087
-0.0036884890295829087
-0.016762385053595452
0.00901424566765674
0.02968108253162044
-0.004750210726660875
0.0026837778895447695
-0.013587876845646163
-0.009543339032640208
-0.007621813548891909
-0.024779990803349028
0.006232135382734927
0.009183661639809937
-0.002182627358912337
0.005952568409394177
-0.004622706752014594
0.0019871881538767733
0.014666606019673345
-0.00662215344030348
0.011523334406863206
-0.014219380735075837
-0.022683968583639413
-0.020006917194683782
0.0028713789351063057
0.012294075400138105
0.008559257654566332
0.00953896443822988
-0.005949332513201178
0.026970684802716582
0.03888433915547185
-0.020397150161313604
-8.702424273249187e-05
-0.014063508136870184
0.019855916146024832
0.013694343222915906
-0.024124169635929282
-0.0327873388810071
0.0426155897801373
0.008937291500873912
0.004942357212774806
0.0018286110464080796
0.0021512058709659554
-0.014433061412925385
-0.005754604177209466
0.006095762468046995
-0.01026585554585202
0.013831929979052582
0.003704744684436212
0.014835029947536993
-0.00072983871851523
-0.016796412741905686
0.018012130103571056
-0.001621713915401779
0.000973754851671671
0.020114953084132248
0.0073663020862869966
-0.01478098048486945
0.007027572140754612
-0.01924178691893319
-0.005212899578772245
-0.06913743478940693
-0.002602016218356762
0.015383266724336098
-0.010290253928409432
0.00625986723370936
0.0023477972731430485
0.00576834912714741
-0.024720299997585182
0.001172449257155872
-0.004413101467773739
0.007136569629939082
0.0027064956262896622
0.004696157336085194
0.002092072931461353
-0.0014253195658632256
0.0251460096463596
0.01344288979934255
-0.0019201153869630172
-0.0301507021120202
0.01538219921304157
-0.002268335261685628
0.013347421102019918
0.016615802275423253
-0.007450369034258719
0.0033556352767509234
-0.03496928908213448
0.011821383522331808
-0.0126582642731346
-0.001678615075459522
0.017130359036746146
-0.032343630170915516
0.004332870810582867
-0.012735680841358676
-0.007061854487486807
0.023423037559488435
0.0032184132435369994
-0.005027381145852994
-0.014947028362243153
0.0041277450898482
-0.002649042667427215
-0.0025662930422474806
-0.0021833863633565764
-0.006212901959033013
-0.0009093059823256366
-0.004984345520258449
0.0026518768468525855
0.007859836238511941
-0.005527367565106078
-0.002739397240917818
-0.0021426530293320867
-0.004834115192040356
0.003297150693355011
-0.014613545832920849
-0.01787918423438639
-0.014852968711343617
0.0014855502617234229
-0.021754351997355592
0.002511416641889641
0.003917401961312461
0.0035308688951332656
-0.012606365662435781
-0.003878737314557179
-0.018531050953635997
0.008181416073518244
0.004342360663206202
0.006980211015656934
0.0018184024412197242
0.05715945751811813
-0.005228027661651369
-0.013739811414328618
0.017480527752813668
0.014854486651636745
-0.01709504784771354
-0.0025748760123212033
-0.002265607950173165
-0.017773839295265603
0.009364001482665196
0.030345369622808316
0.0071398070545311
-0.011480720929024024
-0.011899223299707773
-0.040592731935360005
-0.068551737489708
0.06808261026947277
-0.022517327935835607
-0.01241104914172475
-0.018842955357265323
-0.0010637959560290677
0.012596735097772926
-0.009413132702986993
-0.0051852704730415144
0.0005346808701252592
0.00544285704410552
-0.02623825030094923
-0.011070850966002577
0.012190527981694066
0.0076206123412158044
-0.003170549896147845
0.0005530653175376266
0.0006903426694468973
0.005211047778085731
-0.017098774658539984
0.00507457943271028
0.014199751343997924
-0.007938790215910652
0.006444266826140188
0.003659235569500263
0.0018853123395378146
-0.005136440300084366
-0.004373046206273878
-0.01070669722692974
0.008227368998109719
-0.005281085974830568
0.002509573812723098
-0.005174395723167469
-0.0015502983527019287
0.005332277102708116
-0.004767891731657259
-0.012734303469126074
-0.025105534884398817
-0.0289424769399953
0.0034396499317322915
-0.018667870704701217
0.006088340110420143
-0.011917883771144
0.008884382623584375
0.0042074973725357845
-0.0011739962249761593
0.000167908172168163
0.006663644069526797
-0.006160308704818429
-0.018848083255035508
-0.011894358917430514
0.006608762455746708
0.005110442403288951
0.0019228203279149092
0.010681322953388306
-0.005997454500761945
0.02219874274886835
0.007637929566051138
0.009086323530048013
0.0015746735231811915
0.02161572711154469
0.03503811165897086
0.010629639365915766
-0.009389781160725419
0.017921316057757042
0.02562952900920551
-0.0019956128481000146
0.0037342833849632884
0.0003716683854594338
0.00012381881250034255
-0.02878870196466282
0.012517309045556202
0.01787783329528797
0.025624581081233333
0.0011612158840677012
0.0030047103701348887
-0.00638082708401605
0.007875422408151034
0.0010317149730353914
0.00816665555155316
-0.005199839881025847
0.014867277542272628
-0.0286152118485955
0.01894777418734872
0.012624440892044564
-0.0010928402392249015
0.006300530700268203
0.00032341653367790046
-0.016697241398422935
0.00022392085152073138
0.008863460331305084
-0.002309205116370616
-0.033807612508181095
-0.0056379304824494825
0.00872562643357816
-0.003206893010173406
-0.008304623072290462
0.03388256957383029
