-6.722176191610084173e-01
1.428140407359421049e+00
3.291203969586828926e-01
2.968641008043147039e-02
8.015556306606503867e-01
-1.969996709930256884e+00
3.151165000233707159e-01
-1.149863203649621246e+00
-8.305459051195196452e-01
-1.082848608718985250e+00
4.560664959049318123e-01
-1.147584339842439460e+00
1.450300145850791811e+00
2.244506276123531263e-01
1.002628839726714960e-01
-1.219093650173844079e+00
-1.754870713508644431e-01
-6.006397139169444843e-01
-2.545815949378349430e-02
7.240859714810421455e-01
-2.393425728528893182e-01
-1.192025238032475398e+00
-2.267722313583548921e+00
-2.835193681436920965e+00
-1.862425561399703722e-01
-5.516479846093226280e-01
1.390118607554304386e+00
1.437460417453867954e-02
-3.437229838853280706e-01
-2.083298790503000930e+00
-8.800604999634779047e-01
-9.334501542057717371e-02
-3.141477341594486550e+00
-4.344951816337672135e-02
3.028160994340662437e+00
1.210812763752354027e+00
4.371906342164907922e-01
-9.198348218625260753e-01
-1.499602459008713806e+00
7.390251026357165243e-01
-4.311127159429726900e-03
-3.454683209370028596e+00
-2.963071484696674918e-02
1.127319796275127323e-01
-1.577632575061840292e+00
3.328428554176001558e-02
9.591753922452479486e-01
-3.407469938271630583e-01
2.512201590739044921e-01
1.667167086446539548e+00
-1.610626870015279710e+00
-6.128362228493642316e-01
-2.565933217764106988e-01
6.469712792067617846e-01
6.902682931408697931e-01
-5.643687494376057323e-01
8.608702715451512777e-01
8.544961127990011729e-01
3.459095356182563030e+00
-7.882417604872867800e-01
6.361626042433130568e-01
1.242448135577147950e+00
1.326696268482508323e+00
6.843855781258836313e-01
7.540049957499036504e-01
5.330469560649174765e-01
1.585857552746958055e+00
-7.737568994304184766e-01
4.375667623160132136e-01
-1.972893530165726050e-01
1.624846957462517061e+00
-1.880852065854146993e+00
7.515322834758027259e-02
3.277850475298942357e-01
2.626781124667431744e+00
8.795886805211550197e-01
-1.377799543720140019e+00
1.136057655384330678e+00
4.921135501177071325e-01
1.935239152569727950e-01
-3.729573585797598123e-01
1.163595873494270988e-01
-1.012920760775003703e+00
-3.255481681432226826e-01
-4.012535377593635655e-01
-4.374617343802220115e-01
-6.152156179898169430e-01
-3.828852641713165639e+00
6.613199491893104742e-01
1.039248149591317061e+00
-4.744557382932605427e-01
-6.556523301848031782e-01
-8.633957970516029645e-01
-1.660454617251476139e-01
1.254622890496202847e-01
-2.276328015490621526e-01
1.121835083785255760e+00
-6.298416116632030715e-01
-1.676812940446853029e+00
-1.508373905767453227e+00
-2.833614284749260692e-01
-2.907500713702138584e-01
1.978913840576886074e-01
-7.236688510961611920e-01
-1.427413486411493793e+00
2.324690293663759455e+00
1.018342431221736129e-02
1.574464958551174298e+00
-7.842225861763272299e-01
8.507818233349643267e-01
2.566907646128602227e-01
-8.878509843127697643e-01
2.027609132393331515e-01
-1.809621527002729380e-01
-4.151272694975737809e-01
-1.404240642315728593e-01
-2.653249750485268121e-01
-2.941261888361313304e+00
-2.348088009327262138e-01
-9.715478912172613724e-01
-7.881253629450708509e-01
1.721216500418029982e+00
-9.332857222851016488e-01
9.026473528635374499e-02
-1.606792978253484411e-02
5.080413193805649597e-01
-1.847956054941071735e-01
-1.666817669146962722e-01
-2.933388063513298616e-01
-2.901242269628930615e+00
3.994251826320384113e-01
-7.809242726879617180e-01
5.644736843303140850e-01
-5.965605847549634300e-01
-6.676183094503825854e-01
-7.006313096816985109e-01
-2.072529084576172909e-01
1.921137533903743311e+00
9.515417203949849689e-01
1.770667010135068775e+00
-4.995717968235113826e-01
3.205935245069774786e-01
-1.397143661432086903e+00
6.913729234606591501e-02
-7.486814906910609357e-01
1.079175677299895941e+00
-3.438203312647540866e-01
-1.639108786308972388e+00
-2.356090248816039567e-02
-5.140087218585517315e-01
6.913729234606591501e-02
6.913729234606591501e-02
6.913729234606591501e-02
6.913729234606591501e-02
6.913729234606591501e-02
6.913729234606591501e-02
6.913729234606591501e-02
6.913729234606591501e-02
6.913729234606591501e-02
6.913729234606591501e-02
6.913729234606591501e-02
6.913729234606591501e-02
6.913729234606591501e-02
6.913729234606591501e-02
6.913729234606591501e-02
6.913729234606591501e-02
6.913729234606591501e-02
6.913729234606591501e-02
6.913729234606591501e-02
6.913729234606591501e-02
6.913729234606591501e-02
6.913729234606591501e-02
6.913729234606591501e-02
6.913729234606591501e-02
6.913729234606591501e-02
6.913729234606591501e-02
6.913729234606591501e-02
6.913729234606591501e-02
6.913729234606591501e-02
6.913729234606591501e-02
6.913729234606591501e-02
6.913729234606591501e-02
6.913729234606591501e-02
6.913729234606591501e-02
6.913729234606591501e-02
6.913729234606591501e-02
6.913729234606591501e-02
6.913729234606591501e-02
6.913729234606591501e-02
6.913729234606591501e-02
-7.982171620189910222e+00
5.778400942756375391e-01
1.769978532230425672e-01
3.114136001745113069e-01
1.105714958060605990e-01
5.491185460495956461e-01
1.457858263928186293e+00
2.738990825085440006e-01
-1.218080960646577005e+00
3.990725327780761944e-01
7.131784671131273790e-01
-1.099805418989310557e-01
-2.887881284050566183e-02
4.771929708088646360e-01
-2.925753015904922982e+00
-9.350681872453618926e-01
-3.349591588357604399e-01
-7.895534122929031007e-01
-1.878042552449185332e-01
-7.508498895275733664e-01
-1.497474750244802699e+00
-1.282362630756481270e+00
1.294156077142747829e+00
-7.475024044269998336e-02
-1.385815493772102058e-01
6.667946275908723242e-02
-1.261243652253282166e+00
9.274641995277197459e-01
8.671983056262785317e-01
1.058661128159531950e+00
1.982993590760524949e+00
-8.452846748913226405e-01
1.354083547429670187e+00
-7.978057610494341256e-01
-1.549363761722827970e+00
4.505933834377175429e-01
1.450272681555213605e+00
-5.852483713123226572e-01
2.020261477781963022e-01
5.496722717370555733e-02
3.492879737760393732e-01
-1.665396927749573930e-01
-6.130283711923520951e-01
4.393137176764588814e-02
2.141602696684833662e-01
-6.138415667969019524e-02
4.146171308962532387e-01
6.845352943656826117e-01
3.539172858422116874e-02
-3.739008000639441054e-01
-2.557650156558589849e+00
-1.513839364580972340e-02
9.940999727542999820e-02
-2.570129118618252329e-01
7.862803219922034903e-02
7.385897897016476810e-01
4.478644554356568941e-01
-7.706027112344081553e-01
5.793632085459882175e-01
1.388803043540352833e-01
1.028550099356932979e-01
2.395277406644803070e-02
3.292345085645021624e-02
-2.925118756821303290e-01
-1.448748833136999370e-01
5.199011499289927229e-01
-2.392760381641397815e-01
-8.812060955509001814e-02
-9.044630713338749350e-01
5.593736434874377883e-01
-3.228433975700811115e-02
2.700964564475493157e-01
4.172140879100767474e-01
-2.544559752855252710e-01
1.103135087380999746e+00
-4.554364877419517926e-02
9.448640164664228180e-01
-3.743726663016437861e-01
-4.334285331756978499e-01
-4.657462519006919099e-01
3.108675703477010166e-01
2.085061718462693503e-01
1.141081299939984833e-01
-7.001597847471500158e-01
-3.459891569409192513e+00
3.834360396412227201e-02
-5.347366095441524747e-01
3.346820060532403884e-01
3.006681072780791886e-01
-1.943103558239301920e+00
-5.079476098567301534e+00
1.159647129893203177e+00
-1.260325537380193317e-01
-1.180713474453733758e+00
-3.394678750422216673e+00
4.130402907507985111e-01
-1.294829601312895706e+00
1.076845065267204138e+00
1.862112977340087294e+00
6.913729234606591501e-02
-1.204492187668147807e+00
2.430091540361270508e-02
-4.653811543594529310e-01
-8.537442858441127713e-01
-2.119054347324929921e+00
-9.953086873410305069e-01
3.721148859666111863e-01
6.593245649638204142e-01
-7.763492014841854028e-01
-3.836068990189815953e-01
6.487255237041197331e-01
-7.392782859002596796e-01
-1.548547331877796751e-01
2.688927968567690618e-02
2.936054690892709873e-01
1.651392545335226947e+00
8.765147437329179336e-01
5.953283694164673845e-01
1.856972508249765452e+00
7.401757579478928095e-01
6.913729234606591501e-02
1.296652429640524851e+00
9.327656861639143093e-01
-2.178578066843116279e+00
3.139213857325314216e-01
-2.823536239668967163e+00
2.056167823057624133e+00
9.197621750713951272e-01
-2.481112773872883471e-03
-1.166986902064769849e+00
5.057680505475833366e-01
1.547517339486250254e+00
-1.096046640107238401e+00
4.525510849191345386e-01
2.693076043953463450e-01
1.602532401077771063e+00
-3.268370108195334245e-01
2.873797756312061469e-01
1.310260212732958784e+00
-3.518707536342921660e+00
-1.375077082796213046e-01
1.124098008088696976e-01
-1.687782358570043328e+00
1.572703328894869523e+00
-3.291249871901533730e-01
1.169665785155845183e+00
7.663027876403286087e-02
-6.479749787872203237e-01
7.332834699247853250e-01
-1.000323616825497863e+00
-1.578201774607435603e-01
3.859552296694366835e-01
-2.226136370481159032e-01
2.236263376452923279e-01
1.560244156124006021e-01
-5.497652852894283765e-02
-7.108430723099835591e-01
-1.312503487572892924e+00
-4.419277616118292423e-02
9.666410157270219905e-01
-5.960519920649277603e-01
1.963516113702120092e-01
-1.922101516025985779e-01
-1.218044007436878684e-01
1.006878402985103976e-01
3.075872298430802898e-01
-1.060024572829741940e+00
1.815613452652639070e-01
1.499359327126656538e+00
4.021929656940766984e-01
4.745762303147906813e-01
4.857037288976177175e-02
-3.089634457589486849e-01
2.697673378477833880e-02
5.621484724291067603e-03
-8.943194750309178820e-02
6.244847820633122604e-01
-8.556981318346117138e-02
1.396507551438619377e+00
7.853644207012384637e-01
-3.062990193782334780e-02
-7.906424417238766544e-01
5.179360041749270227e-01
1.059848394947156880e+00
-2.505557009221513365e+00
4.546382506281888558e-01
4.148298680009508688e-02
-3.441068564919466111e-01
4.289912744161767377e-01
-9.133482026442439616e-02
-3.446985274120829557e-01
8.309651509440447725e-01
-1.234564124771910576e+00
8.482485575615484885e-01
6.913729234606591501e-02
6.913729234606591501e-02
6.913729234606591501e-02
1.150893480700950100e+00
6.913729234606591501e-02
7.688731469758400827e-01
-3.001907255682509379e-01
-3.083097087554553806e-01
7.688731469758400827e-01
7.414733532231838620e-01
4.022737530714183829e-01
-2.778021242091057719e-01
6.913729234606591501e-02
7.161381261252708352e-01
3.898276521312328824e-01
6.913729234606591501e-02
1.483371446371190672e+00
1.601043425413332555e+00
-1.114891328714713081e+00
-8.591335737676810691e-01
1.156601041899521398e+00
1.535675977951974858e+00
-1.930358735238178469e-01
1.234040687288416205e+00
6.913729234606591501e-02
6.913729234606591501e-02
3.058216979472469510e-01
2.032636088293710674e+00
2.516752177662844758e+00
-1.778843065222432518e+00
6.253164478680077742e-01
-1.227189194123533139e-01
6.913729234606591501e-02
-5.334962821176894021e-01
-3.397708708753149343e-01
6.439367426059181554e-01
-1.234564124771910576e+00
2.746533378096053246e-01
6.913729234606591501e-02
6.913729234606591501e-02
-3.602206329738882884e-01
4.775663472410263677e-01
6.913729234606591501e-02
-1.415556884785586222e-01
-5.957016907876794276e-01
-8.718404267307177102e-01
-1.644937038778137572e-01
9.260041083723734578e-01
-3.888501668078833129e-01
-1.183909645188198079e+00
5.327084057361740621e-01
-1.539177388893143261e+00
5.591718251694520747e-01
-1.852659629037587130e-01
-7.422445092349545526e-01
5.735697147807120588e-01
3.196363410630678192e-01
6.913729234606591501e-02
3.160336726562921750e-01
-4.513132768879736245e-01
-1.930358735238178469e-01
3.233457024672314328e-01
-4.675792438041949661e-01
-2.012953011267866743e-01
-7.967655611817675565e-01
6.050617998802549913e-01
2.906428246526376657e+00
-1.444876551908275797e+00
7.503650913024525471e-01
1.120006154953028688e+00
2.036720337920892465e+00
-1.248872470419773173e-01
-1.712491133872263704e+00
-1.468573318272894945e-01
1.223601596396297397e+00
6.913729234606591501e-02
-1.340738566959872036e-01
-1.542762441420724828e+00
4.926806740059668788e-01
4.824831640901025009e-01
-3.656566364325209983e-01
1.223601596396297397e+00
8.144317295652591104e-01
4.380694638599600399e-01
6.913729234606591501e-02
-2.154923694304311077e+00
1.026298429819016977e+00
9.757667034096921821e-01
4.303078986805017325e-01
-1.164952771169616985e-01
-3.244857668544561591e+00
6.851854127622920565e-01
6.638468008316339430e-01
-3.497463693680233909e-01
-8.229901112639422811e-01
1.059413529386325825e+00
8.309651509440529882e-01
1.128649734576672170e+00
-7.115209340156839479e-01
-1.248872470419773173e-01
4.420766949065865203e-01
4.341474278453358870e-01
6.913729234606591501e-02
-7.204910757753995032e-01
2.587624766274157495e-01
-5.334962821176894021e-01
4.503580916480793839e-01
1.117867239935393275e+00
4.192591149028339625e-01
-1.106627096273233163e-01
-1.125657453803422942e-01
4.192591149028339625e-01
-2.270006723800685133e+00
4.546382506281888558e-01
2.608804673156245868e-01
-9.843032336360540979e-01
-1.390012755421525525e-01
-5.872330321521753715e-01
2.796947620714470006e-01
-3.712320181423271470e-01
-3.828229167521796650e-01
2.877383637842887976e-01
4.926806740059668788e-01
6.913729234606591501e-02
-3.769522068210074406e-01
-1.709206934117387222e+00
-1.590861756203396427e+00
1.034367910212437014e+00
-1.021046652151739842e+00
-7.824603097349108749e-01
-8.268665866628474026e-01
-1.987028369938703687e+00
1.230103993277497532e+00
6.407472711796474707e-01
6.913729234606591501e-02
1.578617000546162386e+00
-1.094853661620765584e+00
-5.231057811982391392e-01
-2.295215115708746922e-01
3.575066945474224545e-01
6.913729234606591501e-02
8.788648734833254261e-01
-5.130673606935199915e-01
-5.334962821176894021e-01
8.917956947721374927e-01
-2.194801697346462355e-01
6.913729234606591501e-02
-2.244150062605690665e-01
-5.442577085341817611e-01
3.624333793855185615e-01
-5.554102742592608166e-01
3.675313250148048438e-01
-1.277074696548036181e+00
-2.643255952660387154e-01
6.913729234606591501e-02
-1.423000325995539939e+00
1.610201478747280257e+00
6.815232873578949135e-01
-5.914402349151396399e-01
-2.643255952660387154e-01
-1.015315792441609632e+00
-2.924136118860725109e-01
-3.001907255682509379e-01
6.913729234606591501e-02
1.361074739747961448e+00
-2.778021242091057719e-01
-2.849572234550516447e-01
-6.775884875651911887e-01
1.067085883237392840e+00
6.913729234606591501e-02
4.022737530714183829e-01
-6.464812613153287923e-01
4.088662326920907142e-01
-2.849572234550516447e-01
-1.088324083623759098e+00
-3.167936057310692943e-01
4.380694638599518242e-01
-3.167936057310692943e-01
6.913729234606591501e-02
4.380694638599518242e-01
6.913729234606591501e-02
6.913729234606591501e-02
-3.167936057310692943e-01
6.913729234606591501e-02
7.834277409262497827e-01
4.228661619639487168e-01
-6.941780525204014340e-01
6.913729234606591501e-02
-3.167936057310692943e-01
4.380694638599518242e-01
6.913729234606591501e-02
4.303078986805099482e-01
6.913729234606591501e-02
6.913729234606591501e-02
1.067085883237392840e+00
1.292095300928605583e+00
-6.043916120940197034e-01
6.913729234606591501e-02
6.913729234606591501e-02
-1.015315792441609632e+00
-6.775884875651911887e-01
-3.813793393000279863e+00
1.906742756477817213e+00
6.913729234606591501e-02
-3.349591588357604399e-01
4.546382506281888558e-01
6.913729234606591501e-02
6.913729234606591501e-02
7.986005251941808991e-01
-7.296695970384973196e-01
-7.686196540107597119e-01
-3.549188469998834639e-01
-8.347213903668208035e-01
-3.888501668078833129e-01
-4.014000107910187243e-01
-4.146568064559012501e-01
6.913729234606591501e-02
6.913729234606591501e-02
1.337233596641766775e+00
4.926806740059750944e-01
4.824831640900942853e-01
6.913729234606591501e-02
-8.347213903668208035e-01
-3.888501668078833129e-01
6.913729234606591501e-02
-4.014000107910187243e-01
5.146633788624971340e-01
6.913729234606591501e-02
5.033940278105961674e-01
6.913729234606591501e-02
-8.848996166440377120e-01
6.913729234606591501e-02
6.913729234606591501e-02
6.913729234606591501e-02
9.260041083723734578e-01
-8.848996166440377120e-01
5.146633788624971340e-01
-1.467402180410145140e+00
-1.617966320824861803e+00
1.048123578230268915e+00
6.913729234606591501e-02
5.522767294962734885e-01
-1.004032715187217262e+00
1.020993287826637008e+00
-1.004032715187217262e+00
5.662665548030945128e-01
5.522767294962734885e-01
-4.435443761310770561e-01
-4.593211673880658874e-01
5.662665548030945128e-01
6.913729234606591501e-02
6.913729234606591501e-02
-4.593211673880658874e-01
5.662665548030945128e-01
-4.593211673880658874e-01
5.662665548030945128e-01
5.522767294962734885e-01
6.913729234606591501e-02
9.710053328725050115e-01
6.913729234606591501e-02
-4.146568064559012501e-01
6.913729234606591501e-02
5.265331585237426060e-01
6.913729234606591501e-02
9.260041083723734578e-01
-8.848996166440377120e-01
1.660133598423758405e+00
4.727651199712043506e-01
-3.549188469998834639e-01
1.525319374334817679e+00
6.913729234606591501e-02
-7.486814906910609357e-01
4.546382506281888558e-01
7.986005251941808991e-01
6.913729234606591501e-02
-1.171854132818360483e+00
1.150893480700950100e+00
-7.296695970384973196e-01
7.986005251941808991e-01
7.688731469758400827e-01
1.610201478747280257e+00
9.631798462420928519e-01
3.675313250148048438e-01
-9.121352337643104935e-01
6.707935292995812482e-01
3.675313250148048438e-01
6.913729234606591501e-02
-2.402866464976309568e-01
1.174090699978548091e+00
6.913729234606591501e-02
6.913729234606591501e-02
3.481337102402554673e-01
6.913729234606591501e-02
-2.194801697346462355e-01
8.663341494025359468e-01
1.495108158117604225e+00
-1.852659629037587130e-01
7.785094127645262319e-01
-1.590861756203396427e+00
-1.423000325995539939e+00
-2.244150062605690665e-01
8.788648734833254261e-01
-8.268665866628474026e-01
-2.295215115708746922e-01
3.575066945474224545e-01
6.913729234606591501e-02
6.223297076773816050e-01
-8.427149949673679030e-01
-2.348088009327262138e-01
-2.965109226276147592e+00
4.088662326920907142e-01
-2.849572234550516447e-01
4.088662326920907142e-01
-1.946960765818886330e+00
1.697824717070209877e+00
-2.849572234550516447e-01
4.088662326920907142e-01
7.161381261252708352e-01
6.913729234606591501e-02
-1.015315792441609632e+00
-1.995232994043529606e+00
-1.735823523555066084e+00
8.663341494025359468e-01
-1.303935568620569141e+00
-7.939726689176041852e+00
6.913729234606591501e-02
-5.789772958548230486e-01
1.210812763752354027e+00
-3.879895536919222288e+00
1.868284911136779858e+00
-6.043916120940289183e-01
2.613177909645404640e+00
-5.130673606935199915e-01
6.913729234606591501e-02
-1.202437792683139550e+00
6.504236543572191609e-01
6.313877251910589017e-01
-5.334962821176894021e-01
6.313877251910589017e-01
6.135588803952795045e-01
-5.130673606935199915e-01
-1.202437792683139550e+00
1.174090699978548091e+00
6.135588803952795045e-01
-5.130673606935199915e-01
1.556837025795582807e+00
-4.760994125122996468e-01
5.810906259157306852e-01
-4.760994125122996468e-01
1.475653618514457976e+00
6.913729234606591501e-02
5.390526614235355840e-01
5.265331585237426060e-01
-1.514520569233251734e+00
-4.593211673880658874e-01
1.020993287826637008e+00
-1.004032715187217262e+00
5.662665548030945128e-01
-4.593211673880658874e-01
5.662665548030945128e-01
6.913729234606591501e-02
1.402864813988038639e+00
-4.146568064559012501e-01
-9.715478912172613724e-01
5.522767294962734885e-01
5.390526614235355840e-01
2.344225851315250519e+00
6.913729234606591501e-02
6.913729234606591501e-02
1.174090699978548091e+00
6.913729234606591501e-02
7.834277409262497827e-01
1.638343810814154367e+00
-1.015315792441609632e+00
7.285625300887815792e-01
-2.778021242091057719e-01
-2.849572234550516447e-01
4.088662326920907142e-01
6.913729234606591501e-02
4.022737530714183829e-01
6.913729234606591501e-02
7.041731655198870676e-01
-2.643255952660387154e-01
-1.423000325995539939e+00
6.913729234606591501e-02
7.414733532231838620e-01
7.161381261252708352e-01
-2.709304172087309559e-01
6.913729234606591501e-02
6.913729234606591501e-02
6.913729234606591501e-02
9.953255800922364838e-01
9.479291925762518556e-01
6.913729234606591501e-02
-1.277074696548036181e+00
9.631798462420928519e-01
6.913729234606591501e-02
-5.789772958548321524e-01
6.913729234606591501e-02
6.913729234606591501e-02
3.782780036269893786e-01
2.108292130870619729e+00
3.351635421711058327e-01
2.721663614628882844e+00
-1.583034043149635084e-01
1.277754435661791366e+00
-5.957016907876794276e-01
8.756954170081082678e-01
1.015746606098016036e+00
-5.479307305211389423e-01
4.590156056738037282e-01
-1.316966069142371798e-01
6.913729234606591501e-02
-5.630732725317106890e-01
-1.415556884785586222e-01
-1.083152853262764115e+00
7.002825668458717567e-01
-3.769522068210074406e-01
-1.553296517924800391e-01
2.877383637842887976e-01
2.849897392651228878e-01
6.851854127622920565e-01
-1.441735754100477995e-01
6.913729234606591501e-02
-3.712320181423271470e-01
6.913729234606591501e-02
8.756954170081082678e-01
6.913729234606591501e-02
-1.415556884785586222e-01
6.913729234606591501e-02
-1.441735754100477995e-01
-6.043916120940289183e-01
4.926806740059668788e-01
8.663341494025359468e-01
-1.390012755421525525e-01
1.813519957915244563e+00
4.265483000944451653e-01
7.481201849519723002e-01
-1.069737663451223869e-01
-1.087991212503459787e-01
1.038909998250072686e+00
1.643571260991827598e+00
2.049593623130166797e+00
-7.824603097349108749e-01
-9.898659090617795142e-01
1.250057934026177708e+00
-3.549188469998743045e-01
8.482485575615567042e-01
4.546382506281805846e-01
-1.971015515157267528e-01
-6.318791519435094095e-01
-2.123813250951731846e-01
2.069898912632546772e-01
6.913729234606591501e-02
-6.679761974662885571e-01
6.179092556078671361e-01
-7.218055171465548314e-02
3.436720473294000988e-01
-2.147084893332309175e-01
1.941765304790587177e+00
1.288150537224514780e+00
-1.502472798154045330e+00
1.296065660057708291e+00
-6.722176191609992024e-01
-1.779433063760871014e-01
6.913729234606591501e-02
9.750093069910610311e+00
2.245784751818309666e-01
-8.924862708999149741e-02
-6.132194170582708909e-02
8.355664294181336382e-02
-2.421567318990947570e-01
2.283798506159545327e-01
3.803156560518315965e-01
5.867774340410719658e-01
1.242418762024227741e-01
-4.353679072988511090e-01
5.492028593754596372e-02
9.748715635746918462e-02
8.846539176157094397e-01
4.220581881149909620e-01
1.219086447113165939e+00
7.287847618731422283e-01
4.789203582753537303e-01
-5.638200159961257452e-01
-4.037872013299779184e-01
-1.635446598352820136e+00
-5.993719856906628562e-01
5.368580190271748931e-01
-4.855826430462595877e-01
-1.292692040049577828e+00
-2.244150062605690665e-01
2.795104560035586716e-01
-1.397858038338259279e+00
2.304478920179310109e+00
1.161022253859720577e+00
5.352596428249416505e-01
-3.828229167521796650e-01
5.462698468399518337e-01
-1.121545685625534028e-01
1.331612411372483928e-01
2.830907827806483645e-01
-6.017608894543082787e-01
1.994630223862065233e+00
1.775895979622823528e+00
-4.286820017377027670e-01
4.796217924748455083e-03
1.811596153461587866e+00
-1.053480055137247184e+00
4.895450384396218269e-01
1.380519778370268014e-01
1.695429306703529759e+00
4.384385933427210058e-01
2.134707083229948399e+00
-6.984863081413850150e-01
-1.068831512753378510e+00
-2.064502312562759567e-01
-5.386304358753575272e+00
2.460933990904322854e+00
-4.263614575081789759e+00
-2.267559048244998515e-02
-1.884372274998759256e+00
1.962962236840980923e+00
1.589398843479816270e-03
2.030945705083731401e+00
-4.790549010388969742e-01
-2.563341327319504703e+00
-1.069096435814627988e+00
2.264128204659884069e+00
8.163777599537158647e-01
6.218610466048258845e-01
3.293393171009935672e-01
5.879977720715975353e-01
-7.053507168274764094e-01
-1.319770450375855830e+00
6.802726079817537075e-01
-8.228471815585853832e-01
-2.735578969351860068e-01
3.361566130168238131e-01
-4.489240267730520983e-01
-1.436049716202608684e+00
6.827391493168960546e-01
9.051460800661049744e-01
3.602727780332527774e-02
2.593113746046075366e-03
-4.760994125122996468e-01
-3.327337835268110444e-01
-6.643487731158936871e-01
-4.337324059164267276e-03
5.262209105836813672e-01
-3.593190487255116139e+00
-8.682643753014378518e-01
1.051233782819618323e+00
1.722805134016779594e+00
-1.086137803881539021e+00
-5.260377694932930615e-01
5.870303034370174533e-01
8.941912399976270631e-01
7.216018059054903899e-01
-1.573034377980039866e-01
-3.587615915073354977e-01
4.524172048317551265e-01
4.790002855953414129e-01
9.777803115794286848e-01
-7.078780605311514318e-01
-2.660132002256299089e-01
2.266429366589497729e-01
-7.673451041460165323e-01
1.325463741240647531e-01
-1.775695619518117274e-01
4.669200143886086951e-01
-6.822543721859227750e-01
-5.685158599716101380e-01
1.902414341219844096e-01
-4.684635480027655730e-01
-5.474033235062825131e-01
-4.736534848596458958e-02
2.406107354726018388e-01
-1.033533080160379924e+00
-8.904099464462325031e-01
1.249068681329404296e+00
4.862928524507871275e-01
-3.380478878401037973e-02
8.339950251917181978e-01
-5.820374638344001650e-02
6.186589596522427126e-01
9.634153193744177113e-02
3.608476370743506911e-01
1.836560019910406759e-03
4.204532627394042543e-01
2.883953024790330000e-01
3.846412089772525134e-01
-4.646597291305653021e-01
7.477542442383691146e-01
3.875400238279312903e-01
1.183919435726704522e-01
8.145612700090072711e-02
6.752868198342217854e-01
9.421717695181524785e-03
3.820343315948176444e-01
2.174913107267909318e+00
1.291128671226745350e+00
-6.621304116820895258e-01
2.282992017626281456e+00
1.387255617494234983e+00
-2.012953011267774872e-01
-6.613470112675197132e-01
-1.220011781751147550e+00
1.151561848622219442e+00
2.107594281234534517e+00
7.512582713450448590e-01
-2.210268161423489530e-01
1.089189419473064691e+00
1.910266967241849967e+00
-1.115778168488189781e+00
-1.143064906024589406e-01
-9.297120280493811340e-01
1.798366043418594185e+00
-7.520048937069490069e-02
1.108951462239295277e-01
-2.755632752449201361e-01
-3.150946471210333000e-01
6.924290960579777554e-01
8.862037023905128263e-01
-2.474720277043612471e-01
-4.851891220041721908e-01
4.567166003019737519e-01
-4.450062400206656332e-01
-3.670402099821347797e+00
6.913729234606591501e-02
1.050752395511879600e+00
-1.241069436145340488e+00
2.131275980464137909e+00
-7.559847678825873940e-01
-1.097212401910408364e+00
-3.807844945566337125e-01
1.008986204804935172e+00
-5.309593605344669065e-01
-4.353492250746054393e-01
1.920147914565906722e-01
-3.445172604489724622e-01
-1.734923515038980124e+00
-5.877835487000560022e-01
1.629423128061497472e+00
1.829778638221496168e-01
4.374362842195614332e-01
6.418064887366070614e-01
-1.520298581134503113e+00
-8.449605700673483710e-01
-2.095426152368551620e-01
5.958447187323294703e-01
1.120186040983661480e+00
4.579327396507135162e-01
-3.865840199172018710e-01
-4.487777120674780185e-01
5.136857172605681088e-01
-1.807529810452041252e-01
5.936470390652803797e-01
-2.951885175411034790e-01
2.797870362579053527e-01
-5.708271859383194924e-01
-3.627677527278191372e-01
1.254344088436775036e-02
5.333351128448576839e-01
-3.383871737592641926e-02
3.688671636461523518e-01
-1.846782877513216403e-01
-1.967267415974383593e-01
-6.838479539854205869e-02
-1.694192916340362398e-01
6.718766846338063425e-01
-1.149375639316378983e-01
-4.339680117705849854e-02
1.565675050177518235e-01
-1.751309237209633385e-01
2.206274380544919200e-01
1.565675050177518235e-01
-1.705951705624806802e+00
3.173879368097873299e-01
2.890307085979955670e-01
-4.101556723398281923e-01
2.499190074947749418e-01
-3.065400227427796387e-01
2.689336103788702581e-01
9.840714755386155144e-01
-7.263817954125737497e-01
-9.735523843132076749e-02
3.247334760855379310e-01
2.549376473822314026e-01
7.623785349153521240e-01
1.332968841822865347e+00
-2.185250598682820566e+00
5.926178317545984786e-01
-2.334695074428184414e-01
-3.170981569585174659e-02
-3.230574416462964060e-02
-1.577292134541478236e-02
-1.107816244501339087e+00
-2.655896998617337523e-01
-5.420057552409318635e-01
6.216001701255838841e-01
5.708542493988398858e-01
-4.841380293579743421e-01
-7.305877000787015518e-01
-8.731313058151332629e-02
-1.195247217088104996e+00
4.516994174122839212e-01
-1.415020483602083434e+00
2.483320208482135347e-02
3.600404302791194167e-01
4.473255010384345476e-01
-4.418860663361516283e-01
-1.540166831559576233e-01
1.615508464621385087e+00
-1.518021766426629782e+00
-1.989073430180977375e+00
-5.731605416965070976e-01
4.701935399778125468e-01
3.209814267082575223e-02
2.391751437099835509e-01
-1.251765294178015742e+00
-6.860995068930960672e-01
1.266010700182570226e+00
1.821782615617022760e-01
-1.891787970828521459e+00
6.643049223347976540e-01
6.322259103189735718e-01
-5.925004718797287628e-01
-4.540990664519251596e-01
2.472599311354806706e-01
-1.742396870045424709e-04
1.515258726922983079e-01
5.057366035352705014e-01
8.663341494025359468e-01
1.485390735998975753e+00
-6.638183354208720965e-01
5.128452843136168671e-01
1.746873271255418858e-01
8.870933084173178163e-01
-1.567037708082331449e+00
-5.624406834273911748e-01
-3.298463843965143000e-02
-4.221383716756555993e-01
6.872553957695415328e-01
1.068224228663959552e-01
-4.848943472915627773e-01
3.883145385838115971e-03
-9.372212939649847696e-01
4.030513105554476283e-01
-6.482744704101892630e-01
-4.295323724320944669e-01
1.103852061402457382e-02
-6.557983004003814509e-01
7.895982742178382363e-01
1.460467709176684004e+00
-6.032929758801647280e-01
6.671490274039055812e-01
2.387321092486298368e-01
1.136698808345892431e+00
1.417660332510961352e+00
-4.862285561694387748e-01
-1.872337302677520965e+00
-6.856414388113781788e-01
-1.967264187730793035e+00
-9.204712910112996527e-01
-2.718953789243791497e-01
2.119597575648510812e-01
-7.146177933041584218e-01
1.844932503995108108e-01
-3.097467917190123779e-02
3.449694184209213810e-01
3.406075929941184688e-01
-4.355091066021810065e-01
2.645175848521282846e-01
5.997035961331727005e-01
-7.107505365875160797e-01
3.596757455286270777e-01
9.124778205097512362e-01
2.815557409763123631e-01
1.298980530497973462e-01
9.133662774576468690e-01
-1.819825702105792586e-01
5.597720011319279321e-01
-5.778418062156682744e-01
-1.049049622676101023e+00
-6.305194752186700224e-01
-7.966625204695775009e-02
5.265424194083714177e-02
8.221020510923581215e-01
-1.009071225166791042e-02
-9.465338483648023660e-01
-3.828229167521796650e-01
-1.529517489946987663e-01
-8.852653648191151081e-01
-8.831375087309168981e-01
-2.056232701020901943e-01
3.183217673301035888e-01
-4.058673731577967514e-01
3.534457095736899812e-01
4.771414056492340738e-01
-1.067746190526203565e+00
1.558053077689906862e+00
5.199392530000875867e-01
-8.350424178181553581e-02
-9.366321072019369032e-01
-1.128269134187271927e+00
5.064196406573528986e-01
-3.771669201729444532e-01
-8.997580015235583373e-01
-5.699922933008153003e-02
1.047672824437039241e+00
-6.946614883980567479e-01
-2.032518229920355635e-01
4.748336072132622321e-02
2.396244525622612254e-01
-9.165980665868395105e-02
3.020557416978535414e-01
5.332328467941506167e-01
3.086764523849792052e-01
3.190819746395905376e-01
9.764510048344533510e-01
-3.375143438423458542e-01
5.577877246199779426e-01
1.315749518937695983e+00
1.455153886765899740e+00
1.283450259848967212e+00
-7.763982659868848835e-01
7.831246601056439660e-01
3.311040405570567779e-01
5.062473151469243371e-01
-3.151326007594073553e-01
3.121278490721471899e-01
-4.269388333249098944e-01
2.441061352094680559e-01
3.974098380764112121e-02
3.413806408143404969e-01
2.817812713570255201e-01
-1.342458154678330129e-01
-1.525611006438785555e+00
-2.598230206149027693e-02
-6.538357423628555765e-01
-6.409215322028957718e-02
4.069561936855426998e-01
-2.619893365729592194e+00
4.938744292379315670e-01
4.718183874366247421e-01
-5.064994984176734993e-01
3.197930920807619537e-01
1.474476930936504185e-02
-6.642012027488165826e-02
-7.123786358050990253e-02
3.348852925028974470e-01
-4.793640535357852894e-02
-6.109065134735897074e-01
5.966171404430697239e-02
-4.569632198053328459e-02
-1.485938947315929848e-01
2.533910581012965846e-01
-1.223499255702851451e+00
1.262181222101053379e-01
1.622986777479066833e-01
-8.340295666697171706e-01
-5.500880644742375258e-01
1.153723956571555687e-01
2.041911575024001613e-01
-3.083594005085645295e-01
2.196313935377447901e+00
-2.068270574283086471e+00
-1.561671899170872235e-01
-3.071635551132094744e-01
-2.512534321452539743e-01
-3.754326263676528441e+00
-1.064590946792358384e-01
-3.945454755986687712e+00
-1.983491602132623655e+00
2.704924356140965713e+00
-6.522713312169253763e-01
1.814822819213117500e+00
-6.241176013952087764e-01
2.495186301134995621e-01
-1.724662913753606697e+00
9.981885479817757811e-03
-1.447965800038932827e-01
2.327707005003858132e-01
5.507707519120881301e-01
-5.973604300973787140e-01
1.153872248638246889e-01
5.920369152568615706e-02
-1.281490535566567779e+00
-9.468950543053014091e-01
3.266688916211635818e-01
4.903032048751013727e-01
2.524731622697423017e+00
1.341429825241910123e+00
-2.175481443036308526e+00
1.237193881537270501e+00
-2.578570389280168129e-01
-2.451737725951534386e-01
3.576066040154904924e-01
1.179827721578475597e+00
4.084901651974855996e-01
7.591155676731203839e-01
-5.116610013629605547e-01
-1.392709069735192040e+00
-6.234757686591763104e-01
-1.725460570917185077e+00
-1.283543362627981743e+00
-2.966579765071924446e-01
2.000449226154764837e+00
-1.450432428232802273e+00
1.287438941715623730e-01
-1.673956626693409833e+00
1.275336575612370904e+00
2.136705933950034386e-01
-7.793882176487691715e-02
-6.202847392824055728e-01
4.179755965151608632e-01
1.164386735658322847e+00
-1.207511476504287001e-01
1.745502664342797328e-01
-4.855292945866274690e-01
-3.167117876714762303e-01
-2.376222874433886190e-01
-9.696128625847231230e-01
3.118878341136412380e-01
4.243911267867894188e-01
-1.758378675571342642e-02
3.011504355900327390e-01
-1.155984148910735587e-01
1.473180998291122867e-01
6.292978797835788729e-01
-1.967579354493325106e-01
5.124719671038601154e-01
-5.121773884288270962e-01
-8.770319989130294092e-01
-7.600862759426303406e-01
1.818689594162255230e-01
5.412771165671068641e-01
4.007206171121882043e-01
4.378293671215355287e-01
-1.693621527672952154e-01
1.070520577554580521e+00
1.474540829679521048e+00
-7.770431749139294908e-01
6.569671951796067499e-02
-5.055925978879083349e-01
8.184612829430110148e-01
5.933448997815741199e-01
-9.405488707786064939e-01
-1.331649590398257033e+00
1.596620098394544440e+00
4.150597723181699839e-01
2.622330077581505048e-01
1.411062257782459972e-01
1.537382020675857885e-01
-5.212120526977743751e-01
-1.614494148319537414e-01
3.066518900928599245e-01
-3.466353051486339432e-01
5.984425923185328067e-01
2.143020147721108326e-01
6.355094110253336481e-01
4.023859626208119156e-02
-6.217400163652517797e-01
7.517731164443004488e-01
4.788178559736953541e-03
1.075389847535128673e-01
8.277847606513286660e-01
3.553035209820331053e-01
-5.359417600077049926e-01
3.423612412822309436e-01
-7.269278830080384557e-01
-1.394754995092468142e-01
-3.151288769897064856e+00
-3.434983553001030865e-02
6.556948076898427846e-01
-3.476475507448864022e-01
3.129521684220616384e-01
1.614267760916866801e-01
2.940673545312367243e-01
-9.669639034916517328e-01
1.153531318991689869e-01
-1.071345022729582458e-01
3.465280937476941103e-01
1.754368758875503032e-01
2.527202966081648072e-01
1.514241504498125002e-01
1.260733690184114193e-02
1.006665070396029593e+00
5.840198937375122856e-01
-7.106146673762690422e-03
-1.210963681227000155e+00
6.556555533737715713e-01
-2.100746084695297167e-02
5.804766222341167792e-01
7.008873279785837740e-01
-2.306002885942921576e-01
2.007308424630451504e-01
-1.432632344612181141e+00
5.236233706984280145e-01
-4.464444109565061658e-01
2.521384301842029448e-03
7.196775897634315466e-01
-1.311237542591475735e+00
2.386634001844385733e-01
-4.496928565040132497e-01
-2.147084893332309175e-01
9.458728069664348315e-01
1.953903923512908536e-01
-1.319629340844283849e-01
-5.429800939005554605e-01
2.307156901290774720e-01
-3.623189889809271674e-02
-3.292042402355745828e-02
-1.761409974242539658e-02
-1.800837882733204443e-01
3.311710996347126679e-02
-1.302211450972177442e-01
1.733050978024784916e-01
3.741237621272430758e-01
-1.522248765323908071e-01
-3.984918658579710005e-02
-1.598745256138258894e-02
-1.241436118246119630e-01
1.984551439262741968e-01
-5.288501628962916090e-01
-6.681679369199784446e-01
-5.389924826493782684e-01
1.276517110693469459e-01
-8.362575937842333662e-01
1.678203921714329361e-01
2.225578428286923427e-01
2.075456142998144682e-01
-4.442673723372246863e-01
-8.559454510055455878e-02
-6.962321628663976636e-01
3.863633071795926632e-01
2.390309038361361771e-01
3.405500127601167049e-01
1.407061689069807886e-01
2.053269527280325857e+00
-1.400884004499800550e-01
-4.919334270385538055e-01
7.324391218302161999e-01
6.362266664117608439e-01
-6.345217698501107728e-01
-3.326383721900566526e-02
-2.089849474773234142e-02
-6.636405963013515263e-01
4.312147277061074147e-01
1.187214205251319932e+00
3.466518242347995660e-01
-3.971787072774108363e-01
-4.146568064559012501e-01
-1.697579360268691939e+00
-3.119559564964507814e+00
2.377178190309391148e+00
-8.697099671849924940e-01
-4.360789844092728407e-01
-7.096904093054983154e-01
2.698191036500234216e-02
5.525601492707946649e-01
-3.113299744765652965e-01
-1.383562433453659757e-01
9.024525169471731001e-02
2.815374261988043969e-01
-1.034554834267054746e+00
-3.800942782831400191e-01
5.374132423570627815e-01
3.650067400850217636e-01
-5.713137082928296945e-02
9.097007762718692381e-02
9.638038721892949745e-02
2.726021349131594329e-01
-6.346813917679295924e-01
2.673372794903204341e-01
6.120545807622920220e-01
-2.506198751703189176e-01
3.200258005626986368e-01
2.125341739272238184e-01
1.433278962052295380e-01
-1.363784872374854684e-01
-1.055180123960985095e-01
-3.649428992308648700e-01
3.881107975512927966e-01
-1.422383564050969107e-01
1.677484089946189583e-01
-1.379157467406260384e-01
7.632326284560615563e-03
2.772762420912299741e-01
-1.214659227029698113e-01
-4.496350508680012070e-01
-9.840727218196564374e-01
-1.156146463792572021e+00
2.039988449721151231e-01
-7.021333454095558535e-01
3.063668173725446753e-01
-4.154369293016723086e-01
4.130544229026801850e-01
2.338066498444681951e-01
2.260283052749757771e-02
7.577167148008888409e-02
3.284331998727413882e-01
-1.779433063760871014e-01
-7.099118340765999680e-01
-4.144534564529075427e-01
3.263307339879137348e-01
2.687211761812695610e-01
1.447972073647481595e-01
4.808842106761521684e-01
-1.713186955896223718e-01
9.023801958901622733e-01
3.656670580176236141e-01
4.207057009281298665e-01
1.311491376863797576e-01
8.815819640910516064e-01
1.346508038359637061e+00
4.789412593333813861e-01
-3.103651335771242525e-01
7.484736598935312069e-01
1.023638490418621982e+00
-1.011814566705788836e-02
2.154492680175536523e-01
8.381555620409672502e-02
7.403012544075195100e-02
-1.149191515013830323e+00
5.496007229065374977e-01
7.468933504384008826e-01
1.023464990604791458e+00
1.149115476080736220e-01
1.870665472950967245e-01
-1.869216842619651486e-01
3.747174086089848366e-01
1.098191679411411603e-01
3.858019164251194066e-01
-1.389464324872193013e-01
6.366981566054438213e-01
-1.141350794135701952e+00
7.856859565570988302e-01
5.535922127279250260e-01
2.582798550188072570e-02
3.145125604798065799e-01
8.191140862813889312e-02
-6.174993551324571284e-01
7.798366896762305711e-02
4.122612899340392101e-01
-2.264052959813203647e-02
-1.378743259615066830e+00
-1.567118813783711095e-01
4.070342651815653801e-01
-5.858974430697155150e-02
-2.656448783421351267e-01
1.307600800424107756e+00
