ROUND,WINDOW,NEURONS,LEAK,SPARSITY,SCALE,RADIUS,MSE,RMSE,MAPE,MSE(X),RMSE(X),MAPE(X),MSE(Y),RMSE(Y),MAPE(Y),MSE(Z),RMSE(Z),MAPE(Z),FRAMEWORK
0.0,1.0,20.0,0.95,0.75,0.3,0.7,6.225221388144713e-05,0.0054204119260975745,0.02023532111401845,6.225221388144713e-05,0.0054204119260975745,0.02023532111401845,,,,,,,7271.0
0.0,1.0,40.0,0.95,0.75,0.3,0.7,4.5376228262255506e-05,0.004491872326859481,0.016402478869928055,4.5376228262255506e-05,0.004491872326859481,0.016402478869928055,,,,,,,7271.0
0.0,1.0,60.0,0.95,0.75,0.3,0.7,4.374085251044516e-05,0.00442697868212389,0.01683620274058169,4.374085251044516e-05,0.00442697868212389,0.01683620274058169,,,,,,,7271.0
0.0,1.0,80.0,0.95,0.75,0.3,0.7,3.8577167724138906e-05,0.004113463219971148,0.0159359891325967,3.8577167724138906e-05,0.004113463219971148,0.0159359891325967,,,,,,,7271.0
0.0,1.0,100.0,0.95,0.75,0.3,0.7,3.899006117456708e-05,0.004082013877343319,0.014873764594917363,3.899006117456708e-05,0.004082013877343319,0.014873764594917363,,,,,,,7271.0
0.0,1.0,120.0,0.95,0.75,0.3,0.7,3.666930867353066e-05,0.003953585548508619,0.014757744048538957,3.666930867353066e-05,0.003953585548508619,0.014757744048538957,,,,,,,7271.0
0.0,1.0,140.0,0.95,0.75,0.3,0.7,3.6810764649679364e-05,0.003968860638938312,0.015473337086406837,3.6810764649679364e-05,0.003968860638938312,0.015473337086406837,,,,,,,7271.0
0.0,1.0,160.0,0.95,0.75,0.3,0.7,3.585487099812695e-05,0.003889844717528911,0.014975976403882187,3.585487099812695e-05,0.003889844717528911,0.014975976403882187,,,,,,,7271.0
0.0,1.0,180.0,0.95,0.75,0.3,0.7,3.696745799565517e-05,0.0039948462093760875,0.015209357502461144,3.696745799565517e-05,0.0039948462093760875,0.015209357502461144,,,,,,,7271.0
0.0,1.0,200.0,0.95,0.75,0.3,0.7,3.528335391700693e-05,0.003848577122576791,0.014813144581251242,3.528335391700693e-05,0.003848577122576791,0.014813144581251242,,,,,,,7271.0
0.0,1.0,220.0,0.95,0.75,0.3,0.7,3.543456109261537e-05,0.0038757746150434426,0.015173041215067745,3.543456109261537e-05,0.0038757746150434426,0.015173041215067745,,,,,,,7271.0
0.0,1.0,240.0,0.95,0.75,0.3,0.7,3.567151613729236e-05,0.0038990406535956037,0.015561062980147573,3.567151613729236e-05,0.0038990406535956037,0.015561062980147573,,,,,,,7271.0
0.0,1.0,260.0,0.95,0.75,0.3,0.7,3.592120758769802e-05,0.0039027717798712034,0.015620933449148992,3.592120758769802e-05,0.0039027717798712034,0.015620933449148992,,,,,,,7271.0
0.0,1.0,280.0,0.95,0.75,0.3,0.7,3.471415075430462e-05,0.0038489558932883854,0.015414145188441543,3.471415075430462e-05,0.0038489558932883854,0.015414145188441543,,,,,,,7271.0
0.0,1.0,300.0,0.95,0.75,0.3,0.7,3.496167731542194e-05,0.0038492184676860992,0.015303086274976813,3.496167731542194e-05,0.0038492184676860992,0.015303086274976813,,,,,,,7271.0
0.0,1.0,320.0,0.95,0.75,0.3,0.7,3.452309639671471e-05,0.003846936481258214,0.015736701890938478,3.452309639671471e-05,0.003846936481258214,0.015736701890938478,,,,,,,7271.0
0.0,1.0,340.0,0.95,0.75,0.3,0.7,3.344678910548057e-05,0.0037641737949791042,0.015173973021914788,3.344678910548057e-05,0.0037641737949791042,0.015173973021914788,,,,,,,7271.0
0.0,1.0,360.0,0.95,0.75,0.3,0.7,3.449725255040885e-05,0.0038317553454092265,0.015635604999402506,3.449725255040885e-05,0.0038317553454092265,0.015635604999402506,,,,,,,7271.0
0.0,1.0,380.0,0.95,0.75,0.3,0.7,3.400460845006476e-05,0.0037961124401592493,0.015461284975705465,3.400460845006476e-05,0.0037961124401592493,0.015461284975705465,,,,,,,7271.0
0.0,1.0,400.0,0.95,0.75,0.3,0.7,3.35713688761008e-05,0.0037633146698942722,0.015239575098745078,3.35713688761008e-05,0.0037633146698942722,0.015239575098745078,,,,,,,7271.0
0.0,1.0,420.0,0.95,0.75,0.3,0.7,3.319260666347761e-05,0.0037403421637633738,0.015464834173796092,3.319260666347761e-05,0.0037403421637633738,0.015464834173796092,,,,,,,7271.0
0.0,1.0,440.0,0.95,0.75,0.3,0.7,3.346597651800375e-05,0.0037738416660611463,0.015895351663654397,3.346597651800375e-05,0.0037738416660611463,0.015895351663654397,,,,,,,7271.0
0.0,1.0,460.0,0.95,0.75,0.3,0.7,3.337344447826923e-05,0.0037589238148904164,0.01551886765495183,3.337344447826923e-05,0.0037589238148904164,0.01551886765495183,,,,,,,7271.0
0.0,1.0,480.0,0.95,0.75,0.3,0.7,3.295714445732766e-05,0.0037393341574089283,0.01509191623082714,3.295714445732766e-05,0.0037393341574089283,0.01509191623082714,,,,,,,7271.0
0.0,1.0,500.0,0.95,0.75,0.3,0.7,3.271427960680485e-05,0.003721635396329512,0.01486113110512102,3.271427960680485e-05,0.003721635396329512,0.01486113110512102,,,,,,,7271.0
1.0,1.0,20.0,0.95,0.75,0.3,0.7,6.86067175683964e-05,0.005844964746032645,0.02364863464347031,6.86067175683964e-05,0.005844964746032645,0.02364863464347031,,,,,,,861.0
1.0,1.0,40.0,0.95,0.75,0.3,0.7,4.513521550103987e-05,0.004503683747805674,0.01859258648312906,4.513521550103987e-05,0.004503683747805674,0.01859258648312906,,,,,,,861.0
1.0,1.0,60.0,0.95,0.75,0.3,0.7,4.033048119925076e-05,0.004233081222244674,0.016521910308262583,4.033048119925076e-05,0.004233081222244674,0.016521910308262583,,,,,,,861.0
1.0,1.0,80.0,0.95,0.75,0.3,0.7,3.7993331575746935e-05,0.00400515254709557,0.014356187532800588,3.7993331575746935e-05,0.00400515254709557,0.014356187532800588,,,,,,,861.0
1.0,1.0,100.0,0.95,0.75,0.3,0.7,3.997093944599887e-05,0.0041855383147686555,0.016125895834684486,3.997093944599887e-05,0.0041855383147686555,0.016125895834684486,,,,,,,861.0
1.0,1.0,120.0,0.95,0.75,0.3,0.7,3.916209844439343e-05,0.004112504209502966,0.015146720869209028,3.916209844439343e-05,0.004112504209502966,0.015146720869209028,,,,,,,861.0
1.0,1.0,140.0,0.95,0.75,0.3,0.7,3.957762987864206e-05,0.004147152893722844,0.015282042167835245,3.957762987864206e-05,0.004147152893722844,0.015282042167835245,,,,,,,861.0
1.0,1.0,160.0,0.95,0.75,0.3,0.7,3.877305680626722e-05,0.004090190236455476,0.01490831632164764,3.877305680626722e-05,0.004090190236455476,0.01490831632164764,,,,,,,861.0
1.0,1.0,180.0,0.95,0.75,0.3,0.7,3.7766056216125956e-05,0.004042060628136346,0.014918261752185183,3.7766056216125956e-05,0.004042060628136346,0.014918261752185183,,,,,,,861.0
1.0,1.0,200.0,0.95,0.75,0.3,0.7,3.636118272390483e-05,0.003954334183213249,0.015060189559021664,3.636118272390483e-05,0.003954334183213249,0.015060189559021664,,,,,,,861.0
1.0,1.0,220.0,0.95,0.75,0.3,0.7,3.595893810415284e-05,0.003909623614717607,0.015153022478669174,3.595893810415284e-05,0.003909623614717607,0.015153022478669174,,,,,,,861.0
1.0,1.0,240.0,0.95,0.75,0.3,0.7,3.397647330642925e-05,0.0038052876845720723,0.014965599609524404,3.397647330642925e-05,0.0038052876845720723,0.014965599609524404,,,,,,,861.0
1.0,1.0,260.0,0.95,0.75,0.3,0.7,3.576112705821204e-05,0.00389824500772643,0.01533751206435945,3.576112705821204e-05,0.00389824500772643,0.01533751206435945,,,,,,,861.0
1.0,1.0,280.0,0.95,0.75,0.3,0.7,3.4784680826269355e-05,0.003858100347101038,0.015312245257625368,3.4784680826269355e-05,0.003858100347101038,0.015312245257625368,,,,,,,861.0
1.0,1.0,300.0,0.95,0.75,0.3,0.7,3.419994714306072e-05,0.0038262081218987574,0.015302857604102696,3.419994714306072e-05,0.0038262081218987574,0.015302857604102696,,,,,,,861.0
1.0,1.0,320.0,0.95,0.75,0.3,0.7,3.3887053504600005e-05,0.0037747587001198705,0.014654299878126675,3.3887053504600005e-05,0.0037747587001198705,0.014654299878126675,,,,,,,861.0
1.0,1.0,340.0,0.95,0.75,0.3,0.7,3.35119186105585e-05,0.0037717839689730246,0.015116049775588636,3.35119186105585e-05,0.0037717839689730246,0.015116049775588636,,,,,,,861.0
1.0,1.0,360.0,0.95,0.75,0.3,0.7,3.311003420551494e-05,0.003728405169526825,0.01517220355781491,3.311003420551494e-05,0.003728405169526825,0.01517220355781491,,,,,,,861.0
1.0,1.0,380.0,0.95,0.75,0.3,0.7,3.330858834262913e-05,0.0037389134332517834,0.01510746408352393,3.330858834262913e-05,0.0037389134332517834,0.01510746408352393,,,,,,,861.0
1.0,1.0,400.0,0.95,0.75,0.3,0.7,3.288111956834924e-05,0.003727491189917261,0.015112638495931294,3.288111956834924e-05,0.003727491189917261,0.015112638495931294,,,,,,,861.0
1.0,1.0,420.0,0.95,0.75,0.3,0.7,3.44520146810462e-05,0.0038247059377378508,0.015697844186549913,3.44520146810462e-05,0.0038247059377378508,0.015697844186549913,,,,,,,861.0
1.0,1.0,440.0,0.95,0.75,0.3,0.7,3.361834494516137e-05,0.003764790765283803,0.0150089717222528,3.361834494516137e-05,0.003764790765283803,0.0150089717222528,,,,,,,861.0
1.0,1.0,460.0,0.95,0.75,0.3,0.7,3.332816597907031e-05,0.00376425216973796,0.015635362481134233,3.332816597907031e-05,0.00376425216973796,0.015635362481134233,,,,,,,861.0
1.0,1.0,480.0,0.95,0.75,0.3,0.7,3.3227933883420254e-05,0.0037446884082043565,0.015319595841536943,3.3227933883420254e-05,0.0037446884082043565,0.015319595841536943,,,,,,,861.0
1.0,1.0,500.0,0.95,0.75,0.3,0.7,3.278982358961661e-05,0.003718282409104745,0.014932063115953792,3.278982358961661e-05,0.003718282409104745,0.014932063115953792,,,,,,,861.0
2.0,1.0,20.0,0.95,0.75,0.3,0.7,5.4914009878768034e-05,0.00496894963727131,0.021685073093262314,5.4914009878768034e-05,0.00496894963727131,0.021685073093262314,,,,,,,5391.0
2.0,1.0,40.0,0.95,0.75,0.3,0.7,4.868985049510908e-05,0.004670620217907955,0.016927140953381107,4.868985049510908e-05,0.004670620217907955,0.016927140953381107,,,,,,,5391.0
2.0,1.0,60.0,0.95,0.75,0.3,0.7,4.673710265040738e-05,0.004581932761094586,0.016352784510238586,4.673710265040738e-05,0.004581932761094586,0.016352784510238586,,,,,,,5391.0
2.0,1.0,80.0,0.95,0.75,0.3,0.7,3.85412031972695e-05,0.004057521383745906,0.014895912073959053,3.85412031972695e-05,0.004057521383745906,0.014895912073959053,,,,,,,5391.0
2.0,1.0,100.0,0.95,0.75,0.3,0.7,3.934686125607887e-05,0.004107888547253426,0.015579024489482332,3.934686125607887e-05,0.004107888547253426,0.015579024489482332,,,,,,,5391.0
2.0,1.0,120.0,0.95,0.75,0.3,0.7,3.890942047052482e-05,0.0041146994739966,0.01518617314601102,3.890942047052482e-05,0.0041146994739966,0.01518617314601102,,,,,,,5391.0
2.0,1.0,140.0,0.95,0.75,0.3,0.7,3.908271159672291e-05,0.0041049962445537545,0.01566038304368388,3.908271159672291e-05,0.0041049962445537545,0.01566038304368388,,,,,,,5391.0
2.0,1.0,160.0,0.95,0.75,0.3,0.7,3.510277380167542e-05,0.0038743414185319386,0.015388176344040364,3.510277380167542e-05,0.0038743414185319386,0.015388176344040364,,,,,,,5391.0
2.0,1.0,180.0,0.95,0.75,0.3,0.7,3.4644944788568366e-05,0.0038237177492699403,0.015946320001628836,3.4644944788568366e-05,0.0038237177492699403,0.015946320001628836,,,,,,,5391.0
2.0,1.0,200.0,0.95,0.75,0.3,0.7,3.5108956358685736e-05,0.003889968309951264,0.01525510575264066,3.5108956358685736e-05,0.003889968309951264,0.01525510575264066,,,,,,,5391.0
2.0,1.0,220.0,0.95,0.75,0.3,0.7,3.448800907534819e-05,0.0038138787171245153,0.015385451381938428,3.448800907534819e-05,0.0038138787171245153,0.015385451381938428,,,,,,,5391.0
2.0,1.0,240.0,0.95,0.75,0.3,0.7,3.6022377210893314e-05,0.003920352643321316,0.01538975190128088,3.6022377210893314e-05,0.003920352643321316,0.01538975190128088,,,,,,,5391.0
2.0,1.0,260.0,0.95,0.75,0.3,0.7,3.4708497254536985e-05,0.003809278790659419,0.014858789637593867,3.4708497254536985e-05,0.003809278790659419,0.014858789637593867,,,,,,,5391.0
2.0,1.0,280.0,0.95,0.75,0.3,0.7,3.500750458491739e-05,0.0038385463087514398,0.014940666553729333,3.500750458491739e-05,0.0038385463087514398,0.014940666553729333,,,,,,,5391.0
2.0,1.0,300.0,0.95,0.75,0.3,0.7,3.3837815853727066e-05,0.003798827942403432,0.015596416489033151,3.3837815853727066e-05,0.003798827942403432,0.015596416489033151,,,,,,,5391.0
2.0,1.0,320.0,0.95,0.75,0.3,0.7,3.2821067442829136e-05,0.0037193453701301928,0.014757127519403187,3.2821067442829136e-05,0.0037193453701301928,0.014757127519403187,,,,,,,5391.0
2.0,1.0,340.0,0.95,0.75,0.3,0.7,3.4211659981905533e-05,0.0038162945426346954,0.01586193332029663,3.4211659981905533e-05,0.0038162945426346954,0.01586193332029663,,,,,,,5391.0
2.0,1.0,360.0,0.95,0.75,0.3,0.7,3.4163779825451824e-05,0.0037912865927070875,0.015117144653941723,3.4163779825451824e-05,0.0037912865927070875,0.015117144653941723,,,,,,,5391.0
2.0,1.0,380.0,0.95,0.75,0.3,0.7,3.445063523096087e-05,0.0038151842268439695,0.015165477506579168,3.445063523096087e-05,0.0038151842268439695,0.015165477506579168,,,,,,,5391.0
2.0,1.0,400.0,0.95,0.75,0.3,0.7,3.3516655376150256e-05,0.0037688731102356434,0.015530433360611308,3.3516655376150256e-05,0.0037688731102356434,0.015530433360611308,,,,,,,5391.0
2.0,1.0,420.0,0.95,0.75,0.3,0.7,3.3606039630316135e-05,0.0037661813905611142,0.015554604082860277,3.3606039630316135e-05,0.0037661813905611142,0.015554604082860277,,,,,,,5391.0
2.0,1.0,440.0,0.95,0.75,0.3,0.7,3.2600940883852566e-05,0.0037069910092396192,0.015639584024489634,3.2600940883852566e-05,0.0037069910092396192,0.015639584024489634,,,,,,,5391.0
2.0,1.0,460.0,0.95,0.75,0.3,0.7,3.321336043824468e-05,0.0037501343227407083,0.015563261772238025,3.321336043824468e-05,0.0037501343227407083,0.015563261772238025,,,,,,,5391.0
2.0,1.0,480.0,0.95,0.75,0.3,0.7,3.30256392178721e-05,0.003738316416089486,0.015691801777613087,3.30256392178721e-05,0.003738316416089486,0.015691801777613087,,,,,,,5391.0
2.0,1.0,500.0,0.95,0.75,0.3,0.7,3.262337903969794e-05,0.0037104408267071747,0.01568120648917808,3.262337903969794e-05,0.0037104408267071747,0.01568120648917808,,,,,,,5391.0
3.0,1.0,20.0,0.95,0.75,0.3,0.7,4.533724667886829e-05,0.00448430104905473,0.017561519613720034,4.533724667886829e-05,0.00448430104905473,0.017561519613720034,,,,,,,5192.0
3.0,1.0,40.0,0.95,0.75,0.3,0.7,4.14193924958844e-05,0.004269072616436442,0.01611624259130172,4.14193924958844e-05,0.004269072616436442,0.01611624259130172,,,,,,,5192.0
3.0,1.0,60.0,0.95,0.75,0.3,0.7,3.9272990795687796e-05,0.004104508916606633,0.014991695891734769,3.9272990795687796e-05,0.004104508916606633,0.014991695891734769,,,,,,,5192.0
3.0,1.0,80.0,0.95,0.75,0.3,0.7,3.694156764358145e-05,0.0039431711210648175,0.014219654702967032,3.694156764358145e-05,0.0039431711210648175,0.014219654702967032,,,,,,,5192.0
3.0,1.0,100.0,0.95,0.75,0.3,0.7,3.8797407955033695e-05,0.004093114239341655,0.015309352173208063,3.8797407955033695e-05,0.004093114239341655,0.015309352173208063,,,,,,,5192.0
3.0,1.0,120.0,0.95,0.75,0.3,0.7,3.602879547098776e-05,0.0039107595426818315,0.014324650007254993,3.602879547098776e-05,0.0039107595426818315,0.014324650007254993,,,,,,,5192.0
3.0,1.0,140.0,0.95,0.75,0.3,0.7,3.715099595483547e-05,0.003967445318059284,0.01535082285833295,3.715099595483547e-05,0.003967445318059284,0.01535082285833295,,,,,,,5192.0
3.0,1.0,160.0,0.95,0.75,0.3,0.7,3.517241156161912e-05,0.0038295096872451783,0.015009644280657106,3.517241156161912e-05,0.0038295096872451783,0.015009644280657106,,,,,,,5192.0
3.0,1.0,180.0,0.95,0.75,0.3,0.7,3.502369449246949e-05,0.003842538485837053,0.014788905069140228,3.502369449246949e-05,0.003842538485837053,0.014788905069140228,,,,,,,5192.0
3.0,1.0,200.0,0.95,0.75,0.3,0.7,3.4789395121231905e-05,0.00384877904996465,0.014739987167632225,3.4789395121231905e-05,0.00384877904996465,0.014739987167632225,,,,,,,5192.0
3.0,1.0,220.0,0.95,0.75,0.3,0.7,3.699244209649964e-05,0.0039869660904139435,0.015221328174566147,3.699244209649964e-05,0.0039869660904139435,0.015221328174566147,,,,,,,5192.0
3.0,1.0,240.0,0.95,0.75,0.3,0.7,3.4662242019098035e-05,0.003846370690859805,0.015609869893733256,3.4662242019098035e-05,0.003846370690859805,0.015609869893733256,,,,,,,5192.0
3.0,1.0,260.0,0.95,0.75,0.3,0.7,3.4777441256615e-05,0.0038297141919517858,0.015442640009775474,3.4777441256615e-05,0.0038297141919517858,0.015442640009775474,,,,,,,5192.0
3.0,1.0,280.0,0.95,0.75,0.3,0.7,3.401108356192725e-05,0.0037924006109665907,0.015245432022707853,3.401108356192725e-05,0.0037924006109665907,0.015245432022707853,,,,,,,5192.0
3.0,1.0,300.0,0.95,0.75,0.3,0.7,3.439602738247726e-05,0.003820375367581735,0.014965676865919632,3.439602738247726e-05,0.003820375367581735,0.014965676865919632,,,,,,,5192.0
3.0,1.0,320.0,0.95,0.75,0.3,0.7,3.449330838715721e-05,0.003810402278535315,0.0150578227633916,3.449330838715721e-05,0.003810402278535315,0.0150578227633916,,,,,,,5192.0
3.0,1.0,340.0,0.95,0.75,0.3,0.7,3.332007950426528e-05,0.0037399454153369638,0.015023759774239904,3.332007950426528e-05,0.0037399454153369638,0.015023759774239904,,,,,,,5192.0
3.0,1.0,360.0,0.95,0.75,0.3,0.7,3.216457338138481e-05,0.0036724943553905257,0.014781329397941077,3.216457338138481e-05,0.0036724943553905257,0.014781329397941077,,,,,,,5192.0
3.0,1.0,380.0,0.95,0.75,0.3,0.7,3.319486640417164e-05,0.0037577232047246297,0.015960693557032217,3.319486640417164e-05,0.0037577232047246297,0.015960693557032217,,,,,,,5192.0
3.0,1.0,400.0,0.95,0.75,0.3,0.7,3.2617193673285454e-05,0.0037013255890195333,0.015281523971925726,3.2617193673285454e-05,0.0037013255890195333,0.015281523971925726,,,,,,,5192.0
3.0,1.0,420.0,0.95,0.75,0.3,0.7,3.33448970877809e-05,0.003748391336106003,0.01581235765491929,3.33448970877809e-05,0.003748391336106003,0.01581235765491929,,,,,,,5192.0
3.0,1.0,440.0,0.95,0.75,0.3,0.7,3.3777154169577114e-05,0.003772815405295158,0.015433776933788204,3.3777154169577114e-05,0.003772815405295158,0.015433776933788204,,,,,,,5192.0
3.0,1.0,460.0,0.95,0.75,0.3,0.7,3.3152137959374424e-05,0.0037417462436340823,0.01561145634591016,3.3152137959374424e-05,0.0037417462436340823,0.01561145634591016,,,,,,,5192.0
3.0,1.0,480.0,0.95,0.75,0.3,0.7,3.3267472787253065e-05,0.0037674683402232913,0.01552707906237926,3.3267472787253065e-05,0.0037674683402232913,0.01552707906237926,,,,,,,5192.0
3.0,1.0,500.0,0.95,0.75,0.3,0.7,3.267402629080104e-05,0.0037021193976274802,0.015469416943825065,3.267402629080104e-05,0.0037021193976274802,0.015469416943825065,,,,,,,5192.0
4.0,1.0,20.0,0.95,0.75,0.3,0.7,6.250072345298852e-05,0.00547052592933365,0.024087893457740917,6.250072345298852e-05,0.00547052592933365,0.024087893457740917,,,,,,,5735.0
4.0,1.0,40.0,0.95,0.75,0.3,0.7,4.513793983781229e-05,0.004457076091734232,0.015671235419611258,4.513793983781229e-05,0.004457076091734232,0.015671235419611258,,,,,,,5735.0
4.0,1.0,60.0,0.95,0.75,0.3,0.7,3.933669877107214e-05,0.004149497780500396,0.015317131613671939,3.933669877107214e-05,0.004149497780500396,0.015317131613671939,,,,,,,5735.0
4.0,1.0,80.0,0.95,0.75,0.3,0.7,3.830674486640289e-05,0.004084004400429476,0.01529759468624774,3.830674486640289e-05,0.004084004400429476,0.01529759468624774,,,,,,,5735.0
4.0,1.0,100.0,0.95,0.75,0.3,0.7,3.816424726395845e-05,0.004046215706046244,0.015347204479341833,3.816424726395845e-05,0.004046215706046244,0.015347204479341833,,,,,,,5735.0
4.0,1.0,120.0,0.95,0.75,0.3,0.7,3.711059597294667e-05,0.004025718276864276,0.015334560583655185,3.711059597294667e-05,0.004025718276864276,0.015334560583655185,,,,,,,5735.0
4.0,1.0,140.0,0.95,0.75,0.3,0.7,3.8516512936372374e-05,0.004058571379898256,0.014756189120950005,3.8516512936372374e-05,0.004058571379898256,0.014756189120950005,,,,,,,5735.0
4.0,1.0,160.0,0.95,0.75,0.3,0.7,3.840919337516846e-05,0.004067646606892075,0.01509088798126346,3.840919337516846e-05,0.004067646606892075,0.01509088798126346,,,,,,,5735.0
4.0,1.0,180.0,0.95,0.75,0.3,0.7,3.5748352553399456e-05,0.0038999296678264724,0.014990013723498853,3.5748352553399456e-05,0.0038999296678264724,0.014990013723498853,,,,,,,5735.0
4.0,1.0,200.0,0.95,0.75,0.3,0.7,3.650398268257437e-05,0.0039417161258186815,0.01565501511547502,3.650398268257437e-05,0.0039417161258186815,0.01565501511547502,,,,,,,5735.0
4.0,1.0,220.0,0.95,0.75,0.3,0.7,3.491218055983086e-05,0.00386412803538801,0.015190936575356674,3.491218055983086e-05,0.00386412803538801,0.015190936575356674,,,,,,,5735.0
4.0,1.0,240.0,0.95,0.75,0.3,0.7,3.4120120042413474e-05,0.0038093295719202392,0.015551122832577731,3.4120120042413474e-05,0.0038093295719202392,0.015551122832577731,,,,,,,5735.0
4.0,1.0,260.0,0.95,0.75,0.3,0.7,3.5515543817551356e-05,0.003901391080478744,0.015476877839981067,3.5515543817551356e-05,0.003901391080478744,0.015476877839981067,,,,,,,5735.0
4.0,1.0,280.0,0.95,0.75,0.3,0.7,3.419773162371237e-05,0.0037923241174975105,0.014992776855349266,3.419773162371237e-05,0.0037923241174975105,0.014992776855349266,,,,,,,5735.0
4.0,1.0,300.0,0.95,0.75,0.3,0.7,3.550121232674913e-05,0.003910771618691596,0.01608706858144819,3.550121232674913e-05,0.003910771618691596,0.01608706858144819,,,,,,,5735.0
4.0,1.0,320.0,0.95,0.75,0.3,0.7,3.432272580568041e-05,0.0038254964229719806,0.014983585051885047,3.432272580568041e-05,0.0038254964229719806,0.014983585051885047,,,,,,,5735.0
4.0,1.0,340.0,0.95,0.75,0.3,0.7,3.377234582828022e-05,0.00378182979033553,0.015007247256270619,3.377234582828022e-05,0.00378182979033553,0.015007247256270619,,,,,,,5735.0
4.0,1.0,360.0,0.95,0.75,0.3,0.7,3.4050601704767704e-05,0.003793239660571569,0.015248213135399931,3.4050601704767704e-05,0.003793239660571569,0.015248213135399931,,,,,,,5735.0
4.0,1.0,380.0,0.95,0.75,0.3,0.7,3.368423195004006e-05,0.0037808230304348057,0.015199047219837005,3.368423195004006e-05,0.0037808230304348057,0.015199047219837005,,,,,,,5735.0
4.0,1.0,400.0,0.95,0.75,0.3,0.7,3.359045418534582e-05,0.0037675634952752026,0.01534280565456152,3.359045418534582e-05,0.0037675634952752026,0.01534280565456152,,,,,,,5735.0
4.0,1.0,420.0,0.95,0.75,0.3,0.7,3.4227283522958945e-05,0.003827055331428588,0.015454622312913531,3.4227283522958945e-05,0.003827055331428588,0.015454622312913531,,,,,,,5735.0
4.0,1.0,440.0,0.95,0.75,0.3,0.7,3.239748216716482e-05,0.0036725852932269834,0.015419496334987006,3.239748216716482e-05,0.0036725852932269834,0.015419496334987006,,,,,,,5735.0
4.0,1.0,460.0,0.95,0.75,0.3,0.7,3.337516737024957e-05,0.00375689413351733,0.01537371809047172,3.337516737024957e-05,0.00375689413351733,0.01537371809047172,,,,,,,5735.0
4.0,1.0,480.0,0.95,0.75,0.3,0.7,3.33228913445956e-05,0.003751780491683742,0.01571209197579054,3.33228913445956e-05,0.003751780491683742,0.01571209197579054,,,,,,,5735.0
4.0,1.0,500.0,0.95,0.75,0.3,0.7,3.25172361032146e-05,0.003716610134210191,0.015470725875485347,3.25172361032146e-05,0.003716610134210191,0.015470725875485347,,,,,,,5735.0
5.0,1.0,20.0,0.95,0.75,0.3,0.7,4.9111515902434994e-05,0.004698133691290115,0.018731620029050305,4.9111515902434994e-05,0.004698133691290115,0.018731620029050305,,,,,,,6266.0
5.0,1.0,40.0,0.95,0.75,0.3,0.7,4.8497106547634586e-05,0.004655540104453749,0.01774001971853098,4.8497106547634586e-05,0.004655540104453749,0.01774001971853098,,,,,,,6266.0
5.0,1.0,60.0,0.95,0.75,0.3,0.7,4.275173660160124e-05,0.00435759086081374,0.017674258503879024,4.275173660160124e-05,0.00435759086081374,0.017674258503879024,,,,,,,6266.0
5.0,1.0,80.0,0.95,0.75,0.3,0.7,4.247477172365614e-05,0.004351694559495237,0.01658820367787598,4.247477172365614e-05,0.004351694559495237,0.01658820367787598,,,,,,,6266.0
5.0,1.0,100.0,0.95,0.75,0.3,0.7,3.6149885371508064e-05,0.00391725502574249,0.014092815259476098,3.6149885371508064e-05,0.00391725502574249,0.014092815259476098,,,,,,,6266.0
5.0,1.0,120.0,0.95,0.75,0.3,0.7,4.000393821189746e-05,0.004145210614323977,0.014972821744686579,4.000393821189746e-05,0.004145210614323977,0.014972821744686579,,,,,,,6266.0
5.0,1.0,140.0,0.95,0.75,0.3,0.7,3.74165123115027e-05,0.004001906083456616,0.01483268810526536,3.74165123115027e-05,0.004001906083456616,0.01483268810526536,,,,,,,6266.0
5.0,1.0,160.0,0.95,0.75,0.3,0.7,3.747530218725102e-05,0.003997039055864027,0.015221096859981537,3.747530218725102e-05,0.003997039055864027,0.015221096859981537,,,,,,,6266.0
5.0,1.0,180.0,0.95,0.75,0.3,0.7,3.7045773875141874e-05,0.003967190150923779,0.014643669593212083,3.7045773875141874e-05,0.003967190150923779,0.014643669593212083,,,,,,,6266.0
5.0,1.0,200.0,0.95,0.75,0.3,0.7,3.456458069861146e-05,0.0038226219096431503,0.014844791687608527,3.456458069861146e-05,0.0038226219096431503,0.014844791687608527,,,,,,,6266.0
5.0,1.0,220.0,0.95,0.75,0.3,0.7,3.629226590601577e-05,0.0039236526409106905,0.0149413929246629,3.629226590601577e-05,0.0039236526409106905,0.0149413929246629,,,,,,,6266.0
5.0,1.0,240.0,0.95,0.75,0.3,0.7,3.720280281225045e-05,0.003993150974693694,0.015501901632155953,3.720280281225045e-05,0.003993150974693694,0.015501901632155953,,,,,,,6266.0
5.0,1.0,260.0,0.95,0.75,0.3,0.7,3.469262989771897e-05,0.0038483306795103218,0.015554397831463215,3.469262989771897e-05,0.0038483306795103218,0.015554397831463215,,,,,,,6266.0
5.0,1.0,280.0,0.95,0.75,0.3,0.7,3.42765191041566e-05,0.00381377260375939,0.014800157738948919,3.42765191041566e-05,0.00381377260375939,0.014800157738948919,,,,,,,6266.0
5.0,1.0,300.0,0.95,0.75,0.3,0.7,3.3778856254207966e-05,0.0037979754719526726,0.015264300539886949,3.3778856254207966e-05,0.0037979754719526726,0.015264300539886949,,,,,,,6266.0
5.0,1.0,320.0,0.95,0.75,0.3,0.7,3.4456995007996295e-05,0.0038400565717206635,0.015580315486148497,3.4456995007996295e-05,0.0038400565717206635,0.015580315486148497,,,,,,,6266.0
5.0,1.0,340.0,0.95,0.75,0.3,0.7,3.426984495203542e-05,0.0038226164955698512,0.015480321055906247,3.426984495203542e-05,0.0038226164955698512,0.015480321055906247,,,,,,,6266.0
5.0,1.0,360.0,0.95,0.75,0.3,0.7,3.33375904755171e-05,0.0037649196128153994,0.01511077164257089,3.33375904755171e-05,0.0037649196128153994,0.01511077164257089,,,,,,,6266.0
5.0,1.0,380.0,0.95,0.75,0.3,0.7,3.500030766427671e-05,0.0038416376238000404,0.01573587999006333,3.500030766427671e-05,0.0038416376238000404,0.01573587999006333,,,,,,,6266.0
5.0,1.0,400.0,0.95,0.75,0.3,0.7,3.282408232707373e-05,0.0037341512091243097,0.014811342347663398,3.282408232707373e-05,0.0037341512091243097,0.014811342347663398,,,,,,,6266.0
5.0,1.0,420.0,0.95,0.75,0.3,0.7,3.290087475660364e-05,0.003738094793373289,0.01561258747141745,3.290087475660364e-05,0.003738094793373289,0.01561258747141745,,,,,,,6266.0
5.0,1.0,440.0,0.95,0.75,0.3,0.7,3.211682635662888e-05,0.003671060990660197,0.015192884341138703,3.211682635662888e-05,0.003671060990660197,0.015192884341138703,,,,,,,6266.0
5.0,1.0,460.0,0.95,0.75,0.3,0.7,3.362531611079496e-05,0.003772477945548281,0.015468319810330377,3.362531611079496e-05,0.003772477945548281,0.015468319810330377,,,,,,,6266.0
5.0,1.0,480.0,0.95,0.75,0.3,0.7,3.262524119890559e-05,0.003718356106084131,0.015170845232874418,3.262524119890559e-05,0.003718356106084131,0.015170845232874418,,,,,,,6266.0
5.0,1.0,500.0,0.95,0.75,0.3,0.7,3.24875891330339e-05,0.003693619850028176,0.015194289997935281,3.24875891330339e-05,0.003693619850028176,0.015194289997935281,,,,,,,6266.0
6.0,1.0,20.0,0.95,0.75,0.3,0.7,7.117930210302438e-05,0.005940771752432687,0.022697583829366937,7.117930210302438e-05,0.005940771752432687,0.022697583829366937,,,,,,,467.0
6.0,1.0,40.0,0.95,0.75,0.3,0.7,4.693802087916644e-05,0.004687512244262818,0.017766677585869684,4.693802087916644e-05,0.004687512244262818,0.017766677585869684,,,,,,,467.0
6.0,1.0,60.0,0.95,0.75,0.3,0.7,3.9355043707591134e-05,0.0041227047618843165,0.015218965853211652,3.9355043707591134e-05,0.0041227047618843165,0.015218965853211652,,,,,,,467.0
6.0,1.0,80.0,0.95,0.75,0.3,0.7,3.9913831165569864e-05,0.004151557606684457,0.014743680805108916,3.9913831165569864e-05,0.004151557606684457,0.014743680805108916,,,,,,,467.0
6.0,1.0,100.0,0.95,0.75,0.3,0.7,4.2197922821615235e-05,0.004315372140272988,0.016117705874290175,4.2197922821615235e-05,0.004315372140272988,0.016117705874290175,,,,,,,467.0
6.0,1.0,120.0,0.95,0.75,0.3,0.7,3.8782489140226616e-05,0.004058515822250461,0.015374684677298802,3.8782489140226616e-05,0.004058515822250461,0.015374684677298802,,,,,,,467.0
6.0,1.0,140.0,0.95,0.75,0.3,0.7,3.5871540562287826e-05,0.0039001339204445067,0.015326759408913598,3.5871540562287826e-05,0.0039001339204445067,0.015326759408913598,,,,,,,467.0
6.0,1.0,160.0,0.95,0.75,0.3,0.7,3.753436712884591e-05,0.004013118605236868,0.01538768279088517,3.753436712884591e-05,0.004013118605236868,0.01538768279088517,,,,,,,467.0
6.0,1.0,180.0,0.95,0.75,0.3,0.7,3.614827476081622e-05,0.003908403354905315,0.01469100766894368,3.614827476081622e-05,0.003908403354905315,0.01469100766894368,,,,,,,467.0
6.0,1.0,200.0,0.95,0.75,0.3,0.7,3.548218427007955e-05,0.0039006438415638447,0.015182711533159454,3.548218427007955e-05,0.0039006438415638447,0.015182711533159454,,,,,,,467.0
6.0,1.0,220.0,0.95,0.75,0.3,0.7,3.624185267431142e-05,0.003920951261598975,0.015227112192788269,3.624185267431142e-05,0.003920951261598975,0.015227112192788269,,,,,,,467.0
6.0,1.0,240.0,0.95,0.75,0.3,0.7,3.524183428828435e-05,0.0038717543853365424,0.01582347165613133,3.524183428828435e-05,0.0038717543853365424,0.01582347165613133,,,,,,,467.0
6.0,1.0,260.0,0.95,0.75,0.3,0.7,3.378352056009506e-05,0.0037999986368440217,0.015497149103683463,3.378352056009506e-05,0.0037999986368440217,0.015497149103683463,,,,,,,467.0
6.0,1.0,280.0,0.95,0.75,0.3,0.7,3.4517029782849765e-05,0.003815084150390726,0.015713412290788674,3.4517029782849765e-05,0.003815084150390726,0.015713412290788674,,,,,,,467.0
6.0,1.0,300.0,0.95,0.75,0.3,0.7,3.4477482283863537e-05,0.003814720903939644,0.01519493068216566,3.4477482283863537e-05,0.003814720903939644,0.01519493068216566,,,,,,,467.0
6.0,1.0,320.0,0.95,0.75,0.3,0.7,3.373628709618887e-05,0.003801447325255193,0.015570330016542538,3.373628709618887e-05,0.003801447325255193,0.015570330016542538,,,,,,,467.0
6.0,1.0,340.0,0.95,0.75,0.3,0.7,3.415953611751019e-05,0.0038118611474294846,0.015492622836418151,3.415953611751019e-05,0.0038118611474294846,0.015492622836418151,,,,,,,467.0
6.0,1.0,360.0,0.95,0.75,0.3,0.7,3.356642187421156e-05,0.0037510082448170647,0.015219040904601338,3.356642187421156e-05,0.0037510082448170647,0.015219040904601338,,,,,,,467.0
6.0,1.0,380.0,0.95,0.75,0.3,0.7,3.369929357014171e-05,0.0037734229743347824,0.015167794862438577,3.369929357014171e-05,0.0037734229743347824,0.015167794862438577,,,,,,,467.0
6.0,1.0,400.0,0.95,0.75,0.3,0.7,3.424856276491293e-05,0.0038158214321191396,0.015198091174047563,3.424856276491293e-05,0.0038158214321191396,0.015198091174047563,,,,,,,467.0
6.0,1.0,420.0,0.95,0.75,0.3,0.7,3.293858858717808e-05,0.00371080066107306,0.014917183549448824,3.293858858717808e-05,0.00371080066107306,0.014917183549448824,,,,,,,467.0
6.0,1.0,440.0,0.95,0.75,0.3,0.7,3.277882116752409e-05,0.003716502619939607,0.015399819310503176,3.277882116752409e-05,0.003716502619939607,0.015399819310503176,,,,,,,467.0
6.0,1.0,460.0,0.95,0.75,0.3,0.7,3.3162797121533194e-05,0.0037278704283415036,0.015726467538529916,3.3162797121533194e-05,0.0037278704283415036,0.015726467538529916,,,,,,,467.0
6.0,1.0,480.0,0.95,0.75,0.3,0.7,3.284106787347698e-05,0.003727525295073464,0.015539094140398292,3.284106787347698e-05,0.003727525295073464,0.015539094140398292,,,,,,,467.0
6.0,1.0,500.0,0.95,0.75,0.3,0.7,3.2685666261405214e-05,0.003713620170058147,0.015250395795129873,3.2685666261405214e-05,0.003713620170058147,0.015250395795129873,,,,,,,467.0
7.0,1.0,20.0,0.95,0.75,0.3,0.7,6.459726883824206e-05,0.005659659657934224,0.02575256692889339,6.459726883824206e-05,0.005659659657934224,0.02575256692889339,,,,,,,4427.0
7.0,1.0,40.0,0.95,0.75,0.3,0.7,4.4569666033134304e-05,0.004458192564320692,0.017280535346150424,4.4569666033134304e-05,0.004458192564320692,0.017280535346150424,,,,,,,4427.0
7.0,1.0,60.0,0.95,0.75,0.3,0.7,3.896580897841531e-05,0.004067363781466525,0.01446734753690642,3.896580897841531e-05,0.004067363781466525,0.01446734753690642,,,,,,,4427.0
7.0,1.0,80.0,0.95,0.75,0.3,0.7,4.074049691027971e-05,0.004207963193576676,0.016110710538273187,4.074049691027971e-05,0.004207963193576676,0.016110710538273187,,,,,,,4427.0
7.0,1.0,100.0,0.95,0.75,0.3,0.7,4.1198768776981596e-05,0.004251661495099741,0.015353017286014585,4.1198768776981596e-05,0.004251661495099741,0.015353017286014585,,,,,,,4427.0
7.0,1.0,120.0,0.95,0.75,0.3,0.7,3.902807916954292e-05,0.004120031607545495,0.015297536142041927,3.902807916954292e-05,0.004120031607545495,0.015297536142041927,,,,,,,4427.0
7.0,1.0,140.0,0.95,0.75,0.3,0.7,3.658480128828748e-05,0.003981877484636359,0.015319781916024285,3.658480128828748e-05,0.003981877484636359,0.015319781916024285,,,,,,,4427.0
7.0,1.0,160.0,0.95,0.75,0.3,0.7,3.6564454116541284e-05,0.0039394292624706706,0.014877196837387047,3.6564454116541284e-05,0.0039394292624706706,0.014877196837387047,,,,,,,4427.0
7.0,1.0,180.0,0.95,0.75,0.3,0.7,3.794366888209112e-05,0.0040454668184549646,0.015631249061252746,3.794366888209112e-05,0.0040454668184549646,0.015631249061252746,,,,,,,4427.0
7.0,1.0,200.0,0.95,0.75,0.3,0.7,3.6664358627169445e-05,0.003967773290405727,0.01581519754862196,3.6664358627169445e-05,0.003967773290405727,0.01581519754862196,,,,,,,4427.0
7.0,1.0,220.0,0.95,0.75,0.3,0.7,3.4415674543672e-05,0.0038117872511443996,0.014944738090361044,3.4415674543672e-05,0.0038117872511443996,0.014944738090361044,,,,,,,4427.0
7.0,1.0,240.0,0.95,0.75,0.3,0.7,3.550539400180116e-05,0.0038854736230826796,0.015858942086708946,3.550539400180116e-05,0.0038854736230826796,0.015858942086708946,,,,,,,4427.0
7.0,1.0,260.0,0.95,0.75,0.3,0.7,3.676766725664394e-05,0.003969851706394009,0.015506122831487246,3.676766725664394e-05,0.003969851706394009,0.015506122831487246,,,,,,,4427.0
7.0,1.0,280.0,0.95,0.75,0.3,0.7,3.385276747693522e-05,0.003775381819250308,0.015087290148696099,3.385276747693522e-05,0.003775381819250308,0.015087290148696099,,,,,,,4427.0
7.0,1.0,300.0,0.95,0.75,0.3,0.7,3.4526710949985096e-05,0.0038103506038423968,0.01580331549435059,3.4526710949985096e-05,0.0038103506038423968,0.01580331549435059,,,,,,,4427.0
7.0,1.0,320.0,0.95,0.75,0.3,0.7,3.613373381234167e-05,0.003911765355371188,0.015152598728071825,3.613373381234167e-05,0.003911765355371188,0.015152598728071825,,,,,,,4427.0
7.0,1.0,340.0,0.95,0.75,0.3,0.7,3.470317690533878e-05,0.0038415822341252514,0.015230277829105921,3.470317690533878e-05,0.0038415822341252514,0.015230277829105921,,,,,,,4427.0
7.0,1.0,360.0,0.95,0.75,0.3,0.7,3.400638966686623e-05,0.0037814425727931283,0.015108977369486692,3.400638966686623e-05,0.0037814425727931283,0.015108977369486692,,,,,,,4427.0
7.0,1.0,380.0,0.95,0.75,0.3,0.7,3.4436625268428797e-05,0.003807042894935098,0.01564109054513663,3.4436625268428797e-05,0.003807042894935098,0.01564109054513663,,,,,,,4427.0
7.0,1.0,400.0,0.95,0.75,0.3,0.7,3.3361677161545466e-05,0.0037592135890520072,0.015488612019915185,3.3361677161545466e-05,0.0037592135890520072,0.015488612019915185,,,,,,,4427.0
7.0,1.0,420.0,0.95,0.75,0.3,0.7,3.3620666258349144e-05,0.0037906680298989597,0.01535649278916395,3.3620666258349144e-05,0.0037906680298989597,0.01535649278916395,,,,,,,4427.0
7.0,1.0,440.0,0.95,0.75,0.3,0.7,3.3601198951385605e-05,0.0037605396848600144,0.015548579661717393,3.3601198951385605e-05,0.0037605396848600144,0.015548579661717393,,,,,,,4427.0
7.0,1.0,460.0,0.95,0.75,0.3,0.7,3.3381359856591626e-05,0.0037508655408495747,0.01500355313824762,3.3381359856591626e-05,0.0037508655408495747,0.01500355313824762,,,,,,,4427.0
7.0,1.0,480.0,0.95,0.75,0.3,0.7,3.263676119106365e-05,0.003714590300091647,0.014991284499165095,3.263676119106365e-05,0.003714590300091647,0.014991284499165095,,,,,,,4427.0
7.0,1.0,500.0,0.95,0.75,0.3,0.7,3.259899232332846e-05,0.0037057028275460646,0.01548958875273938,3.259899232332846e-05,0.0037057028275460646,0.01548958875273938,,,,,,,4427.0
8.0,1.0,20.0,0.95,0.75,0.3,0.7,7.751146724395435e-05,0.005991677591233787,0.02777381732430365,7.751146724395435e-05,0.005991677591233787,0.02777381732430365,,,,,,,5579.0
8.0,1.0,40.0,0.95,0.75,0.3,0.7,4.463386131334106e-05,0.004488937418220779,0.018508256570434194,4.463386131334106e-05,0.004488937418220779,0.018508256570434194,,,,,,,5579.0
8.0,1.0,60.0,0.95,0.75,0.3,0.7,4.045601637462537e-05,0.004228296513432374,0.016180565854771786,4.045601637462537e-05,0.004228296513432374,0.016180565854771786,,,,,,,5579.0
8.0,1.0,80.0,0.95,0.75,0.3,0.7,3.775417573369013e-05,0.00403734193414387,0.0152263673575086,3.775417573369013e-05,0.00403734193414387,0.0152263673575086,,,,,,,5579.0
8.0,1.0,100.0,0.95,0.75,0.3,0.7,3.891009110620926e-05,0.004072044655298305,0.01509472849591799,3.891009110620926e-05,0.004072044655298305,0.01509472849591799,,,,,,,5579.0
8.0,1.0,120.0,0.95,0.75,0.3,0.7,3.8484231031316094e-05,0.004072286977393845,0.015448914314959398,3.8484231031316094e-05,0.004072286977393845,0.015448914314959398,,,,,,,5579.0
8.0,1.0,140.0,0.95,0.75,0.3,0.7,3.7846315608972215e-05,0.003997504777487318,0.01425430064445805,3.7846315608972215e-05,0.003997504777487318,0.01425430064445805,,,,,,,5579.0
8.0,1.0,160.0,0.95,0.75,0.3,0.7,3.454654030400129e-05,0.0038710944389219425,0.014806651292397515,3.454654030400129e-05,0.0038710944389219425,0.014806651292397515,,,,,,,5579.0
8.0,1.0,180.0,0.95,0.75,0.3,0.7,3.626398846751092e-05,0.003918091053669222,0.014984703693391244,3.626398846751092e-05,0.003918091053669222,0.014984703693391244,,,,,,,5579.0
8.0,1.0,200.0,0.95,0.75,0.3,0.7,3.512462054958237e-05,0.00389442190017082,0.014854294722194171,3.512462054958237e-05,0.00389442190017082,0.014854294722194171,,,,,,,5579.0
8.0,1.0,220.0,0.95,0.75,0.3,0.7,3.5414222295365245e-05,0.0038613736372948735,0.014535895462829981,3.5414222295365245e-05,0.0038613736372948735,0.014535895462829981,,,,,,,5579.0
8.0,1.0,240.0,0.95,0.75,0.3,0.7,3.417480297362046e-05,0.0038212900145249136,0.014871873773867773,3.417480297362046e-05,0.0038212900145249136,0.014871873773867773,,,,,,,5579.0
8.0,1.0,260.0,0.95,0.75,0.3,0.7,3.3609458905338625e-05,0.003777054215208985,0.014747934305427026,3.3609458905338625e-05,0.003777054215208985,0.014747934305427026,,,,,,,5579.0
8.0,1.0,280.0,0.95,0.75,0.3,0.7,3.487635700054915e-05,0.003859926111881885,0.01584483134149366,3.487635700054915e-05,0.003859926111881885,0.01584483134149366,,,,,,,5579.0
8.0,1.0,300.0,0.95,0.75,0.3,0.7,3.315678223165199e-05,0.0037437161999945754,0.015234930390849822,3.315678223165199e-05,0.0037437161999945754,0.015234930390849822,,,,,,,5579.0
8.0,1.0,320.0,0.95,0.75,0.3,0.7,3.406886010065042e-05,0.003795572733146983,0.015284210842913159,3.406886010065042e-05,0.003795572733146983,0.015284210842913159,,,,,,,5579.0
8.0,1.0,340.0,0.95,0.75,0.3,0.7,3.476571110354957e-05,0.003849433350716375,0.015241093883902936,3.476571110354957e-05,0.003849433350716375,0.015241093883902936,,,,,,,5579.0
8.0,1.0,360.0,0.95,0.75,0.3,0.7,3.360160751412978e-05,0.003779445065828837,0.015512251094723182,3.360160751412978e-05,0.003779445065828837,0.015512251094723182,,,,,,,5579.0
8.0,1.0,380.0,0.95,0.75,0.3,0.7,3.373414831148428e-05,0.003780511609906888,0.015170774257354953,3.373414831148428e-05,0.003780511609906888,0.015170774257354953,,,,,,,5579.0
8.0,1.0,400.0,0.95,0.75,0.3,0.7,3.363305507992745e-05,0.003788675104032641,0.015459996070237323,3.363305507992745e-05,0.003788675104032641,0.015459996070237323,,,,,,,5579.0
8.0,1.0,420.0,0.95,0.75,0.3,0.7,3.392332556182989e-05,0.0037970381248611565,0.015401860850908236,3.392332556182989e-05,0.0037970381248611565,0.015401860850908236,,,,,,,5579.0
8.0,1.0,440.0,0.95,0.75,0.3,0.7,3.41216722660876e-05,0.0038014056451549367,0.015541714418328207,3.41216722660876e-05,0.0038014056451549367,0.015541714418328207,,,,,,,5579.0
8.0,1.0,460.0,0.95,0.75,0.3,0.7,3.415259224447251e-05,0.0038168853771615063,0.015903447749365234,3.415259224447251e-05,0.0038168853771615063,0.015903447749365234,,,,,,,5579.0
8.0,1.0,480.0,0.95,0.75,0.3,0.7,3.3832483946821647e-05,0.0037824245279857367,0.015674674679531146,3.3832483946821647e-05,0.0037824245279857367,0.015674674679531146,,,,,,,5579.0
8.0,1.0,500.0,0.95,0.75,0.3,0.7,3.2945168363892046e-05,0.003726988606783921,0.015320749408948894,3.2945168363892046e-05,0.003726988606783921,0.015320749408948894,,,,,,,5579.0
9.0,1.0,20.0,0.95,0.75,0.3,0.7,5.812951342447602e-05,0.005245805799257234,0.022746685289384762,5.812951342447602e-05,0.005245805799257234,0.022746685289384762,,,,,,,8323.0
9.0,1.0,40.0,0.95,0.75,0.3,0.7,4.8613790178592924e-05,0.004778673327195079,0.01983921358946241,4.8613790178592924e-05,0.004778673327195079,0.01983921358946241,,,,,,,8323.0
9.0,1.0,60.0,0.95,0.75,0.3,0.7,4.2179691885357e-05,0.004321699217637813,0.016892907327697413,4.2179691885357e-05,0.004321699217637813,0.016892907327697413,,,,,,,8323.0
9.0,1.0,80.0,0.95,0.75,0.3,0.7,3.935621303611045e-05,0.004094812875680698,0.014873540309570318,3.935621303611045e-05,0.004094812875680698,0.014873540309570318,,,,,,,8323.0
9.0,1.0,100.0,0.95,0.75,0.3,0.7,3.758715770063372e-05,0.00402936888886174,0.015090152819433333,3.758715770063372e-05,0.00402936888886174,0.015090152819433333,,,,,,,8323.0
9.0,1.0,120.0,0.95,0.75,0.3,0.7,3.727377171591418e-05,0.003963811485708611,0.0145700936370617,3.727377171591418e-05,0.003963811485708611,0.0145700936370617,,,,,,,8323.0
9.0,1.0,140.0,0.95,0.75,0.3,0.7,3.8018416801780584e-05,0.00407639713308335,0.014946274164248423,3.8018416801780584e-05,0.00407639713308335,0.014946274164248423,,,,,,,8323.0
9.0,1.0,160.0,0.95,0.75,0.3,0.7,3.6650192714045164e-05,0.0039230242288264645,0.014920854975997879,3.6650192714045164e-05,0.0039230242288264645,0.014920854975997879,,,,,,,8323.0
9.0,1.0,180.0,0.95,0.75,0.3,0.7,3.547233421242034e-05,0.003896511939043346,0.015008682650521228,3.547233421242034e-05,0.003896511939043346,0.015008682650521228,,,,,,,8323.0
9.0,1.0,200.0,0.95,0.75,0.3,0.7,3.390571793387703e-05,0.0037758670744395847,0.01425862647547799,3.390571793387703e-05,0.0037758670744395847,0.01425862647547799,,,,,,,8323.0
9.0,1.0,220.0,0.95,0.75,0.3,0.7,3.516702411395818e-05,0.003865651806509994,0.014876321826432023,3.516702411395818e-05,0.003865651806509994,0.014876321826432023,,,,,,,8323.0
9.0,1.0,240.0,0.95,0.75,0.3,0.7,3.450643994233249e-05,0.003827117311227256,0.015252523363223462,3.450643994233249e-05,0.003827117311227256,0.015252523363223462,,,,,,,8323.0
9.0,1.0,260.0,0.95,0.75,0.3,0.7,3.4785850156567886e-05,0.0038406759040239794,0.01533807319030244,3.4785850156567886e-05,0.0038406759040239794,0.01533807319030244,,,,,,,8323.0
9.0,1.0,280.0,0.95,0.75,0.3,0.7,3.4606520750207536e-05,0.0038138791192752286,0.015314321280686398,3.4606520750207536e-05,0.0038138791192752286,0.015314321280686398,,,,,,,8323.0
9.0,1.0,300.0,0.95,0.75,0.3,0.7,3.550519022142917e-05,0.003900268879788736,0.015783483337508494,3.550519022142917e-05,0.003900268879788736,0.015783483337508494,,,,,,,8323.0
9.0,1.0,320.0,0.95,0.75,0.3,0.7,3.375554096100917e-05,0.0037829486522261966,0.015209693553683444,3.375554096100917e-05,0.0037829486522261966,0.015209693553683444,,,,,,,8323.0
9.0,1.0,340.0,0.95,0.75,0.3,0.7,3.3507677179970996e-05,0.0037691835386486528,0.015710520787271285,3.3507677179970996e-05,0.0037691835386486528,0.015710520787271285,,,,,,,8323.0
9.0,1.0,360.0,0.95,0.75,0.3,0.7,3.364368854018063e-05,0.0037815409876702814,0.015304331984572444,3.364368854018063e-05,0.0037815409876702814,0.015304331984572444,,,,,,,8323.0
9.0,1.0,380.0,0.95,0.75,0.3,0.7,3.4595826845856496e-05,0.003823350515484481,0.015506415413032793,3.4595826845856496e-05,0.003823350515484481,0.015506415413032793,,,,,,,8323.0
9.0,1.0,400.0,0.95,0.75,0.3,0.7,3.461018905141246e-05,0.003835192861841452,0.015752175003592647,3.461018905141246e-05,0.003835192861841452,0.015752175003592647,,,,,,,8323.0
9.0,1.0,420.0,0.95,0.75,0.3,0.7,3.391297889476699e-05,0.003780162286620237,0.015471357109972956,3.391297889476699e-05,0.003780162286620237,0.015471357109972956,,,,,,,8323.0
9.0,1.0,440.0,0.95,0.75,0.3,0.7,3.3076511084107076e-05,0.0037442635636311954,0.015266690237401527,3.3076511084107076e-05,0.0037442635636311954,0.015266690237401527,,,,,,,8323.0
9.0,1.0,460.0,0.95,0.75,0.3,0.7,3.3895247136562815e-05,0.0037972670414649083,0.0162669720270792,3.3895247136562815e-05,0.0037972670414649083,0.0162669720270792,,,,,,,8323.0
9.0,1.0,480.0,0.95,0.75,0.3,0.7,3.3337491717375926e-05,0.0037588518402685905,0.01535185510179626,3.3337491717375926e-05,0.0037588518402685905,0.01535185510179626,,,,,,,8323.0
9.0,1.0,500.0,0.95,0.75,0.3,0.7,3.264399584738106e-05,0.003698409867519795,0.015281296681335607,3.264399584738106e-05,0.003698409867519795,0.015281296681335607,,,,,,,8323.0
