0.0105401407263086
0.07162497377762334
0.03623294869123184
-0.013158689312394056
0.0028840573172739248
-0.03773852408055278
0.011390472555500963
0.04472951255018476
-0.03420064580655913
-0.03698779483596715
0.03406024181482836
-0.02646066467708863
-0.014561805141761308
0.012725462101764062
-0.0030779326699450493
-0.012322718683732248
0.0067268641187627765
-0.05146552749293232
-0.021091460757802327
0.014465699030031143
-0.014794523184981312
-0.05751053905389414
-0.051363806558531344
-0.0018000772307997792
0.015631287121346205
-0.020325254998202258
0.016831148979608912
-0.013731704305901093
-0.006978061708282635
-0.034446573704275174
-0.011274844388095229
-0.003986043251464011
-0.025359260436386588
-0.018528152948898313
0.036915066626538984
0.02316946646533591
-0.0018744867812001687
-0.008896142310618416
-0.0015607005779489924
-0.00923807029390833
-0.003329833438915575
-0.025625389780299823
-0.016597556292699878
-0.00027296951363986466
-0.04437923353710049
-0.005784589658821115
0.0012242276800091823
-0.0087988740817031
0.011085040872995222
0.03334492798651745
-0.04194205954569208
0.007074358323386765
-0.014896876757271471
0.019600199210902947
0.001055027891163629
-0.0062162254340214496
0.04534498983448865
0.044421050417027264
0.046142310838215295
0.024637422942935583
0.015138079287787765
0.04570653796110902
-0.0019304051509871911
0.011814556282709443
0.06337148245997737
0.0292860072452501
-0.00759888600564862
-0.024251630418667514
0.00387973351949622
0.006517031277536223
0.012008215667373534
-0.056777549983982656
0.03406068837015663
-0.008268026087923097
0.0026155235369111907
-0.0022976501599365484
-0.01593845867901056
-0.014325603245072926
0.01997490889043485
0.01698953658888991
-0.02296860267674905
-0.0038935579145893406
-0.019225730800350505
-0.006131730282354031
0.02982793555870833
-0.01988582047375287
-0.010030341490927519
-0.05295404943102966
-0.0004986732456302434
0.017601014501235746
-0.00569100301870229
0.004923698080760541
-0.013949343075242204
-0.020916773358554686
0.006606936748600134
0.001840233608915387
0.010980081195984148
-0.014977155969652767
-0.04270227738443966
-0.04270105907120225
0.011746759025049514
-0.00987075402629456
-0.00653843069542015
-0.004201034634640166
-0.023253738853509898
0.031741023776364674
-0.008487284922854776
0.003313295568541985
0.0012676438711110016
0.018704863456839416
0.00947414736851826
-0.012393785133624657
0.010014735186037349
0.012231143101541608
-0.0012775084224259103
-0.008455973647381931
-0.014469783111621393
-0.05328816197235087
0.031282721506383115
-0.018444150984183505
0.003885430813258761
-0.016308342204762738
-0.022014077979770175
0.0030487118746207464
0.004604888543460195
0.0062530390447483875
0.008937565208494203
-0.010917419743388113
-0.0009933222344775672
-0.041563197324491874
-0.007251546392101904
-0.021340342813622293
-0.0013378354265212167
-0.01188526625177655
-0.0039772418455372716
-0.014663358264387139
0.00977181600912802
0.0175600761515895
-0.006116924809681734
0.0324657129107635
-0.004469074898943326
-0.0011244916115189518
-0.010088972948640862
0.007669498825227716
-0.005698416098766312
0.007635072516083419
-0.013907773849854976
-0.024276219343370542
0.008531214238447049
-0.024833725460846612
0.02137181408918387
-0.0034897293586286793
0.011069833407887586
0.04335995972937079
0.07020225378633427
0.041117675221478134
0.0238523495857339
-0.052399681456371194
0.020336905308760755
-0.011736733546842792
-0.012835972416084473
0.032184683371401235
-0.011653094371666839
-0.023638328795254182
0.016067923249491134
-0.010389103197429694
-0.02020949203307376
0.00040280832867845007
-0.03681360373529685
0.0072432379728790686
-0.0057848938157540886
0.0007273397812981308
-0.016893829345154376
0.0024110789583411396
-0.009264895299557097
-0.017543309039099952
-0.03424292570496812
0.024217812704565134
-0.022836357919374883
0.007011797813736731
-0.0047762639665323015
-0.024339555274925484
0.014801860515445409
-0.01570985683595927
-0.019900509667682087
0.0465180765377422
-0.01178525020315968
0.003673812086995021
-0.0008719024849921375
-0.0028019096020028833
-0.009053676975045555
0.0007169534965494329
0.007633412422921815
-0.004777375944015283
0.006708747350632649
0.0017483698407718684
0.017274867472658606
0.011908287057404543
0.06615364269561619
0.18560612046048597
0.1055764697152517
-0.09976763769557628
0.03104977806609055
0.008971972490380509
-0.025394673670417145
0.00425059412526041
0.027834451853812947
0.04136324246258294
-0.001992010799187316
0.07630007680898876
-0.0360719463055994
0.0003368974506878786
0.004289363084110764
-0.027317930508840682
0.005925174979269254
0.02165943928489833
-0.01657502596008964
-0.02165001183228421
-0.027025481745603486
0.006152672153672878
-0.0006113595687082807
0.006150614739753202
0.008807098313381445
-0.009184253770783357
-0.001814919508060786
0.006543308453290653
0.007841332938130385
0.002849759496568627
-0.006013629943701471
0.0017687225474958268
0.005916810554638996
-0.005622722524506241
-0.013510980679867224
-0.004190225735097197
-0.004308359688559804
-0.005446257997306692
0.004052301616148224
-0.001398444978323088
0.003101562776277156
0.003539627348558394
-0.06537859260694034
0.031025017844162228
-0.008797623223333328
-0.006738672772091725
0.005042539071943963
-0.0007654266814656197
-0.04991999825807403
-0.015949910539384327
0.01795061257939201
-0.00622277621241496
-0.0024173193986021246
-0.013991640295925922
-0.011568340723854043
-0.020208283271856864
-0.0282658133255258
0.01823899598161649
0.03064626701987727
-0.012084771048669118
-0.025899979794266947
0.01096174283726059
0.006080222058236995
-0.021777309898502573
0.00462319665327815
0.0002242677467356735
-0.0049608424144689245
-0.020786941018895444
0.004849859404147061
-0.00616030870481854
-0.024290517657514332
-0.028820141171850278
0.015105113432876571
-0.021352108624573596
-0.011223420264645512
-0.014413592523157437
-0.019285368818592552
0.02361679915621817
-0.015799588082784144
-0.031989899081926065
-0.013519352271130991
-0.03316573714127857
-0.0032263048393668114
0.012414325743212107
-0.013495108918755605
-0.01917400783461254
-0.016129500300535504
0.011581872549815131
-0.04217435633471922
0.0025115895458922566
0.03119971900275864
0.0007762191197770996
-0.014589566044861169
-0.00342203679785813
0.006220078113161609
0.008678289305414921
-0.023470247301919933
0.006343165264659056
-0.010901641562982789
-0.0010427243470148007
-0.00041779174160305743
-0.011220515670470999
0.003205139875211316
-0.007299238741499625
0.007299238741499625
-0.006434110005409721
0.02620182194055376
0.07251937115653195
-0.005194972013801369
0.031898394168165645
-0.012979692775784812
-0.021890339548074067
-0.008680864016145318
0.0016075076289028267
0.013687989389101318
-0.01816806297248519
0.0003601115313318637
-0.011489459637049393
0.01112934810571753
-0.0037993094293162777
-0.002734286987251977
-0.008307692934866662
0.011768225044372915
0.0001813716801901677
-0.011204666041230382
-0.01882332424139621
0.0009704908662073741
0.01034539523108613
-0.00418508652626759
-0.012999733235123934
0.0003937393577975179
-0.01685233899565608
-0.0018450111945913505
0.00020538873965358917
-0.010811143737909479
0.009783227324541066
-0.004760006232238823
-0.0035521036085359725
0.0031357138528584905
-0.0060829489865383835
0.012902845448228284
-0.009117203718444156
-0.008030978388300802
-0.004071875451955975
-0.003675902548784027
0.014730495001753496
-0.005704752914843514
-0.0006385119727512212
-0.0036360745231576175
-0.02338564651245667
-0.007775885651287506
0.007549159213403378
0.0015846050278849333
-0.011911776796027507
0.0016226660848470686
-0.012201403828852708
0.008250075425423109
-0.004695121208380115
-0.02054070220769333
0.006874222373511429
0.022544244754737708
-0.010296256596090014
0.002126003885071448
0.002350084099823846
-0.008520492010863023
0.011789390641043784
0.003244477601300755
0.0002308235408592374
0.006868268848843062
0.011874666771364062
0.005926779376234759
0.010127891690459911
0.006343264887594735
-0.006769461665570464
0.006769461665570464
0.0008388114281259185
-0.023236747382415324
0.012847953456316397
-0.004746435024462148
0.0
-0.006116924809681734
0.0032876347908175063
0.0043451536238139354
-0.0006490080638501539
-0.006543988432790027
-0.002866640651602914
0.0030863697136660484
0.01148936859954075
-0.009516793753850727
0.0023988207113401216
-0.00152498846099558
-0.0037259911575158178
0.016414873149003917
-0.0038320349963880673
0.005735447021607332
0.00042184994273908316
0.011443151341907765
-0.004748691515824355
0.0039265531124197395
-0.0047577389774318135
0.00020794565008408483
-0.005018383987888786
-0.006355642431181252
0.00424741265084938
-0.002118513868727412
0.004016380611813197
-0.0014754012604498712
0.010224075154743772
-0.004977641674950295
0.007034938188630768
-0.000821749501373592
-0.00475547388146591
0.06905034514440533
0.060335307974012764
0.054466589958454215
0.05057731793290676
-0.002430305625250373
-0.016137404539939837
-0.003683174576093684
-0.05110469529223094
-0.01741801876957272
0.02467421330845987
-0.041731448421816086
0.004788641415875539
0.011371599612197691
-0.0016493164310595887
-0.010645005515291128
-0.0018513469537886351
0.005530531529512217
0.01764938074896083
-0.009183922677386658
-0.0021009449219437926
-0.016089658224692993
0.0007798430572765191
-0.007386405892916059
-0.013359008410110285
-0.026277862679775055
0.006890973319866767
0.006951572880032231
-0.005927292966786624
-0.014035872703902275
0.005425470091635187
0.0072441585223743665
0.005777085336624577
0.014931380228594193
-0.0026172251375928823
-0.008114794564339167
-0.01237776428232884
-0.008160080414635562
0.0
0.0007004751226662442
0.007459605291969318
0.027974970956830436
-0.020641334014694923
0.016265125681024895
0.04937507752628756
0.032485754081485574
-0.017903068384163223
-0.030425420542219417
0.016423925272087025
0.01357950869581126
-0.021491975204328995
0.015683350446094035
-0.019992894781894144
0.0028283202467918045
0.00618747516225282
-0.0038199354964341126
0.003966187217601558
0.007825337511956576
0.004002742453673935
0.002270825994100445
0.01951436181856092
0.019322807409506648
-0.000518096669739343
-0.004559905957035593
-0.028413070485695968
-0.01783947535990915
0.006363402955857023
0.012593229243613724
-0.005756047975723266
-0.006550139299805302
0.002717478043450683
0.006790410363325172
-0.008075517445083502
0.010455219190438125
-0.006894824746461303
0.0009917020695806578
-0.0007081274712565921
0.003810244102738558
-0.004235675465970257
0.003954578704115974
-0.0029625530245072085
0.01392981764051271
0.0009585567105383497
0.00638180645520503
0.009070361866775123
-0.005579877380836873
0.004522556147936729
-0.008282705021243508
0.011709629184678327
0.007677615507579283
-0.01322693598743907
-0.00859485281736827
-0.008768388332363042
0.0034462526648049163
0.007756679780107856
0.07021001214026068
-0.033377861533414155
0.0032096952604199203
-0.002343210329032175
0.002343210329032175
-0.02350159545925523
-0.018026405008337854
0.010694156387150322
-0.0035799167783974184
-0.02833060680060484
0.009140418761680369
-0.038687656083465694
0.01700408501417794
0.018471215827142284
-0.005785974697098517
0.011219079971656498
-0.008669398586309551
-0.007263333282266693
-0.013417820860078589
0.006323004095478257
-0.0020485626752693165
-0.005609592031862842
-0.005833559310044922
-0.006982864925936472
0.008636176942000251
-0.005586343608503963
0.004384559425769208
0.015514805311703128
-0.013563591293467514
0.0010470338714716476
0.008872514546414134
0.01580994993061635
-0.02200162582925902
0.00794463279684443
-0.010476101028043416
0.0011931174589370208
-0.0005961490049375406
-0.004346728252791809
-0.0010557606773629047
-0.007463073221325445
-0.010574108010334093
-0.005066562537555441
-0.006417471508461503
-0.0063496856655063105
0.014991054771836154
0.009559095410257346
-0.0006204207939468631
-0.020824694465932492
0.004857930763014995
-0.0056728953142348715
-0.0049221661967386865
0.0024680563594303706
0.002127695329718904
-0.008407557530846432
-0.007556058253440856
-0.01446634002056335
0.006258955947014755
0.0
0.003438612436463817
0.01663137033887052
-0.009834760860790936
-0.003385009201411826
-0.00033995655896612575
-0.013996776566099545
0.008693134156277704
-0.0044987081662268835
-0.0033172403113033155
0.0
-0.0019321525503084302
-0.008174360048003315
0.008702163817932984
-0.0051291738424770195
0.014177302819874171
-0.014355255898333752
0.023893086678655084
0.02392419022336334
0.0057019788244701
-0.013260710878284954
-0.009844648547051804
-0.001163215301600129
-0.012320040116549968
-0.03177666646266042
0.06234432010824564
0.007121038273635971
-0.007440255106753391
0.0022296061976048165
0.0004762871783201561
-0.003025345013648373
-0.004497172394067217
-0.01078844929878553
-0.008186597326412581
0.004530058848357665
-0.019806167919941498
-0.0001747312362754272
-0.002629439809684886
-0.014844534252911323
0.0021778289610763224
-0.01641826807568636
0.01804450269364244
-0.007274784534904821
0.004742448019509737
0.008621513538471959
-0.008440141858281791
-0.020799606260346604
-0.0102010484420747
-0.0023433212350192356
0.015010341912794267
-0.0032275585455598943
-0.006915051597407906
0.007486366499227959
-0.0026725898613269017
-0.012628553070101134
0.006845585041563407
-0.0011658919267900636
0.00019453280589676325
-0.00038915278760009997
-0.007262947045145296
0.005311935309781468
-0.027650843920987267
0.01776210882693352
-0.009914443889098568
-0.0034932793936346407
-0.006443348118664982
0.01562970786258333
0.0022163069676359726
-0.01534046279272916
-0.0006250341427662676
0.004975265660354111
0.00020607093240876395
0.008365808950934639
-0.007336918439130091
-0.004337816857076682
-0.004591334738318853
0.011184166952513674
-0.007216072429122811
0.004138139759177761
-0.0002059731989776381
0.003692653646769184
0.013079117373427263
0.0013853105267664922
-0.0019803704260787924
0.0
0.021113677533632913
-0.012661424911188046
0.008672687439195581
-0.005762505797594297
0.026078631450693557
0.009188900584705006
-0.008642961503506186
0.013606381035056181
0.011822997852929618
-0.01625190103158669
0.0010670631459084312
-0.00824861549180822
0.00611186096298777
-0.01804125722146699
0.001486039026992625
-0.0013000058342131915
-0.006370266233487687
0.017207527401748468
-0.001271727063637318
0.008468154887291579
-0.003943270425932344
-0.0001800930906599163
0.0030514720257661665
0.008151012889881848
0.0001755079764858003
0.006444431795570971
0.015120717130713945
0.017187440065731696
0.009053092654907058
0.05789369697570601
0.009255137079069442
-0.03753154931041314
0.010301103671982226
0.0014314267470871833
-0.0073501069365820015
0.015280060212775837
-0.029012085292681622
-0.025963430121825226
-0.0004780347008823682
0.022372043755015003
-0.0386153162921401
0.00608104384776631
0.006158010005127945
-0.01257019720245145
0.009015683832867438
-0.0016253554970564466
-0.011551066060573767
-0.036437627171971076
0.020252982900069494
-0.002786181051774861
-0.0394752671125036
0.02490860613757917
0.0069890036427349145
0.014337915481243524
0.004619287594444632
0.0015289084193050861
-0.001699119858639797
-0.012609156569745483
-0.04599123355980694
-0.004110999423076134
0.020364285558569062
-0.004527872275842615
-0.17203284362146842
0.06017062764338732
0.009705308507377719
0.03612578505015218
-0.09652380179371756
0.0165027412096852
0.0429344466421826
0.016746526643859116
0.00734165577232071
0.002947454938859728
-0.0020384133052306908
0.009431791704589632
0.025661990321136585
-0.01861088494320695
-0.0052775675098089
-0.03237192696302671
0.024107910151536238
-0.04686128951459301
0.039584981393332
-0.013034467617162093
0.014865005551302435
0.005671202054057911
-0.0009024304169731323
-0.008437595837170075
0.010465433678164882
0.008459104082118252
0.0054766738611742305
0.0058382512322152635
-0.002153174871092567
-0.002597980719908577
-0.005243055412372133
0.012350438386429463
-0.015438375594108766
0.010497054376559234
-0.006750263214093
0.012331979458325204
0.004667596761692927
0.006700915684639597
-0.002709789575954691
-0.00589453813390417
-0.004688209708186175
0.002350430977398954
0.005084481277090269
0.0010518156797902911
0.010585479144177956
0.057170974177628064
-0.012213913171488233
-0.01010032690432583
0.024644824931850273
0.006213188687257176
0.00490733449474412
0.005024807689314237
0.003944261299930307
-0.017238243516737306
0.0008872209048935709
0.010680628348390009
0.017126459890113743
-0.001499004493800804
-0.005541044777940929
-0.008532582549750423
-0.014366839499181161
0.011947365375768015
0.0015569227338150249
0.013264527377405244
-0.01361002817677548
-0.007671398660643369
0.012141610941789782
0.0018774795602327643
-0.004795098196892056
0.0010319873732842488
-0.0031033481293092358
0.0024156290910588574
0.004280484897170478
-0.004624753232204348
0.0029176186366592916
0.0018774795602327643
-0.006002191042008942
0.001034856284499952
-0.004850567172672626
0.02306830760258949
-0.014273479129986555
0.01608681989345495
-0.01472325682070652
0.0035591161612220645
0.016071475154228576
-0.01137090916870287
-0.0016729392100476304
0.0013388665151876644
-0.007245430014649834
-0.008926524947970638
0.00875657993233947
-0.014693951211065759
0.009908288660248843
-0.008503939879870082
0.00262097646372883
-0.006493916034643554
0.004048164298691592
-0.0005258864197412727
-0.005116670996291095
0.0019479091986460695
-0.001770465076911698
-0.0021341295126857673
0.007248722624999537
-0.000526311292735393
-0.009046281155595803
0.001074100667624478
-0.0055783360423005135
-0.003454736725563734
0.0018217077126116976
-0.010860228723859056
0.009038521011247358
-0.004772514861244748
-0.00426600615000261
0.0013027913662080337
0.0012988949538259575
-0.003908397545817621
0.05423667514168251
0.07149589064224804
0.1847289346983878
-0.04132866162628579
-0.08851602358608357
0.03380275888081741
-0.018413954294623114
-0.06181835483073961
0.01840904950467248
-0.028265604327132543
-0.014273203162987524
0.009046633063460874
0.0571740328703223
-0.012897028406988476
-0.02049682831695332
0.009580413827854795
-0.0010541133376551493
0.0014487471511817063
-0.013622899547281797
0.011117474303270924
-0.003985599846563215
-0.011084369955273843
0.0025936255479441783
0.0033892358829032965
0.0020209179412304934
-0.003373439999518002
1.227634942943213
-0.0008831206113462109
-0.002256080304223973
0.06340094129690077
-0.03321158176131367
-0.015495724504455577
0.014363864385287695
0.018055045229221856
0.031044230735582046
-0.03946034471259319
0.022113790195869676
-0.0017592768200140885
0.01565069750917969
0.06512592739315726
-0.020499004754905847
0.12361715017237529
0.1097391687329915
0.1788320482547603
0.3013862180887949
-0.1117294620296167
0.0574350975601709
0.10350390904801449
-0.1113757120380875
-0.015474815545508669
-0.06891455465863561
-0.019214437784827676
0.03457483540447159
-0.031456632669357054
0.032739156988364826
0.0017573094791514254
0.0749355961618256
-0.025700491760166144
0.044988146724578904
0.06307949353369424
-0.01987055085786682
0.0720946304043793
0.0866130480987623
0.08442994475240781
-0.05145131467237876
0.07414567344594486
-0.03446822434231617
-0.047823537885803485
-0.10238832945599716
0.04037510854538623
-0.10043729722528733
0.09805952569478749
0.05663209806487002
-0.042471427557272734
0.005942354970283281
-0.0237387942890126
-0.01036336452270531
-0.1575679551869011
0.08107787431237756
-0.04644687582228302
-0.020699360186991922
-0.047297718908119235
0.07650705420966414
-0.02390991793714664
0.008445226013636287
-0.024541510908304365
-0.030177085972277418
-0.011736492180210334
-0.0012919032290246157
0.032667033291592706
0.05550132653023865
0.058534329571613974
-0.024250894246469257
-0.0271837292058964
-0.005226230118634212
-0.0004676118695669529
-0.04911042734792298
-0.006731336267143173
0.02153753244508061
-0.022069919250216397
-0.009696279562997734
-0.009639144485815487
0.01679763575535237
0.004530882575884743
-0.009786954424559124
-0.017429442416363294
-0.002406069765878427
-0.018705608043144473
-0.010649785309392534
-0.00889790217928721
-0.1963167877744012
0.02874363683628356
0.09117288226009812
0.04954790835402878
-0.0440388135692531
0.01312059114987374
0.0332204325612766
-0.012984857436367792
0.010187724754408434
-0.015116183035333575
-0.017081198076932647
0.0015969988729407358
0.0021202376460104366
0.00035236876732502864
-0.027817439489093543
0.0055966558263433885
-0.019330432061901548
-0.03426175764160866
0.025847589194019194
-0.012223165923402335
0.004246918182822412
-0.01577936013526493
-0.017459286093509996
-0.005245694155637803
-0.028160681209575045
-0.031877971845355124
0.03631315962894999
-0.012247727650550266
-0.020294399759056114
-0.007575095798376008
0.047714404958503875
0.002049099653060882
0.008101064602515473
0.0050976717368464985
0.0019785659820878987
0.012752035516608862
0.004449994591013362
-0.0008441100459152251
-0.001693158019445029
0.008400542026431479
-0.0018760049987553984
-0.007161176988108586
-0.00234236375663488
-0.016094877230249716
0.01180339486112314
-0.0010795294693499713
0.00813790591425645
0.10685179955223134
-0.03757748215770962
0.0285258607897525
0.001690521721588012
0.01230943819929442
-0.000985167489153893
0.03579773496748995
0.01076447626107091
0.0633669245887401
-0.02725517845385561
-0.028500053801762293
0.005479219527430801
0.02056795650373855
0.012924782204561835
-0.014156435885622098
-0.002749578553756682
0.004117867278229048
-0.04169333901717143
0.005677132891690584
-0.03749181029233761
0.040302787626166015
-0.013023074668169099
-0.00735590454987145
-0.014137415870881131
0.00994430229984411
0.024719536172569168
0.00014739334331315135
0.002204918335264483
0.0046667418218439005
0.021368853774254126
-0.007381164535000484
-0.08421054028267216
0.003566074433200561
-0.007333636942135402
-0.02259334842102645
0.0025291763437998993
0.016437114160938404
-0.025906383652796627
0.008567682118230446
0.012630383582011073
-0.009931217144104165
-0.004145610678902956
0.0028880869985005164
-0.015567777226649704
-0.04827177390719384
-0.016350342140001306
0.04886237943795346
0.0
-0.03043307458261546
-0.0018706180330472222
-0.018510575419812825
-0.006791123970626756
0.004174884240025656
0.01207649359152907
0.038054330729346275
-0.00826128544260063
0.006112758775504101
0.036775723948189176
0.018490901736782694
0.004288939478263254
-0.02008959217124573
0.001784285508599992
0.004957349176005432
-0.03252335681519314
0.004529840096076487
-0.009875070425259702
0.012309148047069951
0.0
0.002791703304194759
0.005896324520714646
0.0009141120653337609
0.016836616134105475
-0.0029969699577909736
0.01597744850462779
-0.021496329469366526
0.0035685860762680877
0.01174551114240574
0.04074754912690859
-0.017512303542599916
-0.015351230270895577
-0.03206711406545015
0.10116801455137536
-0.01743914075302988
-0.029640207756822745
0.017715850947347733
-0.013378492531865072
0.003819397121607726
-0.008156755537090388
-0.009301420896339896
-0.003643987283123762
0.0013286266022878301
0.007724646652608191
0.024696864340488567
-0.013599678748879351
-0.029226602643114163
0.008410303141993425
-0.0016690815390262292
0.002833633615222819
0.0023197776432176687
-0.010030341490927519
-0.035029958674050565
0.0016467895599077131
-0.030642094226280614
0.02234498273736052
0.0
-0.013614176448393023
-0.012470505424849399
0.014004438964425714
-0.018574956134660203
0.007918076792428286
-0.039611303027400124
0.006611042924474675
0.005468186781380058
0.014994867166303938
-0.0012131138667195174
-0.010658068182056613
0.00041479896362761615
-0.020154031638332848
-0.04817696468408805
-0.01808273581897668
0.01638104801443807
-0.004406633451513264
0.00659329560226507
-0.024937646623101717
-0.01302720591958273
0.012256496787586668
0.0023080363369252233
-0.03293295788488804
0.08425595903196703
-0.02334223674095437
-0.008231022508756958
-0.01847277984270046
0.006077689604857661
-0.008891978864454031
-0.0033496625649559464
0.00845306420308567
0.011762079116326873
0.015520829197514963
0.019791701713100074
0.004077912420439422
-0.004077912420439422
-0.0022821622768024463
-0.03600330310834299
-0.00853554201742035
0.0007599205471761072
-0.003047693082005365
0.0045635566869546285
0.003516573722837202
-0.01089276273153783
-0.0010273085379266522
-0.02486896217780865
0.0021728349609448916
-0.01544320865477733
-0.00850473291263698
0.0008580071580419624
-0.024084701897908678
0.026364468192807244
0.02135168250121977
0.0257396112217102
0.04662368503944636
-0.007392424984084878
-0.021737172417044648
-0.02599226445333458
-0.0015631491928781438
-0.011638307412074167
-0.01946359678342502
-0.02569856197476894
-0.039848630950154784
0.013166312402472902
-0.0006330824472424723
0.015556623137957026
-0.0012242276800092933
-0.009920076846993031
0.009920076846993031
0.004269783512315994
-0.011688517335812887
0.006191045424595143
0.0036727024959702925
-0.013621185765897659
-0.004107581194533916
0.026478309138921685
0.007110027535787822
0.014733051353513216
0.04270759717680506
-0.02790860342746737
0.0027365842399924567
-0.017535577989330142
-0.01827351510721098
-0.010797932840047375
0.03302988859808653
-0.025502932741222173
0.01177819933852231
-0.0011635492074538734
-0.027039508167219894
-0.004048669166938468
0.004668204909523799
-0.011289156460537741
-0.021157530335649044
-0.00033368767058694626
-0.0053741688942728905
-0.01618248298321423
0.0038417936900363436
0.012002585358698914
-0.019720461005830137
0.022417950932061115
0.011935561372933279
0.003582501980010311
-0.01551806335294359
-0.019595556063380815
0.0035023938360705387
-0.008809520757006917
-0.020406850360878526
0.0
0.01719116282918265
-0.01644559272005708
-0.0011188356945468492
-0.0029977305002852894
-0.007968929671275271
-0.004233298295430066
0.0046161052676837455
0.01058385319930688
0.003347896953623475
0.00515707734617199
0.017582268567440718
-0.013935777943292482
0.0010880034464566535
0.01214389349688294
0.01827789199247154
0.029061729578078288
-0.019707332942519584
0.011738403271244202
0.02621538283677516
0.009584818973327858
-0.01140576286495354
0.001517982957188968
-0.01291906040529811
0.008961214391010053
-0.004612020141957718
0.017568001884212148
0.004430107933495964
0.057183136229916665
-0.06161324416341263
-0.006279065741900736
-0.0012063743365463564
-0.0006044461405823043
0.02696891433338955
-0.05831689610014423
0.010596989994463124
0.00910372327567266
0.011647268496618901
0.005409966616737538
-0.004503612586413852
-0.002421160176828807
-0.009511598081538342
0.007076864406046268
-0.0012225046268102835
-0.01684974408069917
-0.0015937430065573466
-0.0015996131597929564
-0.011036477595897431
0.08403070473961771
-0.053563672106684446
-0.008355049993365338
-0.008837692677328812
-0.0038433390817601554
-0.012731076804921804
0.002642103856280942
-0.0016494303226033402
-0.007332851564696541
0.020997175871979135
-0.02335656186373114
-0.005099406711356447
-0.0030886343828753215
-0.0010344454638314682
-0.06706188025853022
0.0008049946362297389
-0.11507882652467472
-0.009431188941303903
0.04792675013826231
-0.012259125932307047
0.020667386740194527
-0.019091356044748542
0.009578447355293562
-0.025296247510965708
0.0030983072050045912
-0.011747416313517833
0.0022819442521759825
0.007385440778642227
-0.006920152913515221
-0.00493669399137886
0.003020647739087945
-0.02576489878599464
0.01109174887506792
0.002195439452240544
0.007098896842953506
0.024268574726936665
-0.007063483685432859
-0.030923884477707775
0.012719265994077356
-0.007919191189160513
0.004057359642621217
0.000743291470758578
0.0016941900579141578
-0.002756424858970652
-0.009678871156030944
-0.0026178824880853657
-0.019752963577614358
-0.03244017922465958
-0.030536433092083426
-0.07438963611129257
-0.01486141575583022
0.04629362656961278
-0.026666992866095418
0.008005654924512884
-0.040920054161130315
0.07232497084938161
-0.013987452260169286
0.04565489496519515
-0.02637841311704503
0.010114828603901449
0.02913154775099769
0.0034442686066318284
0.049710105141694605
-0.02736065650290076
-0.026947903761789016
0.01638090397234193
-0.04346894800801926
0.016625742382983644
0.00626868051808982
-6.483458725226043e-05
0.009428309266160673
-0.001907592299316363
0.0006367955421013871
0.013839983132429845
-0.009597370069232669
0.004762873223616015
-0.014964034695820638
-0.029700646953598753
-0.019352256504688414
0.0030229436335720283
0.008593139848608544
0.011861210986276793
0.003407852403606082
0.00304436976611
0.009601005892216463
0.02454873814400882
0.009126501307027635
-0.007385091914784869
-0.015286520554091299
-0.0018684903794325969
0.007997104540766742
-0.026531045829961686
-0.022045929218867943
0.02893167826935006
0.026562963020884567
-0.0032564410768949337
0.0016312727254101933
0.0031199450408969653
-0.010445720005567427
-0.004803128827947312
-0.00019323447789454384
-0.006229341860040538
0.019302313595604526
-0.0013775211378692642
0.002189461874075871
0.0033565219349216413
-0.00485667707732973
0.011675784212393792
0.0007308280763809183
0.0019428836291075502
0.009882325238547818
0.03796617433958982
-0.017098455796676237
0.046417319854284544
-0.028830801280746776
-0.014045367476997583
-0.0576242327300287
0.011294122670909346
-6.228676696284907e-05
-0.014890831085277112
0.007540911772853098
0.0015809791099796744
0.0021409369708766945
-0.024749691445631106
-0.01632903831548793
0.005352409284343773
-0.0016398804200652428
-0.013911967286091897
0.006106544231305966
0.0005572343756017339
-0.006451772509505682
0.006312530930274063
0.005191246150232365
-0.006446433387840678
-0.022942160644375598
0.01654036045539975
-0.003486613240106351
0.01640364594291288
0.007772510583045955
-0.008392095428900959
0.0053405953759926295
-0.026877937920036565
0.008246572452615064
-0.012100529521151149
0.002694097973127585
0.013717959089656784
-0.028709123511174273
0.0058956595869879
-0.00208045658647249
-0.011853709961211045
0.018138833865021464
0.029787003256582123
0.0006164578492866557
-0.021179032182267132
0.0009332722435597685
-0.0009332722435597685
0.0017214006955916794
-0.0018651592145817464
0.003793614157188374
-0.0012846846959060354
-0.007716186299074446
0.003767048315473698
0.036307373764837614
-0.00783257521049463
-0.00694559130234218
-0.00782658554019311
-0.006265155882385631
0.006684291654248664
-0.013833333443912688
-0.002385246555496101
0.0008688788798227876
-0.0007964058747478298
-0.012497487588459588
0.004673467655566865
-0.0018485363819733536
0.009019863474786005
-0.003351391596378983
-7.31443339672122e-05
0.0031341350623521613
-0.004086134139239972
0.0029225849317859875
0.0036257889835418222
-0.005889075427044865
0.023438714943442518
0.061342654769467986
0.048871629258591565
0.020853502038418625
0.184153426985307
-0.046728148278369575
0.03309140844038572
0.048140598791077016
-0.036185217932371616
-0.0003370543296097317
-0.006454240929088528
0.0
-0.027914660702174077
-0.018642110056058092
-0.11025611742979635
-0.08368297492891363
0.08812879786390049
-0.032068792254302814
0.04225291449768287
-0.03860511122648891
0.008631713563119092
0.00495706048180411
-0.007764073779786607
-0.0003585612485710321
-0.003292073899582748
0.002111855404738572
-0.043468398191345736
-0.013731495406519523
0.022557665940070137
0.01675714067842371
-0.0008039019051802043
0.040338050380712254
0.006357181181984473
0.06456595347283467
-0.040347650856837
0.029841708412491785
0.016689641814430445
-0.020534871397560384
-0.0066596296687422285
0.00708856252524237
0.011006102196897016
-0.011435035053397158
-0.006790382185732691
-0.018750718095140284
0.0117638903571331
-0.009403588450161982
0.002437580666197592
-0.009281316389386562
-0.020479391488045895
0.005508689685967516
-0.012408568139872678
-0.020355013414319556
-0.019902848943789575
-0.01653924911694027
0.0044429490497188695
-0.03664480873395859
0.013261930667836985
-0.006994946280187042
0.021840637292909415
-0.0007896265482612019
0.003542067968920426
-0.010312499621860427
-0.005307596922621283
-0.009387979316674011
-0.01841636066612473
-0.0024823987672952796
-0.00829407031023388
0.01188893598356544
0.00018513441782452844
0.011807499893867979
-0.013600447130457605
0.012157007556903965
0.0025228796037501944
-0.0014999478953092726
-0.0003607596623642628
0.0014412440723816644
0.017047174225228057
0.009239443162507577
-0.0007907562005990965
0.01712682783737396
0.015953399883742225
0.01740593843889293
-0.0035881868412526163
-0.008092996086032311
-0.0017614258172702346
-0.015214011410641826
0.003320556055231627
0.021087662167554422
0.010444861410734863
0.0006445378504500443
0.004092728784386379
-0.009576947339832609
0.005632822314604713
-0.009513402250818537
0.007776519759040923
0.0001491481264397354
0.012976672890699037
-0.01621973940814847
0.039832852007150255
-0.001143783863395642
-0.018292233915025102
0.010106917533947657
0.01841726602227789
-0.025856577166831096
-0.0014746855660057179
0.00393716223841345
-0.010224786803808117
-0.041412024094056976
-0.003149202569701748
0.006328532155879696
0.002106695772533085
-0.006991232877120446
0.011174212307121234
