4.148545624070187343e-01
2.223343352796715244e+00
1.233646061174207054e+00
-4.271764765808884756e-01
1.524640656485870271e-01
-1.398387399666273234e+00
4.434525412316704385e-01
1.484982858030583497e+00
-1.252136110871385322e+00
-1.367166753370181231e+00
1.167888324516127341e+00
-9.398640616619796662e-01
-4.798564627112302250e-01
4.881344837681125814e-01
-5.814170097611670585e-02
-3.959443244969006459e-01
2.852782095111783267e-01
-1.987308566604905291e+00
-7.293270058513360299e-01
5.459868805228252908e-01
-4.886253454793045292e-01
-2.257761484427570409e+00
-1.982816565657190333e+00
-1.252947938731416473e-02
5.844887455442566715e-01
-6.996826854559954345e-01
6.239173534034354596e-01
-4.486510352294938997e-01
-1.989668843590749747e-01
-1.262230504008822196e+00
-3.569575662055178289e-01
-9.071408946887124514e-02
-8.962734761338434497e-01
-6.305418055865080751e-01
1.254163977599885182e+00
8.287961844052585958e-01
-1.517837132879289869e-02
-2.691230338492592855e-01
-4.013906228826511803e-03
-2.816921208788729647e-01
-6.716377755649215187e-02
-9.067870272403164567e-01
-5.568688986410854636e-01
4.164022424050721483e-02
-1.678979439116643713e+00
-1.556140707632650277e-01
9.439201966143191680e-02
-2.655509773096452752e-01
4.331927486515926851e-01
1.146103925495006504e+00
-1.575072241222255087e+00
2.971769431926801208e-01
-4.924848994288636428e-01
7.141229441592132909e-01
8.844811980543874907e-02
-1.712667452805766988e-01
1.502836598383213484e+00
1.476017333370557960e+00
1.525895632947184000e+00
8.754427211614528304e-01
5.682211084886845676e-01
1.513302523063358329e+00
-1.716957689142677157e-02
4.576750864297134958e-01
2.005584981550692980e+00
1.021208626841000777e+00
-2.216091209863779166e-01
-8.526466760433722980e-01
1.870942751393395165e-01
2.780843334280301837e-01
4.641610222612105319e-01
-2.224598200803141967e+00
1.167901903062503743e+00
-2.460832947247455216e-01
1.430980125370507616e-01
-3.025918665337576016e-02
-5.318598145699519053e-01
-4.709654794993484161e-01
7.262458088624016428e-01
6.291066236620524998e-01
-8.023738464767526946e-01
-8.739077978394840795e-02
-6.573155331269708856e-01
-1.682002863089659406e-01
1.038011265457773558e+00
-6.827258261550177565e-01
-3.108886885083465557e-01
-2.053263931081289240e+00
3.365724671274485796e-02
6.491067462489770179e-01
-1.522242320948727912e-01
2.232397820985989600e-01
-4.568215641234067981e-01
-7.225596516623833399e-01
2.811674576901458944e-01
1.159941694118713923e-01
4.296638419191336489e-01
-4.955132877503303224e-01
-1.607367415731725702e+00
-1.607315575877393599e+00
4.554031479718155251e-01
-3.049993898356038735e-01
-1.829706183246404549e-01
-9.844473402263551054e-02
-8.135220384403084593e-01
1.097012775663693818e+00
-2.541185884800552519e-01
1.674120310069063533e-01
9.591648524900897588e-02
6.850757924222838913e-01
3.788515392363521195e-01
-3.985949197872759031e-01
3.971306232237989953e-01
4.716203347245438438e-01
6.048638091510940597e-03
-2.529706305396361432e-01
-4.763915212364304708e-01
-2.068125500169172959e+00
1.082922749572786447e+00
-6.273232418387566511e-01
1.872919896248226856e-01
-5.458859236714530550e-01
-7.651548017205270780e-01
1.582014365013149348e-01
2.122193133549595545e-01
2.690241548730549215e-01
3.606646578249239621e-01
-3.437005423868002008e-01
1.613374586523695642e-02
-1.559016820932260350e+00
-2.089335393485692305e-01
-7.389775725859365485e-01
3.906128906322739545e-03
-3.796467507158027277e-01
-9.039776649294711808e-02
-4.836819100784293668e-01
3.889221142300253176e-01
6.477694157301641109e-01
-1.676630912332688905e-01
1.119235681512579683e+00
-1.080932545064972466e-01
1.148043650984973719e-02
-3.130534239134283303e-01
3.175129638685173505e-01
-1.524926928739329668e-01
3.163380728746275072e-01
-4.552603801688087648e-01
-8.536128907961969547e-01
3.468630811210666187e-01
-8.755477261405456568e-01
7.712647868955231356e-01
-7.289585495480191413e-02
4.326815513978700678e-01
1.445086083235335606e+00
2.186339981214658668e+00
1.379258842910071614e+00
8.505329492205465636e-01
-2.028651613893256211e+00
7.379385093519925665e-01
-3.741202130508729518e-01
-4.151060286279303346e-01
1.110626052198450342e+00
-3.710097972330730354e-01
-8.285806235140429354e-01
5.988610734041353023e-01
-3.241433338342007975e-01
-6.952124723859818278e-01
6.549399378304554542e-02
-1.359937052260629109e+00
3.029530292404211123e-01
-1.556250900462831099e-01
7.692385278398362891e-02
-5.681344044733729337e-01
1.359597860476379483e-01
-2.826789976047545672e-01
-5.928815558738991243e-01
-1.253870775682618399e+00
8.621394105115323114e-01
-7.972080740096765261e-01
2.950361276193826932e-01
-1.191651322204477365e-01
-8.561021347333841458e-01
5.571112635694778215e-01
-5.232025399196775783e-01
-6.832921250366167376e-01
1.536735858339130623e+00
-3.759250007745131850e-01
1.799447747798217923e-01
2.043875741540888274e-02
-4.826726088773856949e-02
-2.749115618838860464e-01
7.655830842163545424e-02
3.162814131749787649e-01
-1.192052381692983859e-01
2.846573609446384490e-01
1.127764424125901610e-01
6.384458561014676459e-01
4.608149586466673275e-01
2.079830134597924207e+00
4.593435457398467925e+00
3.044956003968545044e+00
-4.351358682918230691e+00
1.075750430846664329e+00
3.618321511517622602e-01
-8.976717886668192925e-01
1.999538984396244667e-01
9.760077472585521052e-01
1.386498873122209652e+00
-1.936387572262281836e-02
2.343407054315358451e+00
-1.329215587062215098e+00
6.317061916992293413e-02
2.012969923955540974e-01
-9.739370493994525813e-01
2.577571283539168978e-01
7.805002031280019459e-01
-5.560128029499221691e-01
-7.509998527246275479e-01
-9.622990817182053291e-01
2.655767931190755049e-01
2.966860466501010721e-02
2.655061098410140819e-01
3.562360960779820673e-01
-2.797125944439288747e-01
-1.305777681109029920e-02
2.789855825128593758e-01
3.233745911216719393e-01
1.512684326900052001e-01
-1.639161683435009231e-01
1.134894534806762667e-01
2.574694710957511345e-01
-1.497519052201064238e-01
-4.403726854733516771e-01
-9.805589205913976814e-02
-1.023066848461414852e-01
-1.433658767036851689e-01
1.930807250789435270e-01
1.753005010220999365e-03
1.600421299186344792e-01
1.752824174138091773e-01
-2.620262590658474000e+00
1.074987639505941006e+00
-2.655050510754747850e-01
-1.902526942685486833e-01
2.273438356863680676e-01
2.421200504213986276e-02
-1.919266668312426871e+00
-5.322937313455610164e-01
6.605172734197590767e-01
-1.715045310948642154e-01
-3.452914847395006925e-02
-4.584103819924797429e-01
-3.678591060339931329e-01
-6.951658077358492394e-01
-1.011759685260352315e+00
6.699166639053399930e-01
1.063309219718814758e+00
-3.870755329338502748e-01
-9.176475867428978139e-01
4.290471101608220317e-01
2.630873525778853472e-01
-7.559466632759774818e-01
2.128526024537055195e-01
5.919881329409753395e-02
-1.258250781357793946e-01
-7.175333191197276195e-01
2.206887470737846635e-01
-1.692373126187938503e-01
-8.541747865435996845e-01
-1.033950806309180015e+00
5.671325271664036105e-01
-7.394340595206039257e-01
-3.550489368358769604e-01
-4.742764445217480529e-01
-6.596082960059198586e-01
8.430424829217540994e-01
-5.265996741194323150e-01
-1.161873038707175843e+00
-4.406865194546415454e-01
-1.209774295772469310e+00
-6.345457433550356907e-02
4.777442740464744042e-01
-4.397777170829165194e-01
-6.553275463161348791e-01
-5.391013333503652527e-01
4.498748390173060718e-01
-1.584929402779375440e+00
1.394699465154555229e-01
1.080367934957744636e+00
7.864392946458124978e-02
-4.809020301999167857e-01
-7.046866017770944679e-02
2.678921951927841771e-01
3.518613019345637194e-01
-8.219963015147224716e-01
2.721184670582019183e-01
-3.431158051137326859e-01
1.438149675848165998e-02
3.651889085427661302e-02
-3.549411444427763018e-01
1.636482627339206075e-01
-2.106728376219269283e-01
3.048674350118615872e-01
-1.791794143531593442e-01
9.248267650881508706e-01
2.246493658607264354e+00
-1.342807807982239476e-01
1.101844526665247459e+00
-4.204794234311727275e-01
-7.603413076324896380e-01
-2.612192649302930159e-01
1.078398810921717271e-01
5.201874815458044088e-01
-6.167531766982180530e-01
6.398899912289016112e-02
-3.649277835473019316e-01
4.346819358063321870e-01
-8.400551929877840551e-02
-4.584998042251003936e-02
-2.475364089758079755e-01
4.561225643426650711e-01
5.768558942330404699e-02
-3.543529731948470429e-01
-6.418607903434145889e-01
8.547669879934639836e-02
4.082898479300436367e-01
-9.787101946926424212e-02
-4.212289633286572799e-01
6.517435085705372555e-02
-5.665558906728619393e-01
-1.412897033334576009e-02
5.853286333346393450e-02
-3.397627542108056509e-01
3.893079125003126029e-01
-1.185787833739634783e-01
-7.513300235633356416e-02
1.612313149222777964e-01
-1.664304611627714370e-01
4.940517211020677979e-01
-2.772469596303600015e-01
-2.374048494539190146e-01
-9.379955185371272042e-02
-7.957507778750096128e-02
5.547509837328281623e-01
-1.527221843207073049e-01
2.870721921784987959e-02
-7.814572695916967293e-02
-8.186840265787184157e-01
-2.280759317830737820e-01
3.134052675365018858e-01
1.070369593142623393e-01
-3.806335237839608143e-01
1.083712627741476170e-01
-3.914215111782067824e-01
3.372997630597326379e-01
-1.162390720403813082e-01
-7.080082551558319892e-01
2.903262193096708410e-01
8.088379920678467894e-01
-3.207110513613950498e-01
1.259954782873462520e-01
1.338288791111382769e-01
-2.553362259214058683e-01
4.568318456143026229e-01
1.650174069576307856e-01
5.943005337749985434e-02
2.901223350040238458e-01
4.596888673211568244e-01
2.578123032463007780e-01
4.009513009098730207e-01
2.721218867379461281e-01
-1.913729476970275345e-01
2.867378003062309166e-01
8.084602187877022728e-02
-8.128573211345447858e-01
4.922211021633000616e-01
-1.180893587789801080e-01
5.128422641645256214e-02
-1.676630912332688905e-01
1.665192115700510900e-01
2.032293682250371214e-01
2.833555281830781730e-02
-1.831726458225462761e-01
-5.058185906112742936e-02
1.595130296138939363e-01
4.467716083453169840e-01
-2.919519099655324967e-01
1.355315802776979606e-01
-2.744263354188593643e-03
-8.137302040325689045e-02
6.102616544647638808e-01
-8.518081057264939582e-02
2.512296520841109104e-01
6.616508819797724261e-02
4.452206832505367085e-01
-1.181707336016609017e-01
1.887189176874156382e-01
-1.184970162877417715e-01
5.862306068247082058e-02
-1.279024051429658582e-01
-1.763289149003368084e-01
1.998436706338536373e-01
-2.387160881830847903e-02
1.918349907292403733e-01
-9.816662270014950373e-04
4.041973905143479429e-01
-1.264314988386664729e-01
2.958280585258518669e-01
2.221628224931536388e-02
-1.184153278807958676e-01
2.156218916748533942e+00
1.923565914305383373e+00
1.762024659058220033e+00
1.652739148171733730e+00
-3.499265158820254878e-02
-5.394010780011955219e-01
-7.983608410977195702e-02
-1.971382958148871767e+00
-5.881021261748249351e-01
8.766079630501226738e-01
-1.566143748887135922e+00
2.185731069771014168e-01
4.428189785908634435e-01
-7.165263749201735213e-03
-3.336106231369152519e-01
-1.435452680871183474e-02
2.441734836046171309e-01
6.506864141517879618e-01
-2.797004173346182565e-01
-2.324541586569912194e-02
-5.375906000981625077e-01
7.877144184603528110e-02
-2.138526970103684366e-01
-4.346775636193105918e-01
-9.326147977795822275e-01
2.908998430799575319e-01
2.929746746005746361e-01
-1.607856934296177931e-01
-4.600722079776466966e-01
2.405532537879991606e-01
3.029845023845498808e-01
2.526626638410352510e-01
5.613929927093309624e-01
-4.166713303646358418e-02
-2.404723648253674073e-01
-3.979973108703798723e-01
-2.421302158659006387e-01
5.128422641645256214e-02
7.597831879317440418e-02
3.103469951637559676e-01
9.803959138669642304e-01
-7.118996780596599239e-01
6.053431658831532891e-01
1.618590569385592204e+00
1.119849264056198779e+00
-6.066198454533106021e-01
-1.098515783055270756e+00
6.105588698215910215e-01
5.165817684570972457e-01
-7.448623650170931310e-01
5.862039112560363252e-01
-6.868545970054545924e-01
1.505209609390252556e-01
2.667723666838185959e-01
-8.474625466276679286e-02
1.900939592089489760e-01
3.228291413087955863e-01
1.913619696288619831e-01
1.310590657098479883e-01
7.113430746915830882e-01
7.051357613339431785e-01
3.296987867507463615e-02
-1.113654647999393899e-01
-1.017649551118022355e+00
-6.041898136681226328e-01
2.728131196773839751e-01
4.837203882517059350e-01
-1.545801020200578413e-01
-1.833962397850401049e-01
1.466553498421936108e-01
2.874554994091141347e-01
-2.390347539926398757e-01
4.119926196275885966e-01
-1.959358600884223145e-01
8.622236391696547209e-02
2.624181071952058977e-02
1.846823650751313883e-01
-9.969103748966479106e-02
1.896912455883532633e-01
-5.401263842635507101e-02
5.282192459893861880e-01
8.505713085540984875e-02
2.734447601088911828e-01
3.651696777657687520e-01
-1.482009338755873040e-01
2.093707471381796026e-01
-2.466209978589149199e-01
4.541586104487724262e-01
3.177899415369728198e-01
-4.297312774054604656e-01
-2.580635367083392584e-01
-2.644317417651094182e-01
1.720363968372026764e-01
3.204874490678103482e-01
2.186542362905312231e+00
-1.218441749615274627e+00
1.638068245620726282e-01
-3.188456755986789071e-02
1.335887018434685769e-01
-8.232239491808827081e-01
-6.113347451338132510e-01
4.200423109650730513e-01
-7.613076403957651228e-02
-1.014350775603484855e+00
3.675452359749286080e-01
-1.438003545541377548e+00
6.295830944784678307e-01
6.774768656650045351e-01
-1.556642493510443093e-01
4.376969747221603479e-01
-2.607985319692935344e-01
-2.093633627418312604e-01
-4.368810931362591132e-01
2.714263790553750888e-01
-2.137869690488846536e-02
-1.492765570574908218e-01
-1.573883807919603528e-01
-1.991418247804412900e-01
3.504304813928885154e-01
-1.484349889769753517e-01
2.045939493825282562e-01
5.806499667458689951e-01
-4.423451427602801411e-01
8.816718318307331659e-02
3.584569008168915216e-01
5.903729478471759773e-01
-7.646702884295865088e-01
3.268962236324901571e-01
-3.273606807171237087e-01
9.329947016984106722e-02
3.020711438746070954e-02
-1.036877740270262388e-01
1.391904534101162660e-02
-2.166505375678887124e-01
-3.309866478854183725e-01
-1.296421228074577103e-01
-1.785749031593878433e-01
-1.761125633696332682e-01
5.633649241205861413e-01
3.817268094389880129e-01
2.934778671085904247e-02
-7.189946129467402747e-01
2.209676432645211741e-01
-1.515685082645062964e-01
-1.244291136519624086e-01
1.379498171609482848e-01
1.260546371205992500e-01
-2.511958748713373213e-01
-2.200451393053721449e-01
-4.762619043967795673e-01
2.692273383752838423e-01
5.128422641645256214e-02
1.717707369459871847e-01
6.173668387976244398e-01
-3.036716982320453728e-01
-6.914130211024308026e-02
3.927177951028922726e-02
-4.586033367392053361e-01
3.523656108895801276e-01
-1.091606548610381117e-01
-6.671250211017222542e-02
5.128422641645256214e-02
-1.723180828410543486e-02
-2.426530419903705216e-01
3.526723501645630532e-01
-1.319035603897201203e-01
5.364300476482547486e-01
-4.720811415876516870e-01
8.518276025845659127e-01
8.528159403185431309e-01
2.500776287444365087e-01
-4.309959178258147006e-01
-3.040364074974902242e-01
1.010617107662276082e-02
-3.958444370838966053e-01
-1.153212420517897963e+00
1.977954287634160702e+00
2.987739407990374074e-01
-2.158177309382260656e-01
1.296181813545205230e-01
6.808333626714750675e-02
-5.625949682294383719e-02
-1.091053323740152070e-01
-3.389221085734123728e-01
-2.431011168184845639e-01
2.096303714401958618e-01
-6.796556886830122934e-01
4.511233150908501577e-02
-4.210348519858118921e-02
-4.905109485035881733e-01
1.278078751013318748e-01
-5.500587426423562132e-01
6.635787741249161709e-01
-2.097809681941006921e-01
2.169763228744076011e-01
3.499322112398651208e-01
-2.523902539034280079e-01
-7.180235160651461390e-01
-3.171929300222147141e-01
-3.188852458640938775e-02
5.640021526050953415e-01
-6.349948167105413932e-02
-1.966723059700550558e-01
3.112610192438137746e-01
-4.364515064839121633e-02
-4.073570614304171666e-01
2.893454564288678310e-01
1.001117153439659048e-02
5.814989890567823921e-02
3.753190962702510763e-02
-2.093492777762701595e-01
2.366391496299123376e-01
-9.872033070829622226e-01
6.543668744371193835e-01
-3.066112757254936816e-01
-7.302316571311406879e-02
-1.795150734707458007e-01
5.844367125697503829e-01
1.291532353913476816e-01
-5.092317505627087515e-01
2.918444343060201673e-02
2.250208823159065008e-01
5.855692840613312133e-02
3.412380365812143768e-01
-2.120472430833241773e-01
-1.033669843970213692e-01
-1.124980015116759102e-01
4.365240203928255625e-01
-2.076400732194915721e-01
1.960567721442015854e-01
4.400828897308950438e-02
1.805992173727074268e-01
4.999273047557069027e-01
1.000466127013218270e-01
-1.894921733526486879e-02
5.128422641645256214e-02
7.629663413193820132e-01
-4.085846464660357058e-01
3.516709868493935187e-01
-1.548140356275794771e-01
9.209501378415632100e-01
3.691887746377345292e-01
-2.598284837551658732e-01
5.174751195816497118e-01
4.579579224173843111e-01
-5.437441821277938514e-01
8.887106008214279429e-02
-2.453723199601156035e-01
2.641745878556602256e-01
-6.119026859571871091e-01
1.035804870771982883e-01
5.249711481079609096e-03
-1.768600800552840580e-01
6.362427860584667361e-01
6.253932390023673321e-03
3.447190665189600045e-01
-8.917694798342212792e-02
4.492286282366693417e-02
1.582975778708798076e-01
3.339271809277734593e-01
5.747871587574385210e-02
2.755937857888607900e-01
5.676478040243951861e-01
6.355854910268182723e-01
3.645839832557723481e-01
1.856844101401500469e+00
3.714336290942264474e-01
-1.389769853664725163e+00
4.067960268356622944e-01
1.016647124025578108e-01
-2.125283611972109132e-01
5.729077267218629643e-01
-1.041647250631290600e+00
-9.201590138185955503e-01
3.438755094397534517e-02
8.033314603531913622e-01
-1.434978438994741534e+00
2.631155943779697748e-01
2.657601741337219936e-01
-4.051782241230926229e-01
3.633150897653739109e-01
-6.313042154086653639e-03
-3.672170701378302815e-01
-1.344350823466060607e+00
7.352294135386834295e-01
-4.770495333872935145e-02
-1.471000767242635732e+00
8.840273825867757118e-01
2.942559654304173211e-01
5.417539031153927320e-01
2.127173899596522533e-01
1.050839999152390902e-01
-8.936919648694004528e-03
-4.066327907137365361e-01
-1.748302927715528865e+00
-9.520635559067579246e-02
7.388221549928651877e-01
-1.102112931834010739e-01
-8.868392668447885541e+00
1.919087245173013434e+00
3.866732151539696849e-01
1.230417128970413110e+00
-4.177436241228890346e+00
6.131461954399665126e-01
1.432642720631510658e+00
6.211433842427328544e-01
3.063171599464724060e-01
1.546736467081800404e-01
-2.101705941722954718e-02
3.774175068350785756e-01
9.078236411398912242e-01
-6.337128678424919226e-01
-1.372658542490380607e-01
-1.177409394636260487e+00
8.586510430657544601e-01
-1.785917967080673296e+00
1.333897944608750885e+00
-4.225282322445231831e-01
5.591990491429115195e-01
2.490180971886860883e-01
1.935659016080591016e-02
-2.522969232580128951e-01
4.123369151100838570e-01
3.444112905317611162e-01
2.423178552238010042e-01
2.547672510007294999e-01
-2.510714100286570369e-02
-4.097970111676586119e-02
-1.360184237688040476e-01
4.756090310868189008e-01
-5.129326857089352432e-01
4.134026423810164830e-01
-1.906743943865623625e-01
4.749919849142179573e-01
2.143882164404563306e-01
2.843889599711026950e-01
-4.497446002550840177e-02
-1.595983562310263892e-01
-1.159898876125523004e-01
1.338409992082222888e-01
2.287917505089788472e-01
8.833523314370421431e-02
4.163820742151339571e-01
1.836962203847803510e+00
-3.918877678080392446e-01
-3.134726887616262614e-01
8.756771754623122739e-01
2.676555744116089208e-01
2.226745125575329276e-01
2.267316377235995550e-01
1.893333046994689350e-01
-5.812488515239370157e-01
8.254871940422331411e-02
4.195867839006529043e-01
6.335897513377677370e-01
-1.820604155369650277e-03
-1.467954690637281734e-01
-2.557796062033567686e-01
-4.725170066784296075e-01
4.621236537271928291e-01
1.060663612061192862e-01
5.061025631637932065e-01
-4.440865164689574707e-01
-2.242578107531335019e-01
4.686254050050971953e-01
1.172984143073209501e-01
-1.198444574891911196e-01
8.763837169668535487e-02
-5.905152252232170884e-02
1.361187255925990214e-01
2.009894409981150820e-01
-1.137024109830874763e-01
1.536338473436462959e-01
1.172984143073209501e-01
-1.635013386366464261e-01
8.773920275771260324e-02
-1.218454786635271153e-01
8.255707026016549932e-01
-4.690046957457911225e-01
5.994824539238745587e-01
-4.859390551230271527e-01
1.759597446452055014e-01
5.989778750317197309e-01
-3.605242138230206339e-01
-8.005547189539238481e-03
9.841667557903373276e-02
-2.087105069938981483e-01
-2.702391139665643593e-01
3.545206162689190643e-01
-4.848346635521772474e-01
3.935347611527129086e-01
-2.547292700522650888e-01
1.432883137404771245e-01
-1.813526599848675203e-01
1.929372537424426937e-01
3.269419349986178724e-02
-1.314519238839151061e-01
1.197640641930904637e-01
-1.147556591166332997e-02
-2.442822320845038087e-02
3.031405449607743052e-01
3.267915664614719912e-02
-2.746397161844152945e-01
8.911836061184401359e-02
-1.481451437368520863e-01
-7.164106255492476427e-02
1.153453658305761409e-01
-3.415812444788082214e-01
3.640897434157787105e-01
-1.190299138330586787e-01
-1.007824285321279045e-01
9.715039746168785406e-02
9.701361684450456047e-02
-8.792392571929938394e-02
1.755614192205432911e+00
2.219995081893180622e+00
4.578921630999376546e+00
-1.549090718625394603e+00
-3.757803975894329795e+00
1.160054602385065303e+00
-6.261665348316960422e-01
-2.454747766207521220e+00
6.754537187203928372e-01
-1.011751328595546395e+00
-4.689943157279112262e-01
3.643648912810516505e-01
1.837046475430776482e+00
-4.173883650637565945e-01
-7.063121916073865636e-01
3.824482129801761165e-01
1.397748463322271567e-02
1.022723550087047545e-01
-4.445692532623049531e-01
4.342828802196159188e-01
-9.069815317825891121e-02
-3.498901905456449080e-01
1.423337500758374563e-01
1.700536373775453081e-01
1.223191889898054829e-01
-6.872661642200403320e-02
9.613393396223889553e+00
2.004110956589914491e-02
-2.877644967021034464e-02
2.006375669183795285e+00
-1.211646845554281038e+00
-5.151011152186000253e-01
5.426136830079413276e-01
6.639224588087935253e-01
1.075579540626764086e+00
-1.470374550842237671e+00
7.950654348458001675e-01
-1.107740563492576498e-02
5.851282440708401866e-01
2.052505118835992182e+00
-7.063963200160054967e-01
3.437617349397426025e+00
3.138095111338471188e+00
4.480096018665735258e+00
6.153190714072191092e+00
-5.012803657616382580e+00
1.844235193039001519e+00
2.997996740849615538e+00
-4.992781793585006511e+00
-5.143104596852015042e-01
-2.787109742596825868e+00
-6.568814444705347588e-01
1.183518390645569074e+00
-1.140228963549418051e+00
1.127602891816039010e+00
1.130896303930835622e-01
2.308605716614035241e+00
-9.097561653311599938e-01
1.492491023397860106e+00
1.997742587496326605e+00
-6.821371893791360330e-01
2.235510544060408389e+00
2.600187381372351947e+00
2.546737821497992549e+00
-1.986680811281551051e+00
2.288368338837799332e+00
-1.263119692286701845e+00
-1.827681507739474354e+00
-4.493551952958543261e+00
1.357319416542866808e+00
-4.387549480686590009e+00
2.872747015039539775e+00
1.822098361801637534e+00
-1.597549461681105676e+00
2.583479244184346268e-01
-8.325185015635202523e-01
-3.231917051096733773e-01
-7.859520441874523478e+00
2.463727510280151023e+00
-1.767984258576102086e+00
-7.141443231947071091e-01
-1.804838678079791148e+00
2.348668872284216391e+00
-8.392298904009695137e-01
3.439393377269652219e-01
-8.640440306711588692e-01
-1.088498283328924732e+00
-3.741112353360667719e-01
5.537459892961710435e-03
1.125396913551037992e+00
1.790798056152361761e+00
1.874417122252924894e+00
-8.526177499633129653e-01
-9.685946871772972422e-01
-1.354103473341121133e-01
3.475634199567737698e-02
-1.883803236798473391e+00
-1.899857781969388482e-01
7.765872880656914390e-01
-7.673279099959060545e-01
-2.985654620861677433e-01
-2.964596244502216149e-01
6.228188936975272982e-01
2.096588752745078554e-01
-3.019085731003366413e-01
-5.885377935790725434e-01
-3.412764935419158874e-02
-6.373449525262777637e-01
-3.337875568209558996e-01
-2.691876770235098193e-01
-1.069178558091518205e+01
1.004352713964378641e+00
2.710294621895821265e+00
1.623510421791747760e+00
-1.664400730208559054e+00
5.013090665715753680e-01
1.142305623938072889e+00
-4.206725822943804260e-01
4.029707652703362064e-01
-5.007603613859165081e-01
-5.752664886058210802e-01
1.074714741985721422e-01
1.257937988300804055e-01
6.371604822230972354e-02
-9.938491720240234528e-01
2.464511437355056678e-01
-6.613411337760387587e-01
-1.254643516523890279e+00
9.136739687325424741e-01
-3.922326591404206586e-01
1.998265387749512401e-01
-5.258337475929615312e-01
-5.896760547783959083e-01
-1.361137936882456656e-01
-1.007557002782304201e+00
-1.157326026294362098e+00
1.236061910605860126e+00
-3.931482524923320954e-01
-6.984909822071616592e-01
-2.207403147852934899e-01
1.571132573006528643e+00
1.233052567797901650e-01
3.322261316476736726e-01
2.292470514421374728e-01
1.208370767008748875e-01
4.890212267700878024e-01
2.068593722087008757e-01
2.142382768134632604e-02
-8.724818605743558247e-03
3.424195682125111273e-01
-1.523242721556738836e-02
-2.056388538277491018e-01
-3.185436267737550703e-02
-5.377884794941094615e-01
4.573011052789729969e-01
1.307580089547942873e-02
3.334808434257917065e-01
3.073657276463828580e+00
-1.391681639256305392e+00
9.975734563027770507e-01
1.107495113618270910e-01
4.742384062499512831e-01
1.642295034746884055e-02
1.220523431227588551e+00
4.224097404662487398e-01
2.005462637629797484e+00
-9.714385920850998613e-01
-1.021130403607163117e+00
2.424055743639724203e-01
7.453919292895493376e-01
4.947831765547388017e-01
-4.646034485279651460e-01
-4.639653872677062391e-02
1.953540184855154793e-01
-1.564529027250374460e+00
2.492222854736663440e-01
-1.388116168056200417e+00
1.355178931095311734e+00
-4.221020474525020161e-01
-2.127398677821126793e-01
-4.638884415598876210e-01
3.947515244777348165e-01
8.780431936730987985e-01
5.648674646205074923e-02
1.287550627411874482e-01
2.143586505070620429e-01
7.711696732004800214e-01
-2.136614574783314291e-01
-3.537806516760480413e+00
1.762015628666120104e-01
-2.119275380096329875e-01
-7.877233519882472779e-01
1.400839739731300493e-01
6.109918896691628465e-01
-9.179010263915544643e-01
3.481027141562218485e-01
4.849609055807008184e-01
-3.072301878171603273e-01
-9.645109685718196435e-02
1.526045296436693011e-01
-5.178262876759860411e-01
-1.847194373159835923e+00
-5.474800160836464924e-01
1.603974666828764439e+00
5.128422641645256214e-02
-1.098824708443286724e+00
-1.504062683830975460e-02
-6.298682186097602775e-01
-1.921612219548811673e-01
1.973303729255189987e-01
4.664464295977944208e-01
1.288298740068887893e+00
-2.458363902482829655e-01
2.642054379443826706e-01
1.249977483288166713e+00
6.781174109966922048e-01
2.012823184396561327e-01
-6.905848974235900828e-01
1.140346230334761124e-01
2.244021084539071786e-01
-1.183574865315263125e+00
2.096228018337314702e-01
-3.051586244269769432e-01
4.742287056592682237e-01
5.128422641645256214e-02
1.492441594817010830e-01
2.567648998099337221e-01
8.349439845353512357e-02
6.240965344721426389e-01
-5.524408683368928208e-02
5.958852673990211457e-01
-7.450314098793957562e-01
1.762888472204864609e-01
4.553613240941555285e-01
1.368332051225007673e+00
-5.916985491906829875e-01
-5.096386647590934738e-01
-1.165011158466769281e+00
2.944597083457336062e+00
-5.889076793895615669e-01
-1.066878095078662492e+00
6.528568204608650172e-01
-4.354075131511002672e-01
1.850001000578090915e-01
-2.420084854909171357e-01
-2.840229417505099052e-01
-7.842968046944151506e-02
9.805726386053703614e-02
3.193946595782307107e-01
8.773252844306628218e-01
-4.436983841947458318e-01
-1.050256403990008414e+00
3.427515840622767929e-01
-7.868320330039393212e-03
1.507062162684384143e-01
1.327698822665661360e-01
-3.108886885083465557e-01
-1.286219076068335632e+00
1.092168404056259867e-01
-1.107264926797209892e+00
8.024657444113673099e-01
5.128422641645256214e-02
-4.442420931335868683e-01
-4.014573207934984955e-01
5.306958949731507280e-01
-6.323355993646289086e-01
3.259910471450306324e-01
-1.476711344990591979e+00
2.813082412566404455e-01
2.420253983613041837e-01
5.634908862309497835e-01
8.334970652744447608e-03
-3.340941728386327969e-01
6.591659318265227774e-02
-6.930716584057539098e-01
-1.843063978699133187e+00
-6.134890015277463249e-01
6.091509431405661701e-01
-1.058445522509843945e-01
2.806997415404313689e-01
-8.796423501548517043e-01
-4.222565858753069556e-01
4.724682231645744301e-01
1.323595680495772975e-01
-1.200272012117061360e+00
2.542457399468738277e+00
-8.169849291926309931e-01
-2.447279738081467870e-01
-6.284200332128075939e-01
2.630003210795887614e-01
-2.689701049088349394e-01
-6.787440664689615988e-02
3.442058953482221573e-01
4.559165954656982933e-01
5.808485383223486176e-01
7.203210476193006029e-01
1.939687820151892728e-01
-9.401661073753414533e-02
-2.970672405995169324e-02
-1.326377156192156903e+00
-2.558881384454756991e-01
7.807042009621348311e-02
-5.705931946243705116e-02
2.107894289307853941e-01
1.744811205075404992e-01
-3.427867747023251588e-01
1.492832324668482390e-02
-8.769358893764572782e-01
1.276332460013295533e-01
-5.131154083138496080e-01
-2.547583490338969914e-01
8.152123368288143046e-02
-8.460900032263639625e-01
9.299418289959030526e-01
7.706179430354158644e-01
9.102709315472276019e-01
1.539779365469723160e+00
-2.140723188910951535e-01
-7.543866214715969631e-01
-9.213005343816887960e-01
-4.100967176932252337e-03
-3.704600116673639199e-01
-6.664637762875699201e-01
-9.096798596025957861e-01
-1.486681990166609069e+00
5.028320470586080670e-01
2.889947179359680929e-02
5.820283426051573450e-01
7.940420889139647442e-03
-3.068191196984620950e-01
3.939330602702023620e-01
2.006187156417604533e-01
-3.723269842250201411e-01
2.668950040158255543e-01
1.799062325445340838e-01
-4.445049768400179402e-01
-9.508343457726606274e-02
9.335198632536111374e-01
2.983972751739142892e-01
5.548355430386467946e-01
1.425999654996882748e+00
-9.974879379564991488e-01
1.473218125919361077e-01
-5.925865646213516191e-01
-6.207889161054130911e-01
-3.392733869238674371e-01
1.136488254141627463e+00
-9.019477986212818266e-01
4.564568216149545998e-01
1.009432005700003875e-02
-9.628569242064539679e-01
-9.296522530941342399e-02
2.144092476274585823e-01
-3.574888422204960392e-01
-7.318878744868367869e-01
3.949345709281174011e-02
-1.407585013991967116e-01
-5.411107420659065914e-01
1.857775128928196018e-01
4.639725331495453409e-01
-6.763533860004117271e-01
8.047998547877963649e-01
4.617283728594038239e-01
1.767724335739094543e-01
-5.159459211397220413e-01
-6.715429932638672383e-01
1.739882158314680072e-01
-2.659418885270712352e-01
-7.028348687473382483e-01
5.128422641645256214e-02
6.357073111497590912e-01
-5.510963068358382122e-01
1.168113955562961534e-02
-5.527130140617519949e-02
-2.351347153475993323e-01
-9.960550581726063113e-02
2.126073130504718689e-01
4.163272992483866286e-01
1.686157610857698108e-01
2.312972507634636354e-01
6.484944037908494385e-01
-4.563120773328011026e-01
8.960688544624983987e-02
4.687017731703316259e-01
6.711835075910310699e-01
1.014243280041134954e+00
-6.758476687414219919e-01
4.551230931895345333e-01
9.252533801005961012e-01
3.825972722100809964e-01
-3.618186190730707796e-01
1.047008500071212461e-01
-4.182120948013323680e-01
3.614671309648854747e-01
-1.132434866819614222e-01
6.480283438832400433e-01
2.061709483301480683e-01
1.837297280239084563e+00
-2.445287354907661026e+00
-1.735480617636172285e-01
8.574220151521497191e-03
2.991336989446212805e-02
9.489194039965109795e-01
-2.294362886494364595e+00
4.167698414565986775e-01
3.663010210575885495e-01
4.520679134776700026e-01
2.400188887641762081e-01
-1.093373272933512580e-01
-3.466623035959628257e-02
-2.917605420304957842e-01
2.972626887778350713e-01
8.001592013714387344e-03
-5.664571758399925550e-01
-5.188815835152345117e-03
-5.397562513500365339e-03
-3.481141237043782755e-01
2.536911106297661700e+00
-2.080396225157687073e+00
-2.492715725424316520e-01
-2.669763584220777863e-01
-8.558682012868376598e-02
-4.111863546031263583e-01
1.440255931107766174e-01
-7.169314761469667251e-03
-2.118988886408758598e-01
7.592180374450917535e-01
-8.175455917949847606e-01
-1.308283325774380057e-01
-5.852478790948821563e-02
1.467516831319643465e-02
-2.699382247470167862e+00
7.965637212375803466e-02
-5.203788122119679116e+00
-2.887994583623134104e-01
1.577219602865213677e+00
-3.935731826309461501e-01
7.485971067313291760e-01
-6.521517356599868531e-01
3.823816714744734946e-01
-8.937859061919058989e-01
1.599287572520768363e-01
-3.745175717983851849e-01
1.314476716534503098e-01
3.078133537490550520e-01
-1.968580518419037750e-01
-1.249534461582527817e-01
1.572238417004568345e-01
-9.123032538215898324e-01
4.334182264943385876e-01
1.284236439043553446e-01
2.980164873405771186e-01
8.637500612370569986e-01
-2.020786371530657599e-01
-1.118655719127785719e+00
4.879277074922843127e-01
-2.333154175869464053e-01
1.932561206098663553e-01
7.748523810494889474e-02
1.108780611249727682e-01
-4.664125461422972269e-02
-2.979237810336946013e-01
-4.169061536414091218e-02
-6.776055701263954401e-01
-1.180187787942454269e+00
-1.102997372954972244e+00
-3.050360673016101476e+00
-4.911475374704896701e-01
1.530262933239868950e+00
-9.480532118018010213e-01
3.289757943717944721e-01
-1.531821300443563905e+00
2.241469187364594884e+00
-4.582530528852101770e-01
1.511808574288512119e+00
-9.366015503706758283e-01
4.005103292587635644e-01
1.016412335160364000e+00
1.719674096254549811e-01
1.628124275700468804e+00
-9.756385638169506880e-01
-9.592143544512196085e-01
6.091462128972584544e-01
-1.640043285935521178e+00
6.171822213345937724e-01
2.695612637644785869e-01
4.899468635256522264e-02
3.772995902450165251e-01
-1.635717077473372583e-02
7.373658685456074835e-02
5.252365990380525318e-01
-2.949202738572963001e-01
2.176824088039296667e-01
-4.950182383199002167e-01
-1.069309481838463638e+00
-6.621804820468654151e-01
1.573038221846415341e-01
3.489679665734409242e-01
4.592381270876548793e-01
1.707010824405366112e-01
1.580501901270048581e-01
3.831449725967072117e-01
8.726330867024877369e-01
3.670733677806735651e-01
-2.138047539481951753e-01
-5.071935070887017005e-01
-1.496487400087678256e-02
3.286844400115818132e-01
-9.426566590268873336e-01
-7.663942535847336757e-01
1.010201198962152658e+00
9.361793970844489721e-01
-6.453411359388586122e-02
1.086729537302615345e-01
1.606822467820632760e-01
-3.262369917021108456e-01
-1.201341287898549798e-01
4.445847420959316010e-02
-1.717428635760673561e-01
7.044713518354093207e-01
2.496379655787416517e-03
1.282146371933678142e-01
1.689157823589261254e-01
-1.220659211718578968e-01
4.530239993052765923e-01
7.704661922002471741e-02
1.195881511714481510e-01
3.926574361996103546e-01
1.285663353039684820e+00
-5.759236887898119273e-01
1.533830896996569715e+00
-1.034378080084821239e+00
-4.604289718646738527e-01
-2.262914625423586568e+00
4.402175333064265450e-01
4.908467145846224372e-02
-4.922568806417370602e-01
3.131236675967113969e-01
1.069098339944102860e-01
1.265177524827307554e-01
-8.722380350652895187e-01
-5.466714003657812126e-01
2.380347134672840537e-01
-6.829641085673620986e-03
-4.554178569305723512e-01
2.639918950313667190e-01
7.093487594692768350e-02
-1.798211786490905018e-01
2.710668342199382685e-01
2.324762355792217572e-01
-1.796271772076541984e-01
-8.013407239108366609e-01
6.143808235037648835e-01
-7.278410689253370092e-02
6.098930065173562287e-01
3.210274494816992008e-01
-2.506291715221009575e-01
2.376273896272452502e-01
-9.564331997389493578e-01
3.371805296323129864e-01
-3.876625956110549276e-01
1.458397286439508944e-01
5.211833197483413116e-01
-1.029502219365779681e+00
2.567420298298659920e-01
-2.251523183623061961e-02
-3.784723156966239843e-01
6.666533880909440990e-01
1.036743525172838520e+00
7.302049865768021897e-02
-7.327214493605933576e-01
8.416813358127323008e-02
1.826314627818630132e-02
1.118315398069603533e-01
-1.484627287127502845e-02
1.841050453603498005e-01
5.793803438032899163e-03
-2.258942060885098246e-01
1.831827058037862610e-01
1.235887675800610541e+00
-2.301481977879750451e-01
-1.977843609222927346e-01
-2.299292230177684970e-01
-1.730430318660907407e-01
2.838192028128087019e-01
-4.524653916733378245e-01
-3.338452252502719514e-02
8.190362200317051478e-02
2.311436132617023659e-02
-4.024642437451127486e-01
2.145912434312715611e-01
-1.425446813713142358e-02
3.634568720984309720e-01
-6.793637402367298794e-02
4.870119173193981216e-02
1.611763433611118623e-01
-9.431223156915115313e-02
1.538069330081084929e-01
1.782764927430319502e-01
-1.594003541423218706e-01
8.373743259631541980e-01
1.950894423425502122e+00
1.604238641427083278e+00
7.545928722717764048e-01
4.569373259956500455e+00
-1.780152839725147818e+00
1.138366998459331869e+00
1.583344171503662023e+00
-1.333901261060750576e+00
3.937440759666743784e-02
-1.799108722868690280e-01
5.128422641645256214e-02
-9.977297622609951899e-01
-6.349100043714139829e-01
-4.929601085733838595e+00
-3.511116269792834643e+00
2.637017056466577358e+00
-1.165079373928614492e+00
1.412665283311850928e+00
-1.434551759054648823e+00
3.502788168560444504e-01
2.243921375443339583e-01
-2.276442186308941518e-01
3.861385243465564887e-02
-6.581073802476523904e-02
1.255006130811421317e-01
-1.640019814072110504e+00
-4.486431965509312114e-01
8.092669922271489291e-01
6.214913749411746791e-01
2.284874187216599448e-02
1.356222687340260746e+00
2.725995658095422547e-01
2.037566888573613344e+00
-1.507680011889833693e+00
1.038437782696985279e+00
6.192780875495205173e-01
-7.077828307220557225e-01
-1.873774120139174437e-01
2.976629271781427444e-01
4.305388606218408243e-01
-3.629058906738668044e-01
-1.921342277341798466e-01
-6.390751926623963186e-01
4.559772962740383795e-01
-2.877833070045078268e-01
1.368854653361682161e-01
-2.832831779269873174e-01
-7.056382143085667691e-01
2.434209915813652092e-01
-3.991463921079788646e-01
-7.008321791026677072e-01
-6.833823123398392596e-01
-5.546535472761315866e-01
2.066154810204687831e-01
-1.352936481434291016e+00
5.060161120633910325e-01
-1.995818623586038121e-01
7.863123735139259107e-01
2.335457695971700914e-02
1.753672435810736951e-01
-3.213114096110237794e-01
-1.383514147715979581e-01
-2.872086894201803520e-01
-6.262587070988012705e-01
-3.685222415816694769e-02
-2.470373430755061772e-01
4.601668264196950853e-01
5.781833729199246930e-02
4.574386530584447774e-01
-4.437272000291526686e-01
4.691405195206917456e-01
1.398641343998161535e-01
-1.854137636666272496e-03
3.853610520573094028e-02
1.020091342072333290e-01
6.309941170192883142e-01
3.709017980714626184e-01
2.331454986629940412e-02
6.336017949989848352e-01
5.950940849728676429e-01
6.427320545672928764e-01
-7.642746570152243735e-02
-2.396744717701339289e-01
-1.115388118656297778e-02
-5.044544618823646465e-01
1.676646277600779555e-01
7.621294929983200017e-01
4.116434784046610340e-01
7.400917571696764841e-02
1.944824946189753212e-01
-2.941678176219980068e-01
2.476966205236109109e-01
-2.918269930191676464e-01
3.211641994382766208e-01
5.654866416615666330e-02
4.965131294157179020e-01
-5.425240003917969345e-01
1.341254038304898533e+00
1.079580323151942134e-02
-6.215054950949865376e-01
4.002432622707601806e-01
6.757211494833313958e-01
-9.159300667060790158e-01
-9.562294285940071362e-04
1.890870079868616493e-01
-3.180699689444386746e-01
-1.552617671848550929e+00
-6.069327805551923832e-02
2.716161512039740322e-01
1.253201391258129405e-01
-1.994466070593414186e-01
4.361895463041556842e-01
