-0.01154840677440827
0.0397004376414416
0.0034537550136328754
0.0044422583102941005
0.017861983598569164
-0.029054006106499664
0.011469896885996533
-0.025650919300979957
-0.023299955899345193
-0.018218971729666134
0.025337575308048255
-0.009889505296689638
0.003945657377042888
0.014304952741330368
0.001188535188513029
-0.010427363719889282
0.009508781598782434
-0.007673710223498276
-0.00031039754095019134
0.00466808155219578
-0.007312895585949608
-0.018257232443615656
-0.03483421958349453
-0.032464347024829365
0.01822815194774341
-0.02779356586195414
0.02270461261231027
-0.013270185954231906
-0.0036837755176999387
-0.052266772028292774
-0.001913084990003533
-0.007520127440516777
-0.038069502703617975
-0.008691536791372023
0.013478240403627328
0.0017347110089929174
0.0019374804996332706
-0.016528990755392048
0.0036381154623197354
-0.01891235916646572
0.0019836160740007713
-0.03179530800793895
-0.03437605940729549
-0.002866255851917021
-0.06565868276808073
0.011723888748367273
-8.83071336721386e-05
-0.017308089297766838
0.0070989121329669835
0.03375766692323445
-0.04109790165604599
0.003697022276970774
-0.013285256020813208
0.017380317325511374
0.016472368010391314
-0.0012954762472028314
0.01769998312181853
0.015514553427204092
0.05958102847999358
0.00230959200743186
0.0058115593546661515
0.026102154414596068
-0.01921749683224716
-0.006901941902965003
0.018890124998726776
0.03312577191673727
0.03666519847542116
-0.008186761507816165
0.011059103914226931
0.015727015153447432
0.03871916337743819
-0.056853726007242145
0.029928498326386332
-0.012307294192076768
0.026156756254124947
0.003933962751426101
-0.011949326068917632
-7.779337528024399e-05
0.010637517403186969
0.05324015873733723
0.0027392629960036885
0.018796352808417627
-0.015301217874968742
-0.02046774810264429
-0.002394985753856105
0.0014339391176476646
-0.015793408539933385
-0.02783643026882965
0.0040122666991462275
0.027588405779515934
-0.0011873883635447058
-0.013464987135116235
0.0015073382709718253
-0.024801185027811368
0.015878329408599345
0.0015519920766196016
0.012790764959449419
-0.011717631283794994
-0.037076493996265114
-0.044867822719132366
0.018287699561621906
-0.012390331688854062
0.00025976104722191806
-0.011784854015107094
-0.0464467037172942
0.04423787137400925
-0.007941544235833042
0.015288670885602595
0.0010760205951805268
0.009382237834322904
0.020267233481687796
-0.02015692713171413
0.01223752008239476
-0.0013890332582411347
-0.0012424324546076448
-0.003893877619197017
-0.004456660598711526
-0.052567072507936796
0.00497771240105882
-0.031427689210597354
-0.016080348450342008
0.038030341217605734
-0.028132414148982043
0.008532999079448711
0.00039344210624125964
0.01721144797697516
0.016910881271780642
-0.0018783482199209445
-0.00827330614576205
-0.055556799682902724
0.011234979504358034
-0.018198392192674717
0.0031781732280289354
-0.028504285793760964
0.011981848242572646
-0.021552364108341493
0.015023287562796916
0.018591699209708157
-0.0015256767741997912
0.022313400587959276
-0.013342276137732423
0.004868823212365481
0.0004652922962193884
0.002846019170432701
0.013312157843237138
0.0009577890121774679
-0.013429909654454786
-0.037403074041958195
0.012288620624960167
-0.013788914891500248
0.0008867062871802389
0.0011861582427865613
0.016100691017226332
0.02723783014746406
0.01805316513342259
-0.01724534403443645
-0.009933610617490984
-0.018973803553473
0.012185184214453582
-0.004195108128960623
-0.0068768845961857394
0.02714082062976475
-0.006524124619250671
-0.00895138542188878
0.006955432886583068
-0.0008065239507879518
-0.002111458253418963
-0.009387663500333154
-0.023742664495329358
-0.01241275829600541
-0.009294105896637372
0.007176503481630903
-0.011770904645530322
0.0021224419236687275
-0.0038686855174026036
-0.02974321739558361
-0.026899785777855012
0.010225422449388066
-0.03998776753979838
-0.018926676737120562
0.0004649102293634577
-0.04934377280272706
-0.008410051652434358
0.004596244646080994
0.008079845691263632
0.04457177849358285
-0.03293365330830911
0.0075068183850297565
-0.0440746691310796
0.016525393201153094
-0.017296815345709593
0.009041827365598998
0.008084921966263536
-0.005367971474895317
-0.005466859236895605
0.021722729872591717
0.011415555962162482
-0.01042136747327671
-0.007298218659074873
-0.004073870607971042
0.021131926556201996
-0.0004563076878967287
-0.009664789415715802
-0.004815280501862418
-0.09745470714489723
0.001920524273911095
-0.028319742099450984
-0.03756585095696785
-0.0019031533866638028
0.001947313687876484
-0.026984905010211335
-0.004890781918483356
0.06220967966437474
-0.005428233736675558
0.026996802360086836
-0.003126343896800776
-0.051256135589207386
0.026989375431579088
0.0028287480054491887
0.028989108643090233
0.042723495516996834
-0.012861129223793455
0.007484771826798298
-0.03028747320881031
-0.016410231152557575
-0.010448518408192609
0.028515600873100677
-0.01534112798165399
0.018730298849672256
0.0032693431131103345
-0.004024408252067513
-0.01009188068288891
-0.01078768288550469
0.0036126433997520913
0.010584309606790576
-0.006183332524958729
0.002909401809504608
0.005551085294575486
-0.0024114774068051403
-0.006087933692990433
-0.07395780965137799
0.012308165868017085
0.006567358512769239
-0.010533339937689234
0.027795214818268743
0.0018857065308011123
-0.0046335386451472615
-0.009221586294022366
0.002264109900990796
0.004965640238892011
-0.0003650887193544783
-0.0024129927127680695
-0.00045393250629688353
-0.0008659481098436395
-0.0016065701014853495
0.0022129150263712205
0.001145411703280086
0.0026251839727287063
-0.01804710306476398
0.0024530177158683664
0.00310211663148241
-2.207958931332854e-05
0.006617531341309935
-0.0020052779583874525
0.002461709405447543
0.01549158561470465
0.022586524243287
-0.0025546807894158974
-0.010064297330152794
-0.0014775425439732537
-0.0013588441826848374
-0.0018184312814879533
0.0014058195152335529
-0.014523304579219243
-0.06322785543195053
0.003173009224708867
-0.00582258893217924
-0.00726345648723159
0.013355542469264847
-0.08064343580776523
-0.05163937491120052
9.962786858519479e-05
0.012373712632414158
-0.04907991723415739
0.010601345055987199
-0.08640637983349331
0.023327084287302124
-0.011025705228675076
0.07276294958798424
-0.011723382646180447
-0.01576331233641204
-0.026812018405849347
0.00144058008697856
-0.02890584143053676
-0.029411533110816457
-0.009983158322769636
0.0
0.0
-0.01828627208348821
-0.005743226322987738
0.010254787343646043
-0.02821215148875922
-0.013388102574997562
0.0
0.0
0.05997908317444933
-0.0002776523154153221
0.0225054706834642
0.06240861321318647
-0.024429633316545463
0.0
0.0
0.11993643191516368
-0.02238254261140238
-0.007462845630570758
-0.060665114044722745
0.06638729809899235
0.0
0.0
0.0023835846869122435
0.02542100567688621
0.03227772568732856
-0.01847239998416761
0.01689447759781304
0.0
0.0
-0.009387894500295868
0.007095350936058065
-0.0007384513275785487
-0.08057066158189574
0.003748053469209367
0.0
0.0
-0.0003733531003207169
-0.02664101959378673
0.00716142011232046
0.00701029958574928
-0.017178734171883647
0.0
0.0
-0.010114441351487535
0.003483862452474451
-0.00519896995004876
0.0005600187518783883
-0.005179617052163632
0.0
0.0
-0.04583301346876967
0.0045498132045711515
0.010461479039332922
-0.005712335967748228
0.002375661865583023
0.0
0.0
0.0008569590866023269
-0.0020841271308702503
-0.01179227635311797
0.010356183886098602
0.04519818242539042
0.0
0.0
0.008363361648884293
0.0007260023120032599
0.01275904394353189
-0.010624381051888676
0.012381806895769287
0.0
0.0
0.07034599144689668
-0.007674576404177458
0.005491360899982922
-0.004278501124328926
0.010293096455701978
0.0
0.0
-0.034385252405572775
-0.002825733769703298
-0.012782462145121798
0.013297601334473441
0.0035889661911645554
0.0
0.0
-0.035840484091610225
0.04434115316947951
-0.007671740876614486
0.01527181683594181
-0.018468699007065492
0.0
0.0
-0.0112793216354099
0.003019136560883595
-0.005727911411878672
0.0004636714195211944
0.026827125736431867
0.0
0.0
0.0036257268907475826
-0.009989244676274378
0.0001894276630363123
-0.008188767000781194
0.010737986467937333
0.0
0.0
-0.021220679862747893
0.01212002806950796
0.015053186300667765
-0.0016746594602832232
0.0018293943754850162
0.0
0.0
0.0001856091552876471
0.05541339649597621
0.04840639711121231
-0.05369254915230792
0.016492466258404725
0.0
0.0
0.04408554558082933
-0.005305456952178211
-0.007661699218513451
-0.028684471469619055
-0.0025665877084368738
0.0
0.0
-0.008982487289878271
0.013759497637211293
0.006124817403684091
0.019805591037310055
-0.005824865718433436
0.0
0.0
-0.003901816982328832
0.001690895025407091
-0.021029383615832842
0.00470677644606976
-0.04125932602241189
0.0
0.0
0.02967745347259676
-0.014585275458464775
0.028488537811437453
-0.02162654499854444
0.018624647822409468
0.0
0.0
0.0445955488215759
-0.0069576288482564586
-0.011167249281130331
-0.020926908924356447
0.015371038525424208
0.0
0.0
0.05833192551052724
0.011139405023029347
0.06935299371224746
0.02595439190110982
-0.03814585022367112
0.0
0.0
0.03819708937212152
0.013435893191601878
-0.024926842676002536
-0.004973699742881088
0.015507186889686775
0.0
0.0
0.02212317588375301
0.008520746583526861
-0.002720049488547982
-0.012059311974124576
-0.00236628239324288
0.0
0.0
-0.001179674701081268
-0.03794740456254431
0.008824760604169146
0.0063231595856096945
0.0
0.0
-0.00605636661198794
-8.891278194678165e-05
0.020002052617309918
0.0051997783611898996
-0.001967914692794004
0.0
0.0
0.025103522747410345
-0.015417866768863142
0.0074695621556721825
0.007136077581782363
0.033017367097038175
0.0
0.0
0.019005719298831547
0.0026364108334520076
0.03826619355551797
-0.0697702474082007
0.027989994158681863
0.008433712534201998
-0.013235429413157362
-0.02109259936673613
-0.0013557591090478383
0.009225410123609556
-0.0010795809342103446
-0.009793491266553822
0.007417857407734374
0.02166405018446893
0.00664839075121737
-0.00961878756246648
-0.025415404629359983
-0.03256635593955837
0.01714490401373503
-0.020564627691098014
-0.05127163383221767
-0.0076835277259941215
-0.05601279454545427
0.019975650602094497
0.024328122457005108
-0.007958907099932855
0.021020520850868696
-0.016593902772553903
-0.009814759581391996
-0.00029909402842109856
-0.005479812657068095
0.007191830158474577
0.0001191916067959653
-0.022543052781051287
-0.00010461650181969873
0.008003170573402496
-0.004439516306109947
0.012418904478352921
0.004774057897444006
-0.0038069886942024844
0.01259487722999797
-0.0011745632092590164
0.019716613759468427
-0.010484623501286539
-0.001653504983223364
-0.013300757961713483
-0.019229323019386957
-0.005452909147272589
0.017249995026762832
-0.005224077492466783
-0.008675024838568302
-0.0427152927617338
-0.004186504936579016
-0.0033831906055286076
-0.006061941288809436
0.028608792800569827
0.0069492129462847
-0.0038248584448110634
-0.025296592171986543
0.015132621053017381
0.001579254401693042
-0.00818375502995039
-0.011227870485753133
0.0053130380177757175
0.0004650083231378943
-0.03686635940539462
-0.0056525025510119065
-0.0015146986909995164
-0.0059557176396016764
0.009745352163633036
0.023520006376707148
0.00324811104127809
-0.011685540413136852
-0.01026548432908081
-0.008941185808476249
0.025683508021158374
0.0026362734322575854
-0.001231493893317559
-0.003886330022391693
-0.0025694353353604704
0.006987426355754778
0.003152393790042396
0.019045501052779468
-0.002347045934551595
0.024360604359980886
0.029003803655145433
-0.0036884720503946866
0.018570856685339976
-0.008361263132701247
8.039512831237161e-05
-0.0165496748432008
-0.005546942518519948
-0.09504788522749319
0.05335482444575135
-0.0014689060447872215
0.003442922489134137
-0.006066641671053752
-0.01297423364482242
0.0060822174754098235
0.005409178517170599
-0.014211361376827991
-0.009805794582306238
0.0018896451993555274
-0.04067379804095772
-0.015984018566955083
-0.007067415248161346
-0.02005018228322264
0.010023197178946397
0.0026673588287797756
0.015640825598123964
-0.005645978710217658
0.0005422438789626227
-0.0039826723430964606
-0.0023667332791070805
-0.0043045881014691645
-0.002491656185736435
-0.008070745281143488
0.010766960995159724
-0.0012288049318773808
-0.0026449197578131134
0.010858291509882712
-0.011005704865190591
-0.004952573625490064
-0.006823801736946855
0.006346325449556822
-0.0041100257716011335
-0.006927468964429195
0.004994045707078509
-0.03451995711332145
-0.03242178636606896
0.025582361835763567
-0.01099453039877174
0.0028257413213448324
-0.0037831659665097384
0.016885855679802386
-0.01637268714330986
0.003269997430017213
-0.007461464723822697
0.0004140739057394427
0.0010678671998523015
0.006386547529844577
0.02133457235508729
-0.010057039166483595
-0.010803153587201297
0.01366762096148788
-0.01366762096148788
0.013142238188322608
0.005225444082203268
0.0045212504908600515
0.02018148067758707
0.002477058648718611
-0.010587426510962672
-0.006104515047300474
0.017757919642902742
0.0025779628727313764
0.0020213110217528474
-0.00018062989941647345
0.05589415710195933
0.002534183598459361
-0.004763789796063733
0.019716854802712014
0.013864567951136664
-0.02684804009488051
0.0033409440368963317
0.004423563657480312
-0.003332892895301587
-0.013968198866894266
0.0029362369381198405
-0.005892460791401266
0.015105113432876571
0.010930267803566984
0.0018500595292101352
0.009703072976530613
0.022434641868149807
-0.010819579486429642
0.00464618578736431
0.022852498991852155
-0.006512376095034078
-0.004381027412037497
0.0423817511532234
0.01347286978522444
0.012255965923438694
0.007891840430976682
0.004567081466682055
-0.005735901985318037
0.027895814693397192
0.05588084082255218
-0.012399467596900138
0.03220714381167156
-0.022485925433653353
-0.027507914993028848
0.01347889380569578
0.03480582075164396
-0.03127657600911693
-0.004851757630009335
0.00629182069031442
-0.0025190973605342393
0.017030782188582005
-0.016349848426719937
-0.019134711429060758
-0.04869251178634748
0.004631283364791017
-0.0004993436418629926
-0.0046949123326691655
-0.017763572261988436
0.035799152715861204
-0.015556215364643577
-0.0038217928240724675
0.017173462937682515
0.01650208863288194
-0.0045679376602087984
-0.05524904446372636
-0.02497942898987837
0.010246181612773242
-0.02235978350701595
-0.1784417345119702
0.003723223879901205
-0.008302341018583625
0.02167651543090754
-0.08483240712015538
0.03710598391323838
-0.00981289790186457
0.07171755692288517
-0.03992747829187726
0.034356462971626645
-0.03773322358037001
0.027849579936692237
0.023601836219000916
-0.014680440713220388
0.004472362250072415
0.0028193839773242857
-0.021224033913221252
-0.017938814060865838
0.028065437348104627
0.0009060613891658242
-0.007894108331162553
0.02733276180307387
0.00024721473950783945
0.009291383410544807
-0.0032172356983517503
0.06081967917665887
-0.001990779768224815
0.022853332463458553
-0.0042613046563890755
-0.029066546098551527
-0.01218851617904626
0.024680296416992764
-0.020301756605660692
0.006827717901085162
-0.003896274328345495
0.03898814661203831
-0.0038466984920337843
0.030334191580746683
-0.004695121208380115
-0.02406590565394584
0.0033304567799050666
0.02488501862567505
0.013943272994251021
-0.002073558494615213
0.013573162491099744
0.006377158727067567
-0.007206157654483736
0.006300848138971915
0.042640756687174264
-0.010587136751543103
-0.0038356742032177316
-0.04714749964310805
0.051926579306437404
-0.009862747860160503
-0.004783514596044647
0.001142713811476792
0.01315513748933661
0.005440085518356508
-0.00509167436296476
-0.051926579306437404
-0.003081676765414265
0.0065312142170825815
0.020031558397854532
0.008962431284473826
-0.020690347481040483
0.015191920245458679
0.016144418474224764
0.010534124932567668
-0.0006739423375345943
-0.004354689569654457
-0.024436371869691165
0.0208709539690215
-0.0015847898041387865
-0.00354493829609126
-0.0030223306593812893
-0.00578598163491062
0.009902147661784433
0.016085291976040583
0.011684683371226079
0.028653986845159185
0.00011068117510593112
0.011233714213652934
-0.009797419939152618
0.009887278308201797
-5.3912790324517346e-05
-0.00019773751043983268
0.0008621946388509549
0.0008783950165232035
-0.00017912005611631088
0.002037602344071132
0.007530693786781395
-0.02806961789433471
0.009413210646936232
-0.001062382644934079
-0.004961522360094506
-0.002324972264506009
0.0017123877812084132
-0.005119958104121469
-0.0037377570288188444
7.582949635631664e-05
-0.0029672054798495218
0.0027207111919884674
0.02885416599242463
-0.0026702892898859965
-0.014987494222194808
-0.0017780761046011229
-0.007601330385297089
-0.021567209363452466
0.01159440853212823
0.005015025742328483
-0.0037221083764302776
0.011240989211199537
-0.009587044893378582
0.0009204001471929679
0.004288563009966495
-0.007827406587539443
0.025026306293812084
0.0011106117690693473
0.013233902579161239
-0.009143754711449681
-0.003581308346229495
0.0
-0.0008180689199983604
0.00025467550141922146
0.005116318444783552
-0.006719622460112262
-0.009858165908146699
0.0005225044884671348
0.006791049297333096
-0.0018030468273391165
0.0016194050292188678
0.015693231084834558
0.0010793447424890523
0.0462255517234027
0.019722873874110647
0.02900973065483381
0.006889570498453956
0.01927476731416311
-0.006696822499175692
0.0035431832033987476
0.02130152276675723
0.008784696256970648
0.7182557073818914
0.008171626384299024
0.022796692684279307
0.006428973947187888
0.02611089073096684
-0.0063567346049207
0.0026121190650223447
0.0065624809793281
0.0034799242351173376
-0.028228855723833046
0.014216899495644864
0.0035293451588915836
0.004730773523491827
0.01087244926100217
-0.0005648589581030983
0.030952491410148664
0.012499696152437512
0.023667348144695843
-0.007359289674580882
-0.012070702990460092
-0.042053745765685324
0.007150029435579963
0.018979002799865974
0.017971080854233268
0.0006914095762877714
-0.015695603265637903
-0.004940999283849834
0.005888153848792932
0.02383060700024009
0.03210303907217993
0.00962145700601269
0.0003304351928288263
0.00899767540879548
0.028054146393312163
-0.0019552179091952837
0.04899379628463896
0.015284793399798158
0.007652747004474936
0.00027937728610716306
0.004145666031182493
0.04111821980272268
0.006912873419293142
6.663734867906612e-06
0.02514091824973841
-0.004537995937962336
-0.04265491408205735
0.03161927996211222
-0.023091971442676495
-0.05274774713166819
0.010790186420105652
-0.00013631300166716542
-0.12112845915313075
0.02596172710118383
-0.08876338340614076
0.020513599042585984
-0.09485329359415084
0.14074685399776232
-0.011687067000362816
0.039659942765742695
-0.012288892805483176
-0.049686720220373015
-0.035494438752511126
0.03737994597712868
0.027745237735188777
-0.003471937793986246
0.023594937994662057
0.015749414052757427
-0.018854567688970647
-0.011155923802207202
0.012521466849756635
-0.008493612254945493
-0.020300955543610222
0.004177513339941097
-0.015956442164312357
-0.01578553740103006
0.004987567658806924
0.02074125190724274
0.0025711564519630414
-0.003395429390523841
-0.021642540999608162
-0.010106844629299783
-0.028488286544720687
0.005778832578660076
0.007362855314832828
-0.06671648121843488
-0.0021903055610561495
-0.00018227481003529888
0.01647218677853779
-0.030905035052953167
-0.023887836073269053
0.012123677478920847
0.06928408331530189
0.012107730149832463
0.009079821892435724
-0.0234025943829419
-0.005519067740490602
0.02540759767932821
0.024996192908253168
-0.0256463755135794
0.01795228889177647
0.00997892132279743
-0.04359106714253835
-0.0005591064063730222
-0.008341388835071406
0.007090452962319027
-0.02120184704605821
-0.017323512889497295
0.008832245478113343
-0.013683996738711013
-0.005831036573765047
-0.0003566180629634985
-0.00103493448644576
-0.017475816060361193
-0.006104501464686329
0.035235299683987975
0.015353999464839063
0.005284250093925635
0.023508536697340432
0.0006667834089686409
0.021162938789792918
-0.004176440785589541
0.009833430481609451
0.003419243681075379
0.01944480380543956
0.012753290206726664
0.03014402990407339
-0.012055165110625765
-0.019279464344687636
0.037620706797422354
0.015242398814125035
0.016475536616159747
0.024170892296105695
-0.012839677254300241
0.011064303057815028
0.012326007571803022
0.010723362094866129
-0.023148450624166372
0.029401809720903227
-0.006829513098892459
0.004107653206953721
-0.013294325784575456
-0.01293569520386928
-0.00914467322755197
0.021224371817188725
0.013865340022696682
-0.0038818067897987696
-0.010560186007879224
0.02488585811527244
-0.016315445126267036
-0.0011709046249426258
-0.012285559786707978
0.019832628391164064
-0.0033647406601184926
1.6090890738951202e-05
0.01348295875351102
0.006418013964675673
0.041265282597183095
0.009138307990156136
0.012227771907772578
-0.004010185940636735
0.004642857327224359
0.003436401525052979
-0.0636029452677147
0.007093913016469333
-0.005110745735779076
-0.023788543947848684
0.006251680985411845
0.014241842243516434
-0.01498984471649134
0.01131344278189328
0.023310917400592768
-0.00798175388235034
-0.015470692060817637
0.0026133994147259365
-0.0042223433995278725
-0.046951284915635494
-0.03650158498592715
0.03776182036532383
0.016112647353615284
-0.030013100080972688
-0.0015673642125015874
0.004910224805754204
-0.01361511865901388
-0.006444910503796031
0.02267645874045021
0.0443530275914501
0.01765407669208896
0.004900643859346854
-0.010590846437601442
0.017882777558841045
0.004361011237516532
0.007674761289786058
-0.008368023459011553
0.002893858503270952
-0.006727941377562718
-0.003972688133135005
-0.0017758451707541312
0.01179401108982292
0.022542828840704576
0.01315433358834639
-0.005382858526725709
-0.003138268040058012
-0.00835288345033014
0.008331192785743902
0.03338362701565689
-0.0020228488659559396
-0.011230255717888493
0.011162275384726694
-0.006875003797640833
0.016408682699546873
0.0085796315815716
-0.02942929354018764
0.028630775090504823
0.01487603731863718
-0.009164849585327595
-0.007022798006797615
0.007057048995850135
0.019094306693230756
0.010825733130394699
-0.009911847271638852
-0.00607490646260489
0.003370053233108905
0.012108652445268486
0.014618405784174726
0.002612650767741531
-0.022966942977230342
0.01794463717086492
-0.00818422754456316
3.7307718012691282e-06
-0.009321758100566235
0.0007321815558110067
-0.03054609368827288
0.0001020519886409943
-0.024427129256125557
0.028023393843966016
0.013842612045564362
-0.005310923351409702
-0.030493363529346507
0.027928651331441845
-0.009278642756692435
0.024008620578401363
-0.04363478535453291
0.0013623891783400843
-0.004869447901626689
0.04252841608883173
0.016805722083001573
-0.005785641716394618
-0.0019085584057547678
-0.03300759817643506
-0.015095409782175828
0.00934731219553786
0.016818124667120404
-0.003247357459277289
0.012777455904882995
-0.02566592937265888
-0.018033484521242205
0.0034871194995340637
0.006269168081726839
-0.03499804576858878
0.009398830916407253
0.02303207534357643
-0.0034283153655696452
-0.013610154208562264
0.007891133278299378
-0.005724546154988186
-0.0015834065846211942
0.012580754093251656
-0.0012700288572689011
0.010562580898060947
-0.005027011981735718
0.005648286406731984
-0.0038324896200037095
-0.0025115170774947515
-0.027954217923154445
-0.00941246413712804
0.0012780017614466566
-0.005607756650424456
0.0
0.0
0.0041268843656743215
0.011694334417221786
-0.03210618622010797
-0.015621321474666772
-0.027765250728231994
-0.018872767515867306
0.01216893113987183
-0.012670027454905863
0.02153908557840767
0.018065607915765725
-0.012693341928754709
0.00809871490717251
0.0004232579036491657
0.0015086475140577704
-0.024388558419214057
-7.821750859937637e-05
-0.00687894159918212
-0.004839891875240809
-0.07212316645927253
-0.02795371204624031
-0.0013281540589540342
0.0006174656516511057
-0.005243357774310287
0.0009438550001261703
-0.010522729990424473
0.031069317526253748
0.013748618741119767
-0.009331368046238797
0.019740177255577418
0.018635070954661437
-0.022650625222807808
0.0008707178577003205
0.04560422055221647
0.009740148211192956
-0.002784641469459004
0.02114722658335122
-0.00509106204968246
0.016787374984469583
-0.01695183612578033
-0.02697937918510851
-0.0074023310572091106
0.0015077357322552665
0.004067724235422343
0.026413136793485226
0.006082655199815878
-0.03562477031404088
-0.017066108644697486
-0.0066722103372773844
-0.01512447126035088
-0.01066393849274494
0.004102192944087424
0.0019297022419255683
0.0027953665400408667
0.011894057267975988
0.018478061458589323
-0.009632188768132544
0.008724719827479799
0.020462396840566832
0.0027117868973927095
-0.025722133541000503
-0.03157014519991774
0.007946368765581635
-0.003964086799340905
-0.02524870178136185
0.012956385843564178
0.024698784629574533
-0.017098845347195635
-0.005428919585887204
0.0027665862664187912
-0.0013903514505484438
-0.008991819706954729
0.01666946072048381
0.023736579763780963
0.005605805379770068
0.02101843586876262
0.0009624372527397007
-0.019266335905340437
0.012663188362248778
0.013573450115360153
-0.0027295818124164484
0.01765073426093089
0.002697602436680935
0.0024848712989737898
0.004852380025853531
0.031405478538145015
-0.0024935539297241682
0.0019201707334000062
-0.01465337922057941
0.018295636251266068
0.0036720146053563774
0.004712943555146953
7.424641104591956e-06
-0.008299036324751263
-0.027208642169753716
0.0007553684425274376
0.0012689558659610967
-0.0032386157547961147
0.0085854115876689
-0.04125711636864038
-0.0007134315916244027
0.01691049697691005
-0.013030592738901614
0.002463350809584597
0.0003967945611438317
0.0018231664974943662
-0.00587544204305912
0.012939642226411419
-0.0014008627723698375
-0.012298193788013556
-0.004062560877931887
-0.0012439489616076216
-0.001646016255786531
0.0061163589891397585
-0.024525382921030126
0.005379891738383602
0.012276732133971624
-0.02135438297647907
-0.002469807223310916
-0.002649930596135608
0.008312243459793756
-0.006701931138274553
0.024452456071386575
-0.028672236597504952
-0.008140516226440297
-0.005212316728253175
-0.022188656154203734
-0.044750821252946604
0.0067118872875511215
-0.05801088078543826
-0.023832543362539038
0.025272354934001928
-0.010075911836163076
0.02806367872299509
-0.020123635209706503
0.003926828443765906
-0.018666296193835752
0.010778965706746302
-0.01235356937008536
0.0034407750919056568
0.007192873784771514
-0.0019746215693174918
-0.0061657769443610455
-0.002142844738294958
-0.030706508067146476
-0.019951935157771494
0.011783673135411288
0.0009275737835463538
0.03652608161705251
-0.00026697748249082665
-0.037436468278641666
0.007539209961094251
-0.015540126048152914
0.004652501841656775
0.009244259321224746
0.01066344908032324
-0.004013834283877582
-0.01135599950076882
-0.0005059098176678489
-0.02922685839153738
-0.042128531137674674
-0.0027174365503945808
-0.08619756751058993
-0.01879925474429811
-0.002873738777061874
-0.031181415657674183
-0.0015854665616661379
-0.08339891203832028
0.10118088593653418
-0.007752992310182005
0.0008876722821145044
-0.029731498035690418
0.03470979061620749
0.030726152044084465
-0.0032614977018954328
0.0134279883646089
-0.015889383223433917
-0.015285789723286314
-0.020002175101161423
-0.04045408963009356
0.024207632127037915
-0.0017411028326068667
-0.002035359179374918
0.025395157056892437
0.011843340897693011
0.0029363107899058605
0.028029191376009788
0.0016912195679483766
-0.008547684826305968
-0.01856104898311095
-0.011435016675080067
-0.036305499464427626
0.012151523940585385
0.04495410640002673
0.022529330031467953
0.03015996219501238
-0.0010524599539802892
0.03992095804425366
0.024646804720428683
-0.01094560029639391
0.01806586233692542
-0.01605357348230818
-0.0005463289688041328
0.02302784633765631
-0.023725984374441733
-0.04270222367476695
0.06451494783678813
0.0402941142270512
-0.006058481506466151
-0.007368747897743333
0.004441281855754653
-0.024025110655434556
0.006296343695002982
-0.002475340128672787
-0.013830158855366648
0.02343857547540429
-1.2929317501075843e-05
0.009109599781429
0.020379800363551137
-0.025038673719213644
0.03596126560837698
0.01358060048713483
0.006932185752211328
0.0
0.001903893618324215
-0.008359069651704853
-0.004560954324242861
-0.007651017642853475
0.006124619433427458
-0.046671171856516036
-0.04140917016763446
0.02285968627466861
-0.010006726774473229
0.018400759560787794
0.009433646138854446
0.0064992126464296085
-0.040626024281547046
-0.021632166964614452
0.0007473915742974846
0.01794717267373258
0.0038409253046571834
0.003052893268280954
0.0026661593100665293
-0.003338726841409123
-0.0043650851916177125
0.005308599493481392
0.007151805681575585
-0.004234654045326192
0.015619801332701577
0.001367074902165033
0.019741124754699246
0.003545116682158067
0.006319542974595915
-0.0092092348440862
-0.03038445433336312
-0.001488377099636562
-0.02764396295822147
-0.019407593361221664
0.008969638982992745
-0.028456639641821546
-0.005424022260554828
-0.004618692078426356
-0.009446886248611008
0.0032593227085411236
-0.007847164450973665
0.013743613368209395
-0.01642700593074098
0.010776481527090542
-0.00011474744337292009
0.008378305024891564
-0.004071540588871603
-0.002050174453617881
-0.0072362160296739475
-0.0021945866931427638
0.006911818966461425
0.01254694208938334
-0.005581938257991137
0.006027956691166736
-0.010473976766203652
-0.0019615863605735306
-0.0014112736939475568
-0.004626877905714366
-0.008522430339463316
0.005785988915797624
-0.001769009091574958
0.002490622895535033
-0.006643160889224564
0.00975305826985684
0.006444491166422317
-0.005153867684927871
-0.006626003629640387
-0.004248237020149315
0.007084150200713957
0.002830761881734478
0.0055936875958511045
0.00729111989142206
0.0379364200459551
0.022643012837793908
-0.00728075506984327
0.009150251373597484
0.018158449624709583
-0.01060118331506743
-0.006306137011492741
0.0029880861996804953
-0.017899979989266956
0.0082591894599644
0.024786620066475695
-0.005142809604141707
0.009039517703062216
-0.018959828005898682
-0.07137313840970405
-0.0824982424778371
0.07660678537381349
-0.017555343765270237
-0.0036850076019780964
-0.01434536219083693
0.0036664560730503837
0.0071367437379903365
-0.013996424068392965
3.6009658152647006e-05
0.0005757488381932241
0.0008370715142738128
-0.02566277056566557
-0.01847347294659052
0.014060973814966182
0.014796333786212923
0.009966984242490984
0.001287906591067589
0.0037619601354799137
0.0019349786153624038
-0.015467314442476177
0.017016239183336168
0.026412756379140312
-0.006580038222932849
0.00495108144487455
-0.010086669256936354
0.005339753520704704
-0.005891151127742411
-0.001066872273789432
-0.008415612234863534
0.015883630389373238
-0.006366663012632223
0.002852575601824725
-0.0009602219241200416
0.0033924085533594273
0.014696004405919005
-0.002609375007287529
-0.015709120471615545
-0.02463793258115876
-0.007406467839058184
0.0014766912625794326
-0.0010331564339995936
0.014691854672382654
-0.0014846465990703273
0.0010022460141887457
0.0024599925602886152
-0.0009609470022904354
-0.00024948188067153154
-0.0004387227652844494
-0.002315078622366684
-0.00856895964938964
0.0027903199575347593
0.0013250380027196584
0.00032972330126712635
0.0011719317180443056
0.006026484160111423
-0.0029382252183780544
0.01451016038086994
-7.284986713429475e-05
0.004922731820037107
-0.0006453623916899964
0.001851127755047699
0.016281446284129863
0.00679653785084966
0.001201744967130658
0.026172882666945174
0.008618086353315402
0.0244445657656156
0.004011649416193475
0.007298306626073003
0.0004122657796878926
-0.014386153252714529
0.004421481281367878
0.02517792419236997
0.006461102955073628
-0.008897678333690706
0.0008634087971102211
-0.008913358765736401
0.005454743432236064
-0.004125255647146275
-0.001003522434357862
-0.008810500067832017
0.020570263636111363
-0.023511929834933998
0.0057919721825463455
0.015573980857482628
0.0002655098706547676
0.005499224738891861
0.005947817030278024
-0.015125492441201427
0.004235493601963736
0.007724497503017069
-0.0038976245826773948
-0.03050222160794025
-0.010066170869350799
0.008660128515574073
-0.006932622332071592
-0.007363531040936344
0.020172299207739552
