-4.488857100174729609e-01
1.583697235231364076e+00
1.904657197446621153e-01
2.312306734571618061e-01
7.687236787044917641e-01
-1.245786545541285983e+00
5.163546177658352443e-01
-1.086451155991765116e+00
-9.776371854832747177e-01
-7.459439027158100144e-01
1.055738244349163191e+00
-3.762483855518802267e-01
2.107719078429245441e-01
6.290926213055815230e-01
9.642590230006065077e-02
-3.997456760518431906e-01
4.376072939397223638e-01
-2.799876646706278005e-01
3.371646806413636926e-02
2.405203236027835811e-01
-2.643948486638015849e-01
-7.476709501909667432e-01
-1.521423420722075592e+00
-1.407646136342198373e+00
7.829841037339344556e-01
-1.186518957977823918e+00
9.556310623557453532e-01
-5.247951066599358949e-01
-1.088300291569168354e-01
-2.391883771053644470e+00
-3.376158886122622438e-02
-2.733476927860998273e-01
-1.678485255459665870e+00
-3.240973174279523916e-01
5.963514652354058310e-01
1.191800924329076555e-01
1.276147019261990589e-01
-6.699252439899022749e-01
1.980810773201619746e-01
-7.772840225784005685e-01
1.295328267032690439e-01
-1.375719105638901096e+00
-1.499343655868405234e+00
-7.410366042126440012e-02
-3.102014356150716967e+00
5.265077089931705645e-01
4.303221261501327666e-02
-7.049062329301728491e-01
3.399765535024206753e-01
1.368897635333175655e+00
-1.827335516001256099e+00
2.005131246561877578e-01
-5.254618536087245495e-01
7.499330899990583887e-01
7.144130437817153290e-01
-7.705844377970822064e-03
7.624078491666448354e-01
6.768007823170322235e-01
2.266874176014971098e+00
1.430752228096066059e-01
2.874280521516450748e-01
1.084610843044914841e+00
-7.911035750677727352e-01
-2.466631480098024354e-01
8.087112824557439739e-01
1.345758956755616964e+00
1.474620975711178783e+00
-3.021989731081507480e-01
4.999113789692568033e-01
6.851564737061279775e-01
1.548576604809921875e+00
-2.630973596563014105e+00
1.227785980046979697e+00
-4.822780599550826608e-01
1.086669380708597199e+00
2.102896166390723909e-01
-4.665140397846926912e-01
4.347300944046524757e-02
4.830075586907155438e-01
2.054711045508125888e+00
1.608979470326281358e-01
8.050710542546217763e-01
-6.150219918330329660e-01
-8.479045347627188756e-01
-5.413791111374868098e-02
1.066559591099726090e-01
-6.369989531814602701e-01
-1.188529605311685611e+00
2.135184642036186964e-01
1.140483777664799581e+00
-3.152598779634136709e-03
-5.334168591269758952e-01
1.097137219926000995e-01
-1.047003019915622168e+00
6.911029856988381015e-01
1.115735216627854604e-01
5.690410486808386015e-01
-4.563229760488101694e-01
-1.630063934664141456e+00
-2.015132677113004700e+00
7.853011958647196922e-01
-4.859380943769264216e-01
5.761511537558822171e-02
-4.592787724389398862e-01
-2.094614680946071061e+00
1.744340311502768470e+00
-2.915770976675005066e-01
6.679094040377105967e-01
9.173210859240014947e-02
4.325044251758038971e-01
8.620124949104963630e-01
-8.337567253034694481e-01
5.470077084336107953e-01
-1.164860034344371124e-02
-5.471101153923132836e-03
-1.177734594390700412e-01
-1.417673622938342148e-01
-2.407406269839167390e+00
2.532436284048199537e-01
-1.358212204516054955e+00
-6.498313824980972431e-01
1.523841610063640273e+00
-1.202422763600044631e+00
3.981908860063460009e-01
6.321037438398295627e-02
7.433365715105082483e-01
7.315844520539568352e-01
-3.229435949141745005e-02
-3.059502888113544428e-01
-2.562939509405435690e+00
5.069546911862324867e-01
-7.450150747151190744e-01
1.790715779426935994e-01
-1.219901296226950871e+00
5.368086994023001379e-01
-8.974123464503999115e-01
6.574527837335366609e-01
7.971216416721348397e-01
-1.740986045520480016e-02
9.406664843385293961e-01
-5.279849705625060396e-01
2.487710044808867371e-01
6.621641684177664855e-02
1.653213258796782381e-01
5.897606921302808169e-01
8.679748427349229245e-02
-5.318638542104691114e-01
-1.645967718120125989e+00
5.490448932457351328e-01
-5.477687239451447532e-01
8.382955716822973469e-02
9.632676516802624045e-02
6.998349996555007779e-01
1.127334415551071833e+00
7.761718693756423093e-01
-7.020849394537419519e-01
-3.781732715623489227e-01
-7.800654465933953841e-01
5.449208382744652468e-01
-1.306093698132708980e-01
-2.455829436032747615e-01
1.123692535812080173e+00
-2.303873941729097652e-01
-3.353877160652973255e-01
3.341335181708725566e-01
1.287539504260805032e-02
-4.214458165888204655e-02
-3.543708188021831851e-01
-9.980496095400065437e-01
-4.869268007823918665e-01
-3.502971518029026066e-01
3.431349530112098312e-01
-4.586653496997016299e-01
1.353024404784874957e-01
-1.167007000976724718e-01
-1.278320439636567496e+00
-1.144672616422279132e+00
4.664563123980879356e-01
-1.772564073350718417e+00
-7.779320794112988269e-01
6.620043440922952771e-02
-2.241741110941669834e+00
-3.118802780155474075e-01
2.375661113105742295e-01
3.798326202287887199e-01
1.756048996047881561e+00
-1.430092509047787619e+00
3.565694376620464623e-01
-1.975390353719424397e+00
7.164910332117818692e-01
-7.043992555317420967e-01
4.187643550386532798e-01
3.800384592068072331e-01
-1.807377339817564099e-01
-1.849751990544072910e-01
9.180276586623300483e-01
5.141810300467005712e-01
-3.994834363399686339e-01
-2.637610617243320577e-01
-1.254413457634549756e-01
8.953299480768831531e-01
2.759153753738786269e-02
-3.664464794106096490e-01
-1.570857107126561181e-01
-4.941366146985036956e+00
1.269096416650610515e-01
-1.211224219157834403e+00
-1.653902300348916166e+00
-3.334207143032318077e-02
1.280235552848629499e-01
-1.148651421155947094e+00
-1.603135933615082998e-01
2.353309444042924969e+00
-1.833198441472351226e-01
1.118283273966002245e+00
-8.513901071451075719e-02
-2.339777481136338988e+00
1.118004237422014269e+00
1.646058364409280772e-01
1.192837913370903280e+00
1.691044274443400219e+00
-5.067126958725532981e-01
3.556733286156296692e-01
-1.304075014822832168e+00
-6.646026766617930681e-01
-4.006709057277284547e-01
1.175172330953869082e+00
-6.168024021849234373e-01
8.025060196724864703e-01
1.828424893131385121e-01
-1.233336362935264358e-01
-3.850834843107625027e-01
-4.155155952899799998e-01
1.970292473749493956e-01
4.808720956193667795e-01
-2.157281206381912175e-01
1.679466336940399762e-01
2.767621419931690085e-01
-5.483594343582075953e-02
-2.116281608194272301e-01
-3.560862765948973774e+00
5.498239763562039473e-01
3.183124800862764947e-01
-4.043814917459401248e-01
1.148232122920229470e+00
1.254617244763960027e-01
-1.493198532970207437e-01
-3.471405835288675634e-01
1.411867921141147508e-01
2.527478623269447389e-01
3.142110349515617185e-02
-5.490008324882609397e-02
2.769127087850174751e-02
1.037628406615904823e-02
-2.082206260349892327e-02
1.390607447298693178e-01
9.462716717879610107e-02
1.561690133370339517e-01
-7.381892211272559345e-01
1.490279983587809998e-01
1.759246964929118140e-01
4.580853224465198520e-02
3.203593381065694135e-01
-3.765669498007242350e-02
1.493886280222110619e-01
6.758970747287145198e-01
9.511164414312628379e-01
-6.089920939422072826e-02
-3.838788506105790255e-01
-1.538002303209258168e-02
-1.037618242709405572e-02
-2.976404802265502844e-02
1.054842702986200781e-01
-5.803762017119029615e-01
-2.970365802551240719e+00
1.788579455930307260e-01
-2.002328160118718448e-01
-2.622600941484342085e-01
5.914827831341165076e-01
-3.941240403973514272e+00
-2.359512307701824518e+00
5.090865351333584421e-02
5.524362523128710789e-01
-2.228272131221257890e+00
4.815558534041945449e-01
-4.276966198295133026e+00
9.793933669246691620e-01
-4.259456707207988080e-01
2.691638463443507323e+00
-4.565758330233648521e-01
-6.356538628466964491e-01
-1.140571444619122188e+00
1.069326555954670244e-01
-1.238804172508130907e+00
-1.262652278749153201e+00
-3.803360908288566100e-01
4.673396122400848979e-02
4.673396122400848979e-02
-7.489819461190158068e-01
-1.968269510279262724e-01
4.676366314728309104e-01
-1.206168354905192475e+00
-5.300131941751936582e-01
4.673396122400848979e-02
4.673396122400848979e-02
2.280019567461645025e+00
3.509052418043839827e-02
9.480164547192058144e-01
2.359815079457125986e+00
-1.029796208055708151e+00
4.673396122400848979e-02
4.673396122400848979e-02
4.049187532344711293e+00
-9.354522909296768551e-01
-2.708722442838987221e-01
-2.832904447121169511e+00
2.488884928020330012e+00
4.673396122400848979e-02
4.673396122400848979e-02
1.461466695819777784e-01
1.058893099290105111e+00
1.314613827780673372e+00
-7.573883438389542588e-01
7.309426601643451704e-01
4.673396122400848979e-02
4.673396122400848979e-02
-3.543808788758857076e-01
3.398315690043571813e-01
1.573747285064817925e-02
-3.937047601369736860e+00
2.026195427202708010e-01
4.673396122400848979e-02
4.673396122400848979e-02
3.107420627950950934e-02
-1.132585186500575603e+00
3.425210541795279950e-01
3.363683079909637330e-01
-6.990906587288664431e-01
4.673396122400848979e-02
4.673396122400848979e-02
-3.860688652764974749e-01
1.917097568994506895e-01
-1.734997651530190421e-01
7.017819430187151319e-02
-1.726712411862751373e-01
4.673396122400848979e-02
4.673396122400848979e-02
-2.063662538224202425e+00
2.356562088948071509e-01
4.759406014962077602e-01
-1.955015824075836406e-01
1.458178366166534845e-01
4.673396122400848979e-02
4.673396122400848979e-02
8.258726126683288427e-02
-4.098919977106799117e-02
-4.596051834835954697e-01
4.717111732003431146e-01
1.777972887416711556e+00
4.673396122400848979e-02
4.673396122400848979e-02
3.913224565934600441e-01
7.711647125584071560e-02
5.677790733120627875e-01
-4.083655812212156344e-01
5.527587898667433164e-01
4.673396122400848979e-02
4.673396122400848979e-02
2.615359358292804082e+00
-2.800251247603793292e-01
2.743149447151909115e-01
-1.341656721870578828e-01
4.691762508351102201e-01
4.673396122400848979e-02
4.673396122400848979e-02
-1.499786292561856138e+00
-7.238539474644067884e-02
-5.032386414667197050e-01
5.891828244169723394e-01
1.960514349132940204e-01
4.673396122400848979e-02
4.673396122400848979e-02
-1.570058607767228498e+00
1.747963600713321020e+00
-2.799024959676656432e-01
6.672456552244248051e-01
-7.572211291202942673e-01
4.673396122400848979e-02
4.673396122400848979e-02
-4.370701705386629832e-01
1.724902353377039954e-01
-1.961698349930225682e-01
6.614861295372617689e-02
1.111906299401769882e+00
4.673396122400848979e-02
4.673396122400848979e-02
1.975695238527588604e-01
-3.806017978034335614e-01
5.467005896393035969e-02
-3.022858871313248708e-01
4.870385663557306732e-01
4.673396122400848979e-02
4.673396122400848979e-02
-8.822495433290857836e-01
5.423221460851025411e-01
6.586314132413193523e-01
-2.369505101708458891e-02
1.231195117808069339e-01
4.673396122400848979e-02
4.673396122400848979e-02
5.451014298658335422e-02
2.128016460188506098e+00
1.889418246349843900e+00
-2.465743989651004497e+00
7.152007207863020355e-01
4.673396122400848979e-02
4.673396122400848979e-02
1.738993795741799575e+00
-1.780597904728943304e-01
-2.794682331763203020e-01
-1.228379631486037349e+00
-6.140351133700081010e-02
4.673396122400848979e-02
4.673396122400848979e-02
-3.367398893279088812e-01
6.075026918924956165e-01
3.002403574425135946e-01
8.441774612055922278e-01
-2.003305411056036101e-01
4.673396122400848979e-02
4.673396122400848979e-02
-1.181115655222707977e-01
1.173565565399765503e-01
-8.735137037880799094e-01
2.421112484991017333e-01
-1.835319808314331169e+00
4.673396122400848979e-02
4.673396122400848979e-02
1.218459183030765169e+00
-5.831321936060427369e-01
1.174161656134615095e+00
-9.008062602895252624e-01
7.984019159236459551e-01
4.673396122400848979e-02
4.673396122400848979e-02
1.756881933404303098e+00
-2.490641715877996154e-01
-4.321528740400940594e-01
-8.688368007170413909e-01
6.711525687663212336e-01
4.673396122400848979e-02
4.673396122400848979e-02
2.225491807438424008e+00
5.031278315658491707e-01
2.583814995718691776e+00
1.079037810162629007e+00
-1.682216010020680663e+00
4.673396122400848979e-02
4.673396122400848979e-02
1.529835569253714667e+00
5.946713915972008380e-01
-1.052828108233955007e+00
-1.638596939404785013e-01
6.765109425269373311e-01
4.673396122400848979e-02
4.673396122400848979e-02
9.333815429722617241e-01
3.976949550581128645e-01
-6.790538446639460268e-02
-4.713551084209842146e-01
-5.292311356584043086e-02
4.673396122400848979e-02
4.673396122400848979e-02
-2.827734769598943751e-03
-1.672521217411241601e+00
4.099928975647137985e-01
3.083441230554435086e-01
4.673396122400848979e-02
4.673396122400848979e-02
-2.102718523110261306e-01
4.300681979935756793e-02
8.517715820315790998e-01
2.623588264978130025e-01
-3.607793868459659853e-02
4.673396122400848979e-02
4.673396122400848979e-02
1.046882100954813044e+00
-6.202265661537099684e-01
3.550550662013083336e-01
3.414895186364718671e-01
1.341783558117292774e+00
4.673396122400848979e-02
4.673396122400848979e-02
8.131967510553080869e-01
1.566344999454669096e-01
1.532318442724956320e+00
-3.327511578955817839e+00
1.155523911620403243e+00
3.941714606524209241e-01
-5.232575235989055384e-01
-8.763998058897134458e-01
-1.024616071561169732e-02
4.261767134981249705e-01
1.386823149621852803e-03
-3.720592437331288194e-01
3.529530181080602902e-01
9.157756890680773809e-01
3.216180751103633884e-01
-3.644410235057581327e-01
-1.075504156843611003e+00
-1.412521542971802102e+00
7.407359396328326850e-01
-8.523178736214089835e-01
-2.340574987073831270e+00
-2.804122541798083068e-01
-2.586820982572767047e+00
8.507513749789519242e-01
1.017482920761396903e+00
-2.923288417598075561e-01
8.910438776470805955e-01
-6.728355494845547069e-01
-3.729870503569198692e-01
3.419080725560699058e-02
-1.855303961426837678e-01
3.437587158978349655e-01
5.172822953004847790e-02
-9.428217332097663661e-01
4.234839307384939688e-02
3.767229866783762815e-01
-1.410356106843414781e-01
5.542369067618350131e-01
2.448768993759428969e-01
-1.140739209602967402e-01
5.612453414500699900e-01
-2.612467886594571458e-03
8.407361143976977980e-01
-4.022501957840173836e-01
-2.280236509102384970e-02
-5.261477505002322141e-01
-7.916395199072143729e-01
-1.843773165080948018e-01
7.448427251569907925e-01
-1.745747508824793126e-01
-3.233802779277403783e-01
-1.907564058032667820e+00
-1.302425548139798939e-01
-9.604836517652821926e-02
-2.105113606996357467e-01
1.178651764962937776e+00
3.338801406184664367e-01
-1.148346681063458080e-01
-1.069985529014216175e+00
6.617620955424710072e-01
1.127088110533876197e-01
-3.020686797461372142e-01
-4.348124176132243113e-01
2.670046424858770195e-01
6.620453782208043925e-02
-1.619841670997262506e+00
-1.929348701722504444e-01
-1.694687557394155414e-02
-2.059485433775335439e-01
4.471399468407474265e-01
9.867459597416060602e-01
1.819644273697998138e-01
-4.549122185545276809e-01
-3.926682876875446926e-01
-3.349443187125918930e-01
1.068812553183138503e+00
1.566288031647064261e-01
-5.010318302560142455e-03
-1.174520473110337998e-01
-6.152412248437323650e-02
3.354367132487929837e-01
1.780050499309054068e-01
8.147399411087565824e-01
-5.210905874024107653e-02
1.018716300549410203e+00
1.193385619735073178e+00
-1.090298628297371591e-01
7.963116822442137810e-01
-3.097641778419902847e-01
5.010287971440398336e-02
-6.708525243616033640e-01
-1.884081223232231816e-01
-4.794272328583915943e+00
2.058594354085140576e+00
-1.501586119200978148e-02
1.900180831506228518e-01
-2.107133104467887319e-01
-5.117094954671623785e-01
2.984989753350720809e-01
2.709465595318936715e-01
-5.665138376132125009e-01
-3.725959524450365157e-01
1.256255267830715949e-01
-1.806382910936315866e+00
-6.455216912206567237e-01
-2.537993684918228299e-01
-8.289020410811716033e-01
4.583240616194327322e-01
1.579175508503919134e-01
6.817676771411190773e-01
-1.926550507092816833e-01
6.943490695694838621e-02
-1.215555007433057472e-01
-5.294219507222169135e-02
-1.352784027811754219e-01
-5.823029436423842603e-02
-2.971722714848133995e-01
4.882007733061280441e-01
-4.897049959800918104e-03
-6.472177549079330405e-02
4.918632673960304791e-01
-4.250688721813148385e-01
-1.629560909850251704e-01
-2.432949400722000388e-01
3.092901947973541454e-01
-1.269822735354633747e-01
-2.477637167062061163e-01
2.539143474726915928e-01
-1.506274085828646525e+00
-1.405612579797656636e+00
1.064991669346893710e+00
-4.245790242933877856e-01
1.644812739113707956e-01
-1.130598314119484471e-01
7.306053115588017066e-01
-6.629205604004823060e-01
1.828695476735724412e-01
-2.708125751661825120e-01
6.407365090429036070e-02
9.139188762626848650e-02
3.109326137821422642e-01
9.031213456644257009e-01
-3.835618909688595091e-01
-4.161932110352036807e-01
6.038613817732563227e-01
-5.423924994821565093e-01
5.830130584680868200e-01
2.634118010982843261e-01
2.344811354343379339e-01
8.587020372796013712e-01
1.500254570239787921e-01
-4.067482199780517171e-01
-2.123406638509748590e-01
7.646670646094779755e-01
1.542109040997821645e-01
1.310997563497132423e-01
3.916069781980587028e-02
2.144149414850408775e+00
1.523951782536385746e-01
-1.548849195439556126e-01
8.407454388181307969e-01
6.116652400158870684e-01
-1.142254483014175426e+00
1.858030156877370220e-01
2.304612506197119548e-01
-9.391110821222105332e-02
-5.557201324061123993e-01
1.690579390653061953e-01
-2.032322964510385466e-01
6.606780790892852195e-01
4.947486706089844755e-01
1.239791080736966505e-01
4.454369722554710198e-01
9.453066991926266649e-01
-4.169127109663523512e-01
2.396199766648278440e-01
9.612818702552936578e-01
-2.298816887248325280e-01
-1.385395771778960006e-01
1.678973142542489194e+00
5.961384084994628685e-01
5.477431228388317530e-01
3.722061564150757063e-01
2.363665607480457953e-01
-1.965126809566215271e-01
1.151998903159803023e+00
2.143702964436767555e+00
-4.863408520200448448e-01
1.312016919681589400e+00
-9.401983227755323913e-01
-1.173128675401347465e+00
5.963773859028789204e-01
1.407151075617520064e+00
-1.351023250423051936e+00
-1.586450788634725939e-01
3.070641302500106140e-01
-5.939226642877819956e-02
7.362742716625815254e-01
-6.618974226631370028e-01
-7.873525810091562827e-01
-2.208521506427016945e+00
2.390071476869709000e-01
2.578429916367822039e-02
-1.519417155957061283e-01
-7.254081042301752102e-01
1.443257245530016553e+00
-6.264025076957361327e-01
-1.147041552151681076e-01
7.418521481762170300e-01
7.155778117795439375e-01
-1.465181291794044605e-01
-2.546845595311121091e+00
-1.055266712468766244e+00
4.672907395432613353e-01
-9.344077451916412702e-01
-1.072602187969453702e+01
2.015947049472658625e-01
-3.072091143635257704e-01
9.162541163209666495e-01
-4.184544486038725530e+00
1.490542703623481513e+00
-3.729058334510216843e-01
2.658732557991244416e+00
-1.769596404166898784e+00
1.390770789930428242e+00
-1.662066230635472541e+00
1.150267914300976635e+00
9.898629180479923129e-01
-5.873657635231214202e-01
2.324695490668929887e-01
1.642178933895848125e-01
-8.824027711697448595e-01
-7.333060005265281678e-01
1.158346690839098914e+00
8.463777920493255336e-02
-2.895235795230929332e-01
1.130896922881473143e+00
5.708982850906470924e-02
4.288391069043354098e-01
-8.899825528960843279e-02
2.307713002818155168e+00
-3.704405631987816444e-02
9.613137080933379375e-01
-1.334322279322998628e-01
-1.246377691638579144e+00
-4.770448364486661319e-01
1.030846860100712581e+00
-8.403468072509805431e-01
3.289295895549858573e-01
-1.178755246484853025e-01
1.558217288147955237e+00
-1.157645133466014414e-01
1.242838551484754417e+00
-1.519506398150231308e-01
-1.012976527602145405e+00
1.853694469835487912e-01
1.038606789196579561e+00
6.147821211094093297e-01
-4.054246132810115227e-02
6.001163358530344771e-01
3.105492577197910831e-01
-2.597864984327912796e-01
3.074328603862742093e-01
1.688123254298070641e+00
-4.067355392574171224e-01
-1.152951412316036983e-01
-2.130051332773406525e+00
2.010100834611705523e+00
-3.750807804272091039e-01
-1.557279328287512477e-01
9.451462412810041069e-02
5.835254620749312782e-01
2.722134682977345732e-01
-1.689071193561492712e-01
-2.374321199642007940e+00
-8.324298071761082607e-02
3.168376726022191781e-01
8.529115942297943453e-01
4.155569347647867229e-01
-8.580475889240180010e-01
6.640985397643697219e-01
7.015512292916610271e-01
4.788575407920041549e-01
1.844898220935240266e-02
-1.374157955745748672e-01
-1.030108047029611562e+00
8.852866270263797244e-01
-1.990322563327488747e-02
-1.029243510629327119e-01
-8.072439378002423116e-02
-1.986616682047608606e-01
4.534529995527022961e-01
6.992305408334305028e-01
5.249411928981654318e-01
1.180338673753086542e+00
5.137171343781782307e-02
5.069040378833776783e-01
-3.722306216741256835e-01
4.528544878583767308e-01
4.447414934527507691e-02
3.844313652792817615e-02
8.280591821230606775e-02
8.348247900834138147e-02
3.922402423749821870e-02
1.317768904194449864e-01
3.575397914917536335e-01
-1.199473804007209710e+00
4.337536444529922486e-01
2.110801886668888308e-03
-1.633388353292684891e-01
-5.117501687311803993e-02
1.182510840836558802e-01
-1.701175722088256737e-01
-1.111271303391959120e-01
4.991158891419866794e-02
-7.838548646032603151e-02
1.601290668653619631e-01
1.187806885722332284e+00
-6.579669540835467179e-02
-6.010366193503338117e-01
-2.806018603761032196e-02
-2.768578894961848946e-01
-8.980914635508912003e-01
5.213331638387066480e-01
2.547758165145910247e-01
-1.104611735198976485e-01
5.071952738483530565e-01
-3.630574169971267362e-01
8.523648953955353935e-02
2.249032330165396665e-01
-2.866367069919316113e-01
1.043958542980623072e+00
9.317538601089574157e-02
5.866536953841205992e-01
-3.437538358070340028e-01
-1.044710890393230063e-01
4.673396122400848979e-02
1.238991359800962859e-02
5.740219779163886760e-02
2.589339955655789449e-01
-2.388059928262091791e-01
-3.748808520850677173e-01
6.860940635985490754e-02
3.274349744732424350e-01
-2.911445781972767793e-02
1.143805791535907057e-01
6.838282940663552578e-01
9.187081375167338582e-02
1.813813863437893747e+00
8.409782752352816804e-01
1.193606519311115388e+00
3.314501998878706113e-01
8.236286839740767363e-01
-2.378238269453093467e-01
1.941604376995630099e-01
9.018510764074910702e-01
4.083730891203239954e-01
1.103179065297060113e+01
3.835535986544837406e-01
9.591498790652779327e-01
3.126647521813637476e-01
1.084940240117306942e+00
-2.231845165406525500e-01
1.556272909326921472e-01
3.181134731862546583e-01
1.915470387577095923e-01
-1.206953172696678456e+00
6.256105675346587125e-01
1.935888084628658301e-01
2.430977522798663526e-01
4.924308933999071991e-01
2.303245680261418668e-02
1.265732796867104604e+00
5.574552028235221224e-01
9.923575779330702229e-01
-2.663985124134308213e-01
-4.718566114689478064e-01
-1.874687102802831129e+00
3.420574243204068110e-01
8.121602417648237093e-01
7.729746731020390449e-01
7.567085033767685653e-02
-6.326283376894766830e-01
-1.624610681322653516e-01
2.905622922271849928e-01
9.985715392680920566e-01
1.308185279377424903e+00
4.421487129451878717e-01
6.057358436381423544e-02
4.169808447264892193e-01
1.157924283050017600e+00
-3.554150078373849442e-02
1.909671721786245779e+00
6.677567042923850948e-01
3.624988539928857278e-01
5.843635082893500893e-02
2.190167790725691399e-01
1.634201182697996302e+00
3.323996731685862627e-01
4.701324402664934510e-02
1.048297639091008149e+00
-1.452396106848297397e-01
-1.904559861256555964e+00
1.290359390840676301e+00
-9.680599373211453695e-01
-2.416754083711126544e+00
4.891322773569239946e-01
4.101929061351131806e-02
-6.460518309306487517e+00
1.079314543375598179e+00
-4.416398094304522459e+00
8.715170018436605437e-01
-4.782437630713227250e+00
4.576823894850384988e+00
-4.549793252050071679e-01
1.582250580409180873e+00
-4.814671508885374762e-01
-2.259268264460263964e+00
-1.553311510850184929e+00
1.500424571700714749e+00
1.146360258782346486e+00
-9.982049511443005785e-02
9.896001991331792036e-01
6.860369592782694648e-01
-7.746685842847155223e-01
-4.316560807684315382e-01
5.583222474203765051e-01
-3.155055210323826076e-01
-8.403103464806856993e-01
2.203289850198658084e-01
-6.442882625591432877e-01
-6.366471523877170746e-01
2.536483350042038620e-01
8.802912255336663438e-01
1.539286322038682098e-01
-9.656848377474414047e-02
-9.015382397092571720e-01
-3.857370536102930347e-01
-1.219148773006833331e+00
2.860885765581607232e-01
3.507164308457730861e-01
-3.159688710921011445e+00
-4.547845727531341781e-02
3.909170591103209441e-02
7.144059407741029100e-01
-1.333366195050533110e+00
-1.004751079206810616e+00
5.424677175361346526e-01
2.581621469444105088e+00
5.418315779680845656e-01
4.202988806689432755e-01
-9.823664177694565458e-01
-1.872130892349826992e-01
1.058386157276553829e+00
1.042818149385583038e+00
-1.086239857771837514e+00
7.722425741812285471e-01
4.565426683303765998e-01
-1.951219383359744874e+00
2.327411107628080122e-02
-3.089022921364079632e-01
3.396321578164779309e-01
-8.813892154385704059e-01
-7.055998524819889761e-01
4.102954830329730296e-01
-5.431181842250278891e-01
-2.005954134928682742e-01
3.177664691023734250e-02
3.266153094785004436e-03
-7.124514477771130005e-01
-2.123400801844869679e-01
1.422779460219966818e+00
6.704817569825943790e-01
2.658239896652109802e-01
9.863089895615965164e-01
7.464160457771797097e-02
8.965227287637859144e-01
-1.298134651768901859e-01
4.506867369288581338e-01
1.890395255489936976e-01
8.302157670627197117e-01
5.675501517172206745e-01
1.235785949332548928e+00
-4.711725435737214585e-01
-7.939121321690263411e-01
1.509100025062555694e+00
6.660870017269383547e-01
7.145372298904598685e-01
1.011510418655285459e+00
-5.057652353742564388e-01
5.001196618752111744e-01
5.505351016405637399e-01
4.864519113042867215e-01
-9.706598949123811382e-01
1.208207733557680408e+00
-2.435410902363422392e-01
2.174503114917780977e-01
-5.258631479864187552e-01
-5.100066622924948057e-01
-3.437937976793566941e-01
8.988851034556704089e-01
6.116958204564354462e-01
-1.172594315719063668e-01
-4.055561610469529121e-01
1.038638596680662829e+00
-6.603563883227413500e-01
-2.458391951309473345e-03
-4.813202784756274166e-01
8.452229324942488464e-01
-9.526433658156338580e-02
4.740833110930620792e-02
5.965386421323266575e-01
3.122173189642044044e-01
1.639423675435223160e+00
4.226605578440870148e-01
5.466190377388158161e-01
-1.227276684231652232e-01
2.394831043819785621e-01
1.897486052687881453e-01
-2.990599436865983840e+00
3.397730274019071794e-01
-1.697232972179171795e-01
-1.000167094028428627e+00
3.054244418195647404e-01
6.265970511121131681e-01
-6.011413352294249224e-01
5.100952984191292616e-01
9.787769606542348066e-01
-2.933180990510282360e-01
-6.225843025969600708e-01
1.556803805424178122e-01
-1.317706872726382428e-01
-2.120119664582203800e+00
-1.602116938015846426e+00
1.514181000409047240e+00
7.003042959978524884e-01
-1.291084499927373619e+00
-1.916815800119880606e-02
2.504718095098856789e-01
-5.400662094681265568e-01
-2.269781575122975237e-01
9.545549096359475794e-01
1.748380080004396042e+00
7.606173682429171468e-01
2.500782434292092571e-01
-4.068978871090680460e-01
7.695340634071937691e-01
2.278863297684006473e-01
3.633930392330667059e-01
-3.100573677996019684e-01
1.673028932452749196e-01
-2.391643739332069696e-01
-1.211301739147196965e-01
-2.796600055650667535e-02
5.293089425521916302e-01
9.494453857598073032e-01
5.834935292071046220e-01
-1.813755535108508010e-01
-8.564522524865263164e-02
-3.094007689026561092e-01
3.900194403464454229e-01
1.355208087602273848e+00
-3.839922382273712465e-02
-4.349170747224153089e-01
5.040437097149134127e-01
-2.455018680374496942e-01
7.119167096891552138e-01
4.000781529075989607e-01
-1.263490724132063425e+00
1.179472311913455362e+00
6.516459947000088349e-01
-3.446716479670983713e-01
-2.518747267871681572e-01
3.382720760868763721e-01
8.166328426366065152e-01
4.905577821073792699e-01
-3.772234119710519140e-01
-2.110684127814390632e-01
1.870063631724974695e-01
5.418683694892579839e-01
6.414780153102531690e-01
1.556493379820497736e-01
-9.623064833593005796e-01
7.719444618741791997e-01
-3.020891572625777899e-01
4.689032198822621483e-02
-3.515010173473940847e-01
7.737467856455081117e-02
-1.316332709568610593e+00
5.101020979655837562e-02
-1.029680330187516812e+00
1.156773697739418960e+00
6.107955639505535661e-01
-1.782939281248935581e-01
-1.313832461834443022e+00
1.153228084097445372e+00
-3.496240080111520654e-01
1.005342461586420599e+00
-1.953402579228867397e+00
1.036743477541022529e-01
-1.594014075431523791e-01
1.684155647009388135e+00
7.274693735704915731e-01
-1.986470803490964221e-01
-3.357038086037759939e-02
-1.433633025414648987e+00
-6.058453462397600520e-01
4.310955887214180660e-01
7.279548010738483566e-01
-9.027753485566650249e-02
5.685115866852856747e-01
-1.087149191627108546e+00
-7.375749847499608602e-01
1.918443286607433296e-01
3.061388146410953803e-01
-1.529328316466582516e+00
4.331736896789498692e-01
9.681390599866358526e-01
-9.796618673536945654e-02
-5.398462684888554186e-01
3.721774596285575831e-01
-1.960254476077950003e-01
-1.984487505671299334e-02
5.606830463652265895e-01
-6.633681242506165969e-03
4.799998941744408332e-01
-1.661403032599527430e-01
2.807436662395025873e-01
-1.151595577792982467e-01
-5.907127305553896979e-02
-1.194056461575704331e+00
-3.554509432108000633e-01
1.001566521305777141e-01
-1.910157863615703222e-01
4.673396122400848979e-02
4.673396122400848979e-02
2.182428372699756203e-01
5.253268396234126447e-01
-1.390543875889472591e+00
-6.293100680117266199e-01
-1.185190964405360425e+00
-7.754921785276305268e-01
5.442726638017407748e-01
-4.982752818968623765e-01
9.109781118825711621e-01
7.766564254593355532e-01
-4.993042989920014052e-01
3.805977306800713000e-01
6.445790458138737911e-02
1.097682558918989110e-01
-1.027895573500048121e+00
4.345522771649276694e-02
-2.456716155245075306e-01
-1.581378018073681391e-01
-3.458166887781072507e+00
-1.194032719157550826e+00
-9.082807576835773625e-03
7.258006610436282258e-02
-1.754003158012729102e-01
8.621576366197228336e-02
-4.039172811108726058e-01
1.270052276011862213e+00
6.070716038226097178e-01
-3.519194273629248082e-01
8.416475924724572399e-01
7.988068890217920881e-01
-9.477633239220075723e-01
8.316187080944636989e-02
1.792155277355763854e+00
4.469303512562555203e-01
-7.064324101759986152e-02
8.959184304619909334e-01
-1.688809158696867319e-01
7.267512378229109560e-01
-6.888970597461763212e-01
-1.148393081461765552e+00
-2.682577185303725020e-01
1.097302774774731038e-01
2.158046193922718015e-01
1.096329144764452090e+00
2.985168699898100853e-01
-1.559616298294007164e+00
-6.940296887943415705e-01
-2.367636984072148676e-01
-6.071406869579960563e-01
-4.100971306241589232e-01
2.172252799408168622e-01
1.272912786951504449e-01
1.632228051278849512e-01
5.333041884283726830e-01
7.927047496266116378e-01
-3.650252118408730539e-01
4.059477381825707942e-01
8.695424536245873748e-01
1.597591783625930961e-01
-1.089763309942094693e+00
-1.364993266370441605e+00
3.744187083105415814e-01
-1.207637714602757539e-01
-1.067761847482128656e+00
5.756274051613635701e-01
1.031547911227361558e+00
-6.955005166319259136e-01
-1.833492349882823724e-01
1.620302546116591802e-01
-1.170416348308875656e-02
-3.371456553980395898e-01
7.221346090807283513e-01
9.949931697150424803e-01
2.790037648517501023e-01
8.909636446032244139e-01
8.699153278668332601e-02
-7.933170526477701934e-01
5.639646096798281993e-01
6.001277416217299931e-01
-6.830938499482616666e-02
7.604869910023286383e-01
1.591712420226827629e-01
1.503495828625442399e-01
2.480954276209036413e-01
1.282470150172139389e+00
-5.831064843821046756e-02
1.268949405041118472e-01
-5.861617263570388925e-01
7.856099830475287149e-01
1.994807207547655559e-01
2.423647834565903492e-01
4.704513376902780264e-02
-3.070658297368617506e-01
-1.159116225244864573e+00
7.834351281854787241e-02
9.977950110014351115e-02
-8.990625599632900977e-02
4.003120509469921262e-01
-1.835210481207635969e+00
1.678921373949471968e-02
7.315694170466860990e-01
-5.142002186588700008e-01
1.494567306038602217e-01
6.335065289897968965e-02
1.228604401162626675e-01
-2.025016316544718809e-01
5.749617513783900069e-01
-1.214723707624570069e-02
-4.818770173879040608e-01
-1.249593734899745873e-01
-5.534985081726161507e-03
-2.248637102296172779e-02
2.998946219788859446e-01
-1.034227987801300097e+00
2.697459177795583085e-01
5.485709818805443172e-01
-8.883592924375082189e-01
-5.730521289609064040e-02
-6.493407839995657405e-02
3.892518083486547487e-01
-2.380438865353995681e-01
1.022203159939774952e+00
-1.227803747132412582e+00
-3.001949926621049758e-01
-1.740711970898430883e-01
-9.265567865012992455e-01
-2.009262326465383275e+00
3.242075629423918359e-01
-2.691965528640120731e+00
-1.002198174632135563e+00
1.053271252380762801e+00
-3.843860685518937781e-01
1.158280899874391201e+00
-8.322424072313812093e-01
2.099953835111773304e-01
-7.661523031101205028e-01
4.886822582419876881e-01
-4.843175737676974069e-01
1.899293430697058804e-01
3.438011878337648985e-01
-3.636131484294752303e-02
-2.149735138696464709e-01
-4.347155742239294102e-02
-1.323942130411173812e+00
-8.244356701031688717e-01
5.288960140548192301e-01
8.553600925864443538e-02
1.469590127473393570e+00
3.553842192959167506e-02
-1.647595107996546293e+00
3.578858864898238901e-01
-6.256840961262809531e-01
2.398796990893487246e-01
4.269374575939897110e-01
4.840481437871478887e-01
-1.228831094715728128e-01
-4.404357842910954779e-01
2.550853317577269838e-02
-1.253937557774838618e+00
-1.878399424995714107e+00
-6.779464524179537599e-02
-4.264673338507066092e+00
-7.721658858961539806e-01
-7.442099151387854272e-02
-1.346498376412188058e+00
-1.993177450646236790e-02
-4.100848998948832147e+00
3.537931416393230499e+00
-2.834169589449432314e-01
8.386989629086616382e-02
-1.277766485296599086e+00
1.403652974921865360e+00
1.257358502095911712e+00
-9.087812927221446124e-02
5.943577453765351848e-01
-6.412894446934100934e-01
-6.143338110490718096e-01
-8.267193862854961273e-01
-1.795542111124994955e+00
1.012906344836633554e+00
-2.649936093060835385e-02
-3.892792963112651911e-02
1.057915766344145414e+00
5.312790826299060853e-01
1.690609972719007981e-01
1.156990619187368230e+00
1.173700645719897018e-01
-3.178520948752467379e-01
-7.613943605805240100e-01
-4.439051730691561115e-01
-1.592599532888013147e+00
5.435784153221064896e-01
1.769436736826909717e+00
9.489290877074346708e-01
1.236377041689977307e+00
2.528484001809747344e-03
1.591571135131190973e+00
1.029576762404725843e+00
-4.224343685977088314e-01
7.766663330637456619e-01
-6.486333320628873134e-01
2.381084767303649763e-02
9.679776306263216945e-01
-9.972798647862068933e-01
-1.906913733029160785e+00
2.428391905986127863e+00
1.604879446898631157e+00
-2.103627152273428447e-01
-2.668070397927892468e-01
2.311904866063705100e-01
-1.011091593175041714e+00
3.072488760757422499e-01
-5.753946737221792701e-02
-5.495974204050285694e-01
9.836431818162819640e-01
4.619206072787873651e-02
4.215013863854150666e-01
8.663563676094298005e-01
-1.058014705084064033e+00
1.449136330779307924e+00
6.004112860562688114e-01
3.331864823233943174e-01
4.673396122400848979e-02
1.262180714240613844e-01
-3.096690500550864922e-01
-1.462199251250550502e-01
-2.790063159276071625e-01
3.002322655968365228e-01
-2.105954603893209320e+00
-1.842735873885050557e+00
9.615564142557145866e-01
-3.813650360684796570e-01
7.896990096631486544e-01
4.345777782695573466e-01
3.155317206300151667e-01
-1.804024870123276392e+00
-9.010635169429499491e-01
7.801022003061902632e-02
7.720432465024870128e-01
2.064518921814826047e-01
1.738875320137489577e-01
1.578678238861417893e-01
-9.415898247743940963e-02
-1.378593409485252275e-01
2.668226183925740957e-01
3.421297235203375475e-01
-1.322956581319527369e-01
6.809408670392206320e-01
1.038696368364630113e-01
8.416842416211492983e-01
1.942403042832348825e-01
3.081964160507951189e-01
-3.466030534658722240e-01
-1.308670096853312481e+00
-1.583688513320056016e-02
-1.179504207983846253e+00
-7.997215540851591031e-01
4.158481520729641057e-01
-1.217660405329743289e+00
-1.831393706761316742e-01
-1.486857119476910905e-01
-3.569502853559860522e-01
1.824281004498008452e-01
-2.874917518190933108e-01
6.068732541079140397e-01
-6.653543337902332322e-01
4.885826246979355636e-01
4.192359968885962795e-02
3.919276876404508281e-01
-1.253420485025046882e-01
-3.955408180496705617e-02
-2.610840491440547528e-01
-4.565950583880149655e-02
3.323567116275906730e-01
5.593367327804561473e-01
-1.899086341245024012e-01
2.962804873128171979e-01
-4.017844677983001822e-01
-3.581056376173360339e-02
-1.258609741248059057e-02
-1.490353484007214957e-01
-3.167560679597975493e-01
2.863814938650826036e-01
-2.767740058418636726e-02
1.505881945026084356e-01
-2.355125779214066739e-01
4.474503116020672744e-01
3.132981970304127839e-01
-1.715689771475848169e-01
-2.347737075369989157e-01
-1.328749163960778468e-01
3.393755476478327870e-01
1.646892675358345715e-01
2.785073997682054325e-01
3.477986515631661946e-01
1.520463762377796346e+00
9.532763164463646799e-01
-2.630069890161370050e-01
4.231427643372618896e-01
7.802711690890071772e-01
-4.073502751804876088e-01
-2.210082439958949152e-01
1.712047924293713108e-01
-7.315553232673747130e-01
3.871022903558707928e-01
1.034877817826984625e+00
-1.710956447868134667e-01
4.186710645780946649e-01
-7.794327502291402698e-01
-3.416390574346286790e+00
-4.048494863350593498e+00
2.811506697900285179e+00
-7.160307987995934154e-01
-1.088824529764352983e-01
-5.724665216511350962e-01
1.992512308121476561e-01
3.415166350429830744e-01
-5.569724718183962642e-01
4.824306577082215775e-02
7.083593012079814066e-02
8.175663640767773244e-02
-1.087002289454843229e+00
-7.574368220734059021e-01
6.194414623385369190e-01
6.485014562703853569e-01
4.560623373851280804e-01
1.005695987097987160e-01
2.031934929355006247e-01
1.275106736489672599e-01
-6.224335352382274200e-01
7.357055556549673137e-01
1.096314819059406753e+00
-2.327944807831369978e-01
2.521499455113929700e-01
-3.848558780165113880e-01
2.681001768595762669e-01
-2.031760669456272594e-01
1.921811511544345994e-03
-3.121214833466203209e-01
6.913112434906540926e-01
-2.236116038159557950e-01
1.655929247367647072e-01
6.410304696467227122e-03
1.879304143390733151e-01
6.445417260789756408e-01
-6.321591418758869263e-02
-6.332322769890436076e-01
-1.039439533890978096e+00
-2.684364272266157037e-01
1.084370986216396382e-01
3.340990609110498864e-03
6.443779126712844141e-01
-1.567957834630215319e-02
8.865326409761560555e-02
1.493173948695414033e-01
6.379795638744864897e-03
3.627246505826765832e-02
2.832990144430347704e-02
-5.075639726424530096e-02
-3.187754946175588300e-01
1.630137031463460284e-01
1.021175113781970373e-01
6.054378836428290361e-02
9.573338819274372635e-02
2.962202750621467651e-01
-7.715609397776786171e-02
6.372027164386090403e-01
4.368026297386947560e-02
2.509855494204549786e-01
1.965005506268769839e-02
1.240235404597755803e-01
7.069273789812521303e-01
3.276587025518858942e-01
9.697683525193472043e-02
1.087277274741853095e+00
4.016341889341593085e-01
1.021903679845509227e+00
2.134930147069244721e-01
3.480910045222602722e-01
6.399799814846468538e-02
-5.742792135613149496e-01
2.303755418465297800e-01
1.049698222525608404e+00
3.139762800301703627e-01
-3.330531694136943943e-01
8.285662549446955183e-02
-3.337347157377121287e-01
2.728142549076230661e-01
-1.276314367739452837e-01
4.588193444681696806e-03
-3.292647791639355392e-01
8.737017263119627453e-01
-9.874063655654620186e-01
2.866263894533566114e-01
6.791386661618994403e-01
5.785579718905701357e-02
2.746371983336570732e-01
2.930030258085952188e-01
-6.071862062389314918e-01
2.227175095569186303e-01
3.654129498811496957e-01
-1.179330264304239290e-01
-1.314252438870965101e+00
-3.839606684585140650e-01
4.033351067079060104e-01
-2.479859118770601223e-01
-2.665817070617641504e-01
8.583475220849512421e-01
