-1.465667585211229085e+00
-2.850661373517922925e+00
2.390624263776359726e+00
-6.630025576786029440e-01
3.486068459753838278e-01
7.983188512776729917e-01
2.150165670347623958e+00
-4.076739274034424376e-01
2.836555422478335586e+00
2.553540027220837505e-01
-2.124989337642879228e+00
2.447419796726193919e+00
1.572654345028127731e-01
8.058947797782249900e-01
-2.407546158098821998e+00
4.405136362702423702e-01
9.148600462531831790e-01
-2.725329949544833763e+00
-1.189632916025695764e+00
-1.981265212986346724e-01
2.606711162285225480e+00
2.675941948113496061e-01
9.531216198753809099e-01
-1.280180254716696719e+00
-5.955862698513387787e-01
-2.752389089072154738e-01
6.117638341466554719e-01
1.209368257648110845e+00
-3.754170654607397184e-01
-7.390773337700913270e-01
1.775168336421694137e+00
7.823788820387806986e-01
9.391487258138762895e-02
5.556293374478691316e-01
1.834288086898301140e+00
1.828672571493730192e+00
4.498727189015729877e-01
-7.070007508751313674e-01
-4.103302912115759926e-01
7.128602019829546332e-01
4.058905529940000645e-01
-7.905046254816142648e-01
-1.331292090372442116e+00
-5.143432803645373030e-02
9.410026125723461865e-01
-5.273430145125131974e-01
1.639951658919949651e+00
1.342695658618963561e+00
3.890977324419991890e-01
2.246117886623941462e-01
-2.725698908891813765e-01
-5.631223303556723847e-01
7.053423401131260206e-01
-1.873100286263827297e+00
-5.440958578467529616e-01
-3.791205747731500875e-01
2.097745114661990762e-01
3.931466706931334709e-01
2.591754909712530308e-01
-2.432428794136610506e+00
1.116087337227309018e+00
3.565781020005985846e-01
-1.955669377074490400e-01
-2.039463569611127403e-02
1.482091971079611437e+00
9.543187082759917450e-01
-9.691679214382988850e-01
-1.406340097095400754e+00
-9.067967943645740547e-01
-6.344960978196440005e-01
3.430985131789947018e-01
-1.214799342221582368e+00
-5.975045299376693375e-01
1.582688258276861437e-01
-2.100412391583052485e-01
-9.231863134219524536e-01
-1.388259462608652517e-01
-1.237714259440013675e-01
1.338041277732677781e-01
1.327641816787552331e+00
-1.607566009189749234e+00
-3.321116813844694482e-01
-3.718893282406130485e-01
4.255357917566303660e-01
-6.534251341733824381e-01
4.549439013772138551e-02
-1.284707275935935700e+00
6.485128169473705073e-01
2.643933538642229575e+00
-4.025307272726933450e-01
-7.069864723958076969e-01
2.076234345733060649e-01
-5.770992580578674369e-01
-9.457607789512767482e-01
4.311266156277731576e-01
5.080363429678008691e-01
-1.232032523950073788e+00
-5.376265961235269231e-01
1.861790515717852923e+00
1.833602735957335028e+00
2.457177462720199212e-01
1.036072174736084150e+00
1.380501765884246668e-01
5.583850847682568785e-01
-2.786572477466156550e-01
-2.794597740993283175e-01
3.736979244752076657e-01
-6.829818284876754131e-01
8.345332639341451753e-03
3.009829819869026118e-02
-1.015532196073801519e+00
-1.263875846247045187e+00
1.962210856116444468e-01
-1.153859474519398493e-01
-2.994201218511376439e-01
9.690248319414755951e-01
2.285851714485558350e-01
-9.500778496877777535e-01
-3.201173999538536319e-01
6.233034566959529121e-02
-5.934556592386240892e-01
8.195241707618532156e-03
-5.942226058722829274e-01
5.112801610052751800e-01
-3.160041839566885558e-01
2.536738831261872162e-01
3.280752895918367384e-01
1.951250855044367905e+00
7.999344713819854791e-01
2.975344668954175709e-01
-7.640497835709609831e-01
1.292494179055887926e+00
1.856046208498176586e-01
2.217644001263171516e-01
-2.637755153173159672e-01
-2.253609388623983578e-01
6.242947833038618999e-01
1.744251765794134990e+00
2.053562089457683371e-01
-2.973955527240345065e-01
1.600245472742621022e-01
-1.090952913134689006e-01
-2.978887015428524632e-01
-3.356052448184319581e-01
4.338773893357409372e-01
-4.489408114458939281e-01
7.635804836126501849e-01
-2.129147737093110837e-02
8.617064128932567790e-01
-1.286974579179697820e+00
3.383466202035309567e-01
-1.099410629041338350e+00
1.789239120549112882e-01
-4.414310146069915231e-01
-8.170481406836513916e-01
-9.799905204286242233e-01
3.850881783278596315e-01
-3.309442394554545364e-01
6.722042134760675136e-01
-1.836046994370542640e-01
-5.183012701446414461e-01
-8.717955223732708203e-02
-3.537829627322512938e-01
-3.140349275021385722e-01
-2.325998882493723607e-01
-1.022368472607930734e+00
-7.808882080166797968e-01
7.685184351198448560e-02
-9.801789256470467837e-01
5.962880883899606133e-01
-1.090042203335495730e+00
5.228029781887113536e-01
-3.982294297935031202e-01
-1.384315952055992227e+00
9.663885756339171129e-01
5.331655032415479889e-01
-6.613837946579547156e-01
5.394990678053158684e-01
1.348984467169611401e+00
8.043019665662964890e-02
-2.928267633884944210e-02
-1.372961931033605643e+00
7.060257767291907571e-01
-5.206440833622156816e-01
-8.045230640589167148e-01
-6.682298299761870730e-01
6.843636732016156188e-01
-8.444394921155600198e-01
-1.233648248300263983e+00
1.273933398426145391e+00
-1.946329072385168502e+00
-7.167301355076781677e-01
-8.337983107126343274e-01
1.518755429984822269e+00
8.853862973421970928e-01
8.259581645735928346e-01
-7.705680790769422472e-01
-1.170132232710200171e+00
-9.315419935153307351e-01
-8.483824239453408023e-01
1.733411642951711462e+00
-1.344078173013927846e-01
2.433188189689674819e-01
-5.598239597644033561e-01
1.141985101086676169e+00
-8.806970604520797385e-01
1.890733797760689949e+00
2.630436225834357211e-01
-1.034495424512576200e-01
5.866219409270878593e-01
8.882771648355491934e-02
-9.974595136847785870e-03
-1.140894273396746650e+00
-1.453113035014241550e-01
-2.974844599113635191e-01
-3.242389370375663438e-01
-4.805598833834305861e-01
-1.435829584628555144e-01
-1.856504171925152935e+00
2.780758304135889647e-01
-7.536840191580104209e-01
1.183826107110918929e-01
-1.317305404800838686e-01
1.055917902865897595e+00
-1.889813063299940754e-01
1.991655490762077041e-01
-1.750335176148969385e+00
-8.434762494340311001e-01
1.257965531136051140e+00
-1.384014057464223457e+00
-3.633252293116073783e-01
-9.484416805772949433e-01
-5.237517102374954908e-02
-8.949924789833867411e-01
-3.120248629747699454e-01
1.046403590667175143e+00
1.978328955499629171e-01
-1.677727145037807510e+00
3.332924776529141431e-01
-1.001068848114924137e+00
5.567955645341484683e-01
-9.649810474050525277e-01
3.592620179160864735e-01
-1.832157936277743759e-01
-7.699761520355488109e-01
7.108138793693473678e-01
2.976320312808844459e+00
9.177027493315664808e-01
8.775286742237602411e-01
1.283122046822190165e-01
-1.589019893509358294e-01
-6.555569019195169045e-02
1.873145793721735952e+00
-6.941239137107213519e-02
-5.540381371033065161e-01
5.713135471532029275e-01
-1.307527409935154816e+00
-5.290341183063361763e-01
-7.848544192230256789e-01
-1.770695547413902449e-01
1.901597133349361535e+00
-5.094121321786859724e-01
7.118808521558223079e-01
3.251659256752305049e-01
-4.999480011838889348e-01
-1.412109911103571092e+00
5.678356184396671225e-02
-9.844845702399876441e-02
8.923446355285994391e-01
9.614653631470437833e-01
4.312065654322457253e-01
-7.501591863368634039e-02
2.848570955595131071e-01
5.838476743259988222e-01
3.115956537013714334e-01
-7.017317469456541001e-01
-4.516155771522674112e-01
5.734927461010154159e-01
8.568945051383151101e-01
2.146120026752975640e-01
-1.475575233522105956e+00
1.475763296639110433e-01
-2.006690674220390491e-01
-5.391341201590844623e-01
-9.776445064329319923e-02
-5.803297634502977420e-01
-9.479684673732183264e-02
-6.408877584990424481e-01
-4.115045988463600368e-01
4.407941529904682576e-01
-1.110197347264881174e+00
2.616007940668704096e-02
4.632661887727074213e-01
-3.354699307245345152e-01
-8.786165640634613361e-01
-1.244133014614511978e+00
6.376129998736278504e-01
1.596617414394053025e+00
6.266949147686118327e-01
-8.434708816834832201e-02
1.670244295453851002e-01
-1.060200176599202931e-01
4.815632573855156973e-01
8.432285083890755928e-01
-2.008464908015112349e-01
3.213857425177363836e-01
-1.035619847708080465e+00
-7.307713827281641095e-01
-2.845562110465419403e-01
3.872825369761151437e-02
1.563496860890591089e-01
-9.079906536920485660e-01
-1.173976526977476231e+00
1.888702841361737939e-01
-5.781552083785755913e-01
2.455902767747148996e-01
-1.230311093121587290e-01
-5.870683918584304051e-01
-4.628474554736933810e-01
2.158510992730362232e-01
6.429213486489645524e-01
-1.724164199128785935e-01
7.498991636485003998e-01
-1.010484241727821697e+00
2.788378496724955302e-01
1.348306230634659153e+00
4.599064297817465063e-01
-3.492127375263027744e-01
-1.004483331250685563e+00
-1.170143073415609997e-01
-5.881489998584422674e-01
-1.180057423307434850e-01
1.212754160354727606e-01
-2.208443534902998495e-01
-2.625025050758375555e-01
-9.911041476723833066e-01
-3.968554439275223666e-01
-2.841009054756165053e-01
-1.757033954469175430e-04
-1.208769695604541838e-02
-6.877447761896124945e-01
1.129306785319595274e+00
-1.152134231702388156e+00
1.852916632997215540e+00
8.094361193072259208e-01
4.279095101295549708e-01
-3.135983678739686642e-01
-3.613605714514223077e-01
-3.897253102530902624e-01
2.798832958865048182e-02
-1.314838764523375669e+00
-4.496542200454486243e-02
-1.925964260003992345e+00
-2.493740676720123117e-01
7.853221870087360168e-01
-2.872038573763869840e-01
1.232878507807734447e+00
9.898990366988348333e-01
-1.173199257650165084e+00
-1.290561054157447929e+00
-1.599156271492155890e-01
1.875641831885722088e-01
-8.891482074102835531e-01
5.191770311002330551e-01
2.709490537664588916e-01
-7.811528866366083124e-01
2.397666757038283136e-02
-2.370120212569062079e-01
-5.875838574354143029e-01
-3.020249530337720811e-01
1.124708389153566551e-01
2.221802156322339794e+00
-2.202193786360381045e-01
7.119654395035783789e-01
6.909103749843986675e-01
-2.276439196473442617e-02
1.306145534864154578e-01
1.434847833015061136e+00
4.754280866433079344e-01
-2.794820524028628905e-01
-3.542006316589017545e-01
2.155212441811221180e-01
-1.779299361302476290e-01
1.279513586277868098e-02
-2.000330760911742389e-01
-8.849848338701477024e-03
4.140357863936262039e-01
1.226668726282476252e+00
7.352527135957456217e-01
5.926527981468749928e-01
-1.155777858131644270e-01
-2.021453147189096744e-01
1.102461221334181563e+00
2.700977015553300276e-01
-2.175252804441942800e-01
2.058948615406080707e-01
1.808951245435563016e-01
-2.364951940848810663e-01
-2.168628302781837047e-01
5.562231640282807588e-01
7.777602698574409557e-01
-1.660835648343984838e-02
1.085173126127775056e+00
-4.574301377765322418e-01
-2.911954569274662896e-01
-1.376182762021649575e+00
-6.546229918145285431e-01
-1.286829685170894633e-01
-1.233929592013269794e-01
1.585863745072737807e-01
-6.155212842419749419e-01
8.658810870827535200e-02
3.042303453196695262e-01
1.769689035074599293e+00
7.105232313150784407e-01
-3.616319773952009903e-02
-7.230937935241982251e-01
1.426270421887585460e+00
8.990961169206902748e-02
6.051575637866606350e-01
-8.900761676817354751e-01
2.592397230414125731e-01
-4.313712956102451201e-01
-3.914341613261436148e-01
-7.051133509757281370e-01
1.964427678232351093e-01
-8.883547284782404574e-02
1.295615390621858154e+00
3.178030193854866070e-01
-4.483683909420488889e-01
-5.532796896203383274e-02
7.395463880983721427e-01
-3.268108838474522715e-01
-2.198884159939668015e-02
-1.331754499540797498e+00
-2.840639819226418172e-01
-2.351333259392956454e-01
1.082338612577217862e+00
5.726519815945854130e-01
7.291391878351701772e-01
3.466142500837339768e-01
4.145406562936317929e-01
6.694503845833242872e-01
8.765009323878045211e-02
-2.829974954498124529e-01
9.261521446090472676e-01
6.452351469960648789e-01
-2.049264671156012657e-02
-1.261606540854363079e-01
-4.512117960301405550e-01
5.212713954973805519e-01
9.589983772288896979e-01
3.063415714619421859e-01
8.823425636669538497e-01
5.759568377731152933e-02
1.543395176913837930e-01
-5.151383487774167935e-02
-6.166426557843996958e-01
-1.403197199891800251e+00
3.316535754156956228e-01
5.492785562408938338e-01
5.004026518179415239e-01
1.907892555652359601e-01
-4.613158218534980648e-01
-6.379254063167693056e-01
-5.010757752889691830e-01
5.232074154150001544e-01
2.114482960565845282e+00
-1.896887062245447009e-01
-1.422656818632626052e-01
-1.061944271420477870e+00
6.305791397133895249e-01
1.974615143947794582e+00
5.334366085849222561e-01
5.976730302274486650e-01
-1.741816053001604692e-01
-9.438520520910997913e-02
5.778974636588063429e-01
9.461394134655431998e-01
1.145347552744769293e-01
-7.086958460343201205e-01
8.967561560443251256e-01
-7.090838399239443590e-02
1.220106239194414244e-01
4.738184035686586193e-01
5.711438710108101002e-01
-2.470427591095304409e-01
-2.675513003123151989e+00
-4.615168554900341003e-02
4.762925442667176323e-02
1.990481584302143281e+00
4.572388319643000409e-02
1.144661098936941568e-02
2.357747688109129713e-02
1.245187943755006188e+00
3.636855082764554603e-01
2.119387907014264327e-01
-1.769311806691867606e+00
2.556575756882585870e-01
-4.736990294947893698e-01
-6.432872686338435564e-01
-2.560905445548198323e-01
1.360220085851015837e+00
-2.433854940160879998e-01
-1.003808539478442619e+00
1.735366641277599764e-01
-6.702624673497190599e-01
-1.696792534760292182e-01
-1.194621795024341515e-01
-1.282111715414100545e-02
6.101873121683805135e-01
3.802694234736332390e-01
1.265721138068635288e+00
8.082920932785566670e-01
-1.503820361033041952e-01
-2.335894806792433165e-01
-1.203454894339372055e-01
-9.538124490026005098e-02
-6.806435076659718142e-01
1.014789463770099376e+00
-1.743061971074278543e-02
8.245926311132130149e-01
1.180514917197769686e-01
-1.546677696826262993e-01
-1.376037933155974891e+00
-3.051712493072068488e-01
2.019883984656944964e-01
7.165513581252340725e-01
3.852085367280668748e-01
-4.563403679800526191e-01
4.758387732713273421e-02
3.936043566574479735e-01
1.586627719739518216e+00
1.115325656812331978e+00
1.614364435595665725e-01
4.048661562174447615e-01
1.281561069038373302e-01
9.397170139630269814e-01
-5.569961719803329103e-02
1.954139639303559828e-01
-4.720146080848069414e-01
-3.674240784058169229e-01
-4.434698942785056941e-01
2.097659682058883757e+00
7.764821388058971152e-01
-1.070012613689111519e-01
-2.852560665066744550e-02
-1.469771456132183518e+00
-4.437779700489380419e-01
-1.780134511156756805e-01
-1.421951485931770121e+00
1.870671824515483528e-01
-2.961376120996764283e-01
-2.873037036242154785e-01
1.381962168799929280e+00
1.401745005461950244e+00
-1.824680512127070109e-01
-4.551039070620889471e-02
4.918105101857784267e-01
6.711262647420521699e-01
2.173042656396533268e-01
4.885909142021702678e-01
-4.342071762419459913e-01
-1.909780548733223948e-01
-1.180297368865480090e+00
5.037975226890498703e-01
1.048538951771172734e+00
1.909420020595185841e-01
-1.093938358632988050e+00
-1.424624866664702783e+00
3.515618465836100465e-03
6.999268524030700933e-02
6.306444799880371876e-01
-8.814820228471579311e-01
-1.100447765119985988e+00
-1.180047098544968698e+00
-2.988204472920317212e-01
-4.069097591266515601e-03
1.347089007299675234e-01
2.721471759242222177e-02
-9.038175088440062455e-01
-1.190938802086927983e-01
-1.110044027739666150e+00
2.742683672440952014e-01
3.847080248378320078e-01
-7.981027721589962765e-01
-3.658614651320786781e-01
-2.999316326899929552e-01
1.176064742775403626e+00
2.979297607087407762e-01
5.414207393887018188e-02
2.376693664584142440e-01
8.050917656274952927e-01
2.047728738231297807e-01
1.229985683917255573e-01
5.373019433226754460e-01
-1.812894449647975748e+00
-1.046569038071567537e+00
-1.278149576704644408e-01
1.264900376961174411e-01
-3.695187850355108328e-01
-1.261708689457788468e+00
1.046040742376441290e+00
-1.344988569162516079e+00
7.790906219764259788e-02
-2.316355611513095519e-02
-8.395058784506047589e-01
-5.957179148627911314e-01
4.018522740768112889e-02
7.427396769621822381e-01
-7.133193044637032854e-01
2.326840938615925003e-01
-5.771578600514133406e-01
-2.214585159023333194e+00
1.030650682670596202e-01
3.180511332520912227e-01
-6.759365960980963095e-01
-7.806972057446609492e-01
-1.864152845066326059e+00
5.742490691820328896e-01
2.428633761525121226e+00
-4.890186729136344335e-01
1.279449310980808718e+00
4.250895716892489906e-01
3.089262913063282601e-01
1.650139736565209514e+00
9.491303455484073615e-01
-2.048347140853334913e-03
3.227116025958336465e-01
-1.499469332827214396e+00
7.017232510706669091e-01
1.544165923311183519e+00
2.733731553565807437e-01
-1.321594308173816568e-01
-1.581278180746308326e+00
4.319887781993489440e-02
6.882698899764954081e-01
-2.799430140676885115e-01
-1.260274928915730452e+00
-4.264759437383160989e-01
-2.236121074863051117e-01
1.915700376555771411e+00
1.339932004677661659e-01
1.174617821598865769e-01
-6.714313478478600716e-01
8.851162234344357449e-01
-2.210276948967004607e-01
5.110186190778935877e-01
-6.888663763738719914e-02
-1.110136617496573441e+00
8.517840234156753842e-02
-5.010527524826645651e-01
-7.008418998091602292e-01
-7.215433922918965126e-02
6.467076952917351074e-01
5.297567476037501333e-01
-2.574023582783375730e-01
1.449872151851486102e+00
-3.559056948132242049e-01
1.489376005947635473e-01
-1.847112583730769475e-01
-2.001640835341463032e-02
-6.356442837245336597e-02
-6.688495670928279457e-01
1.889255432437472182e-01
-2.234448101971115985e-01
8.500156186708319739e-01
-4.097783666815928982e-01
1.192734954899608901e+00
-9.808774327255523340e-02
4.612270401717195878e-02
-5.022895949542548477e-01
-1.879189462513238262e-01
2.419549618247587852e-01
-2.662402763841519304e-01
-8.201339858573082342e-01
1.737608359721938001e-01
-2.216120843203052970e-01
1.002835534057965106e+00
-8.921521550805608380e-02
3.455779998436321332e-01
1.050308904094529483e+00
7.984025287413371030e-01
-2.892113942406419197e-02
1.918304065485283982e-01
2.024021487915124984e-01
-1.278562763722617124e-01
8.732202229680260386e-01
-1.155675763064540618e-01
-2.423465684041993806e-01
3.316058946680332520e-01
-4.651167120805951294e-01
3.596583521940255324e-01
6.619458936261136683e-01
7.985717959470603478e-02
-4.279422035716590189e-01
5.376863735522724452e-01
1.113796903210280131e-01
-4.729438717706920675e-03
3.237295237904755929e-01
-9.423733757653836307e-02
-7.925765027797432305e-02
-1.088893044197715154e+00
-1.755439491681274888e-01
-4.608746335207249412e-01
8.671091290591902423e-01
1.126007132868149130e+00
-1.664423996480176027e-01
-3.890222983421718350e-01
2.771474448203199437e-01
-3.689789826340865164e-01
4.716353528995568256e-01
-6.772833887294492650e-01
-7.582753394292742755e-01
-7.388072638794405955e-02
-9.587554654834890000e-02
6.542694420234157482e-01
-7.412381777558654239e-01
6.533995625087790637e-02
-1.038038449809179253e+00
2.772055763062942768e-01
-5.008940029016313578e-02
1.520687638748694059e+00
-5.340017684105295981e-01
2.669842856729052194e-01
1.316859666899045989e+00
9.313967852159241168e-02
6.510973893098832566e-01
3.550296008468910025e-01
-2.453630734357173104e-01
6.692321834694675564e-01
-2.431726839772086479e-01
7.857393824371989854e-01
-2.803301912193141288e-01
3.437979200984841999e-01
-1.318142518510982963e-01
8.410434107310293950e-03
5.090789281034572428e-02
1.091053597597284153e+00
-3.075779736992494406e-01
-4.543645822214170682e-01
6.391800718747386867e-01
-3.607551667998363382e-02
5.362288224602739239e-01
3.992634048799831303e-01
-2.592693296716244156e-01
1.122545305119448666e-01
-1.475940335255787605e-01
-9.318178892635918809e-01
-8.201647222775886037e-02
-6.078281016207049969e-01
-3.358596554576782911e-02
6.039123145368274770e-01
2.025711973389122122e-01
-2.601453284981663505e-01
-2.293416970925793996e-01
1.070488438577211543e+00
-4.773948275435829780e-02
-1.621405065495459263e-01
3.170448760074797145e-01
-2.142848154331999933e-01
1.891104803346392860e-01
-3.926973549561813548e-01
3.442945379502533321e-01
-9.507841627834445752e-01
-1.264417401434529076e+00
-3.243026893432275903e-01
-5.856251127872377227e-01
-2.226910615750122557e-01
-1.724213795881678613e-01
1.838296020937925934e-01
1.685308062424176884e-02
-3.684145554387956989e-01
5.537810509148936022e-01
4.512528188123922090e-01
-6.358049551834662472e-01
-3.347818657544139875e-01
-5.025375592331333685e-01
1.152114835745043475e+00
3.428904260392674069e-02
1.530836108087615388e-01
2.327501990329075010e-01
-5.993390767144375353e-01
-1.040617899669901841e-01
-5.466541653261430822e-02
3.919027685707764941e-01
2.012778463618495550e+00
-1.886155672008626161e-01
6.611925394673523471e-02
-2.876061974390776710e-01
6.769831621157769153e-01
8.597609871134513637e-02
-4.925849546506034793e-01
3.437114224969296528e-01
3.976304076485767669e-01
8.179717001998947079e-02
-5.274174057902949464e-01
-9.496859288711683167e-01
1.336828390419877444e-01
-7.051800724583519031e-01
2.070826598094372695e-01
4.674910080456528561e-01
2.300431710130705354e-01
-5.855940527213567837e-01
1.823339419444228171e-01
1.218382818224028608e-01
-3.340520341805670035e-01
1.283295936917487612e-02
-4.915984421591407250e-02
-1.473200679985059436e-02
-6.474082016730151046e-02
-2.628927266552148478e-01
-8.348016014567918308e-01
-1.941373852305790584e-02
-8.546340336377121760e-01
1.251331063164126678e-01
3.784874532783971679e-01
-6.625421119787677782e-02
-4.983094359733308831e-02
2.366610244410244646e-01
2.480231860982062830e-01
3.791335719092624457e-01
-1.124682538305192894e-02
4.759501367310263464e-02
6.004732339436559263e-01
-1.416815960020704757e-01
-5.705857458008075644e-01
-1.434113075185411201e+00
4.591058579724305311e-01
2.913810150952407252e-01
1.016491535735949414e+00
2.171472360702646487e-01
5.219678196619650379e-01
-2.615850472621232825e-01
5.188852954969784825e-01
5.555963533634235285e-02
5.399791401625141096e-02
9.148934103816414032e-02
4.948306122576286992e-01
-2.201694837904029090e-01
2.576144729790575960e-01
-3.505473352028472545e-01
-3.146831333766149097e-01
1.364882094806691981e-01
-3.989889442500800243e-01
-9.459670396229438172e-01
-3.001436229579803605e-01
2.774650151214660410e-01
6.039227837745395067e-02
-1.183888006661800441e-01
6.712796117342723079e-02
-7.576168328015611131e-01
7.379474314346903263e-01
8.084323962091983784e-01
1.221581958461185891e-01
-4.184794987730630078e-01
-3.254463354226219685e-02
1.578586619382885414e-01
-2.968689263799034750e-03
3.588038536147889479e-01
-1.666355078923099919e-02
8.136034863784333271e-02
6.938706512586732822e-02
-1.427415353767925721e-01
3.793270249654943221e-02
-3.547778151020577475e-01
3.253827237293628327e-01
1.111161095900247420e-01
2.040551664432270762e-01
7.875734257924776882e-01
1.050157586245210883e-01
1.924053698616427777e-01
-2.480818795940133437e-01
5.396458850230937410e-01
-3.516542077120227150e-02
-3.130057038570410732e-01
-4.616789154709157739e-01
9.570398562979257062e-02
-6.264336095978598751e-01
-2.575105718309936842e-01
8.463841013510934319e-01
-3.062476876013057320e-02
7.059372373337895468e-01
7.708906181583280448e-01
1.117976195674651313e-01
2.511037323988893899e-01
-2.015504406450534247e-04
1.767807968955313336e-01
5.709065039637337136e-02
6.851565919650942638e-01
5.424326534134091271e-03
-1.645182828044013112e-01
8.872128142458368671e-02
1.233868042587516201e-01
2.803388144309781338e-01
4.952322369638006427e-01
6.652758812895754881e-01
-1.909848609241339146e-01
-6.377974637317113116e-02
-2.979300340466652930e-01
2.522066513897041617e-01
-2.723758584160019813e-01
1.303368245733122599e+00
2.870308534100478592e-01
5.127923899895333454e-02
-7.367948087457897033e-02
-2.047078712641603460e-02
2.862921081253830963e-02
-1.195438855427768399e+00
-5.429810285365492817e-01
6.911974184628586482e-01
-1.100157211773195032e+00
-4.945002716404469645e-01
-3.351289185564781253e-02
4.276924961249127244e-01
-6.243285977855019819e-01
3.767796936044848777e-01
-1.141292972729846533e-01
1.069427593471042437e+00
1.537172477139031601e-01
-1.658593549985473703e-01
-1.152953509880000338e-01
1.000015294458564234e-02
1.602037428075092917e-01
-4.966087259656097319e-01
7.107451868193444267e-02
-2.344185288647087917e-01
-3.239580881070474039e-01
1.136516060081765200e+00
2.825160078521654627e-02
-2.540022719683563968e-01
-2.049913532481930090e-01
6.060452248954645293e-01
-3.450404358158397633e-01
1.789928747544651810e-01
7.743205296373590896e-01
-4.762224030525322171e-02
-2.431246105304526450e-01
-2.758039384710274378e-02
-9.021273155141195099e-01
-1.361370936802666298e+00
1.374936411454260286e-02
1.943935296478143115e-01
-1.265700057712653814e+00
-7.421036713274482555e-01
1.378766508657723322e-01
2.780634409934363283e-01
-9.099726347257446335e-01
1.229387638333193228e-01
2.473401527676695744e-01
-4.061199086117220358e-01
1.272429245775241746e-02
1.470575879099992600e-01
-3.735285950165437296e-01
-7.828902832509750942e-01
7.490235763953826398e-01
9.137032616108528016e-01
2.234548956458362046e-01
-1.316652107070042654e-01
-9.979964359887545378e-01
1.749095180942244199e-01
9.727643586403161846e-01
2.674875461113257469e-01
4.150408831516353980e-01
-6.185530431467002321e-01
2.905929327994982020e-02
6.383821336799335722e-01
6.393402314337809367e-01
6.054874459138269438e-02
-1.170690714610242156e-01
6.786143062008477278e-01
1.611247831871030489e-01
9.837141490144696299e-02
-3.118235932599551230e-01
-4.267257030954160757e-01
4.475975578269982824e-01
6.350139179227408670e-01
-1.599185736904461808e-01
-8.153120805011069283e-01
5.253826441229592081e-01
-1.125706283683455711e+00
2.073808376024865452e-01
2.715534379991269009e-01
-1.373513993927976407e-01
-6.918347430443191892e-02
3.723967003538627418e-01
-1.179347952963510637e-01
7.175192117491326904e-01
-8.194335551331471956e-02
3.152432759162552278e-01
-2.970973859917128146e-01
6.149604890361238391e-02
-3.624696098713587888e-01
-2.597779255195042380e-01
-4.701487877766252765e-01
1.136497098103077086e+00
1.958997433963828305e-01
4.286007552113328956e-01
7.575307340875840900e-01
1.018504635430681343e-01
3.865188381202514512e-01
3.076386925349995916e-01
3.032210244882865835e-01
-9.108560874786822970e-01
-5.044456372441237235e-01
7.138840136840357564e-01
1.754013460275608005e-03
-8.912951009451968165e-01
2.506370544125758881e-01
-1.248828063058783633e-01
1.047507870230331539e+00
-3.043007176193974345e-02
-1.856154513711190113e-01
-1.275557223724455014e+00
4.736795505514803661e-01
-1.771205836271798062e-01
-4.371718227719491034e-01
-6.879737224086190928e-03
3.500671113827963365e-02
-5.849242104497118788e-01
5.654193863217779059e-01
1.088201944419749934e-01
1.427477856840722592e-01
1.470467859785444531e-02
6.799859229236432379e-01
8.815253574381044788e-04
7.602887276533553118e-01
1.456596744947456501e-01
-1.404905333587473937e-01
1.888742594068519021e-01
-2.308966749192712942e-01
3.728255992938948882e-02
-8.952028122899742257e-01
-4.330270197844269808e-01
-4.644209394805821206e-02
-2.553708905811147289e-01
4.165071503500518690e-01
-1.204549243269852909e-01
7.917057606888134869e-01
4.696392083085849933e-02
3.401245627640791525e-01
5.010249713691535822e-01
4.524746292349526161e-02
-1.247891505197102680e+00
5.331856092804374558e-01
-2.938843996906747025e-01
4.894111001211971512e-01
3.546602847703576866e-02
-4.097585793917605801e-01
4.634978523358216917e-01
-2.310484168060549792e-01
1.152374100419796044e+00
1.826537808887064018e-01
1.235497160658420190e+00
1.168795643871439055e-01
2.495988143403710668e-01
-2.943293059214636687e-01
-4.654401242306202002e-01
3.278411495163766620e-01
9.343659322056595551e-01
6.797962474354609652e-01
3.352905502738025012e-01
-9.871514945832891019e-01
-4.903230506717121129e-01
4.087699736855403554e-01
4.114342549740767629e-01
-3.137278185502721528e-01
6.231137000159020500e-01
4.774299464746747934e-01
-4.141919005330813031e-02
1.116036978960097903e+00
-5.257951345997724513e-01
-1.712277351494728983e-01
1.197592363480481925e-01
-8.002060677860545201e-01
-1.652520533385858581e+00
-5.144065853095168839e-01
7.875712100259647519e-01
-1.400844848605365955e+00
1.364662777784557690e-01
-2.022805554918510218e+00
2.819947041001771848e-01
-2.661746622682934493e-01
-3.639892328589562354e-01
4.631549952968863626e-01
-2.453976851926158442e-01
-1.034623483732429516e+00
1.124909702289045521e+00
4.788182934725175310e-01
9.849738228296517351e-03
-8.269632986648777218e-01
-1.512028954061570563e+00
7.392466106416509808e-01
-4.109870453730853079e-02
-1.462904964862894897e+00
-1.181845555330361952e-01
2.410803335725093532e+00
-1.779217102050620058e-01
-5.725418966588778913e-01
1.297797001186507537e-01
8.170891723074815705e-01
-2.364185109205128310e-01
7.153164960755614699e-02
-2.043666931691991984e-01
-3.220912956837646002e-01
4.057159369846706776e-01
1.823891883306915762e+00
2.462819298646046762e-01
-2.122707629110857641e-01
5.833996620713181036e-01
9.855715832488340378e-02
7.125161306189456978e-01
-4.014704771982136600e-01
3.416907134133907731e-02
-9.620080063735989562e-01
-6.644497903577059050e-01
-3.383600839556031858e-01
5.497064622265573908e-02
1.370320663599765010e-01
1.503617279036333132e+00
-1.400944957799231672e-01
1.489584765379575182e-01
3.452471251589167012e-01
2.259753841147557341e-01
1.185735401844533188e+00
1.504115425940764916e-01
-1.457815600162330055e-02
-3.771103276595690890e-01
4.535280396229002253e-01
1.118019470959147610e-01
-5.092412691357011134e-01
1.920948171140107463e-01
4.040940156806358541e-01
1.067823627265876318e+00
-4.071887931746428491e-01
1.264071709732709770e-01
-1.955401457601751991e-02
2.501590239422993300e-03
6.248905195380825006e-01
-2.478745377416923523e-01
-2.461528267262947378e-01
-1.336778887585583497e+00
5.083274701631705916e-01
-2.009371796610488481e-01
-7.077702700146375481e-01
8.235695729608988325e-02
-1.342879236159059964e-01
5.533731780821973256e-01
8.158004427976409678e-01
4.427144621048914597e-01
7.029733121379608263e-02
3.106825662092499440e-03
-6.596105558071022612e-01
-3.708821252056646589e-01
-7.843150656315570624e-01
5.148026848034348291e-01
3.647064251691121139e-01
-1.001820872085069508e-01
1.754781881330952364e-01
5.823152630054744261e-01
-1.041962702086643433e-01
7.551983514435472999e-01
3.591941028962294946e-01
-3.695100500054267906e-02
-3.527140509370140231e-01
-9.607565083141742512e-01
8.054130219108913691e-01
1.199826411096500088e-02
9.958007683442055002e-02
1.446998462236004646e-01
7.916975397347508769e-02
1.034440123968705105e+00
8.031669204869797130e-02
-8.240740206891813413e-01
5.141049318592186834e-01
4.696251489679542646e-02
4.913025028886274792e-01
6.185898843232322253e-02
-2.837020108879778624e-02
1.295236024931027685e-02
-2.222121157692454330e-01
5.321224665092549877e-01
1.013187120613746883e-02
1.479762954451008805e-01
-6.393825376395971538e-02
6.958224681848551585e-01
-2.638688765823393734e-01
1.803197273865459471e-01
3.231886906426418848e-01
1.097293718209332525e+00
6.172497032524022487e-01
2.122762986609081498e-02
-5.273682684288206746e-01
4.917085729161021490e-01
-2.371659725184528666e-01
1.707679881693301149e-02
-6.549466487545882454e-02
8.895813938081211791e-01
-3.507344687907791581e-02
-5.632734797887621880e-01
8.176721611290286296e-01
8.521588582329649164e-02
-1.841080264664315402e-01
-1.957768896151785176e+00
4.767411640155367891e-01
4.892344645701036665e-01
-8.091834780788693671e-01
-1.172462722865497964e-01
8.273301175701935906e-01
2.050797463447089353e-01
-5.565221489636613672e-01
-3.334049792822678659e-01
6.794364078101640114e-01
-1.318375166581881031e-01
-7.144047549704637401e-01
6.752340125470133181e-01
5.806988642861117267e-01
2.667076844718077600e-01
-7.904632438289584950e-01
9.973498151290055569e-01
-4.331551779798052670e-02
3.956003816767572068e-01
1.261495773089027717e+00
1.051967620001755588e+00
1.193445589198411039e+00
-1.265747392778947766e+00
6.511365666147439502e-01
-5.836843164889320423e-01
-2.973363251310915945e-01
-1.211929742031054857e+00
-5.989478390628204529e-01
4.874467588391698802e-01
1.424564430304068541e+00
9.277783528156695325e-02
8.113683319307001263e-01
8.582730655281878285e-02
1.560329560121379577e+00
9.014201388117799862e-02
2.697874318923295101e-01
-1.789597041745731421e+00
-2.411094929523352470e-01
5.610805445221462850e-01
-9.228751110144197689e-01
8.843237644232296857e-01
4.019643830276549701e-01
-3.157557075198466068e-01
6.040328067859528360e-01
2.784696498209622284e-01
2.594902706611968979e-01
-2.617858839005198779e-01
-3.729878051923397608e-01
-1.483443323836936223e+00
1.472548194738394489e-01
1.063305484408519463e+00
2.120251773348683644e-01
1.252397835395735182e-01
5.380760026696557174e-01
-2.846093284232295018e-01
-5.733883375580618447e-01
-1.012406788573539052e+00
-1.615056161690070491e+00
-1.205817957135975949e+00
2.477625701702708960e-01
-2.663010724269357254e+00
1.251727660057764924e+00
-6.128448660120190405e-01
9.680288721288651255e-01
-3.569332355117914579e-01
1.258938020922491186e+00
-4.760952380593532762e-01
-1.500478479262004061e+00
2.595228485698629628e-01
-1.831438014573444351e-03
8.402204857221734491e-01
2.647689389898131851e-01
4.543962061249559592e-01
4.931479226027859486e-01
2.994724742668724016e-01
3.273782593303137256e-01
-4.883427739539122903e-02
-5.456276643171558138e-01
8.216345240844288300e-01
-1.793612130813344030e-01
7.042481429823196915e-02
5.184389922692516084e-01
6.912251702771594619e-01
4.883447409845820264e-01
4.606892502172534876e-01
-1.760471579311952972e-01
-8.857044272199979251e-02
1.243680291708485708e+00
1.116430644670836220e-01
-5.822182695220894794e-02
-1.701089186694405564e+00
8.759035051090576784e-01
-1.055688969592654680e-01
2.613397938474331106e-01
-2.139268573341087387e-01
3.676459355499467341e-01
-6.618211956729130874e-01
-5.266850569057733855e-01
1.437856308735085964e-01
1.028016036960311075e+00
3.706282859063914636e-01
9.228614761163451974e-02
-6.800559093949748446e-01
4.269089849004429893e-01
-2.973268326151743968e-01
-7.852201226439931014e-01
1.551175834101759188e+00
-4.175540078447743664e-01
1.578879619721797745e-01
4.466013516441130760e-02
-1.015806937209316474e-01
2.184752794270786169e-02
-1.950979462028968880e-01
-1.422959601548567654e-01
-8.919703693747754736e-01
-3.213113194212883772e-01
-5.511278815858032809e-01
1.096133569392947260e+00
-1.824940011557746322e-01
4.655949049121375638e-01
1.238129540694843655e-01
3.375201480702449963e-02
-9.738822363642110069e-01
3.648590088031902767e-01
-1.078663987602852120e-02
-1.673369649727107222e-01
6.493908330854984978e-01
4.954767634799938647e-01
1.714090267798389133e+00
3.102635275922979163e-01
9.809016087075014267e-01
1.046219549703193280e-01
-3.972722691826606201e-01
-9.883765623077955809e-02
-2.345745518661367934e-01
5.613617327351796416e-01
-5.117383125022371138e-01
1.010809844842304628e+00
2.771097685235222041e-01
9.684606694380054615e-01
9.913046126891865706e-01
-6.181286758058760489e-01
4.789178485648987182e-01
8.710293612882260561e-01
-3.755323374954214755e-01
2.229050693076997935e-01
-7.468918298245079690e-01
4.466912776726456591e-01
7.028344509438710919e-01
3.369840501898545559e-01
3.438051000489168452e-01
-3.734293984032555636e-01
-4.773592628710791597e-01
-1.823030993755291762e+00
4.186653862811785531e-01
1.275881141475287972e+00
-2.033682015601582016e+00
-2.764631056482446669e-01
2.913016185449670559e-01
-1.615979657852165907e+00
-6.889620392768935897e-02
1.938665089790702956e+00
-3.718631516834864925e-01
-2.103920560859401601e+00
5.736103074656651035e-02
4.044230049501155166e-01
-1.893394023748476984e+00
-2.173717602967253359e+00
-9.629383154888140339e-01
3.670926401384131399e+00
5.027607985437846372e-01
1.845495876319658057e+00
1.643055527000405247e+00
-1.831211575331148367e-01
1.693261685694593233e+00
-4.546129400530228848e-01
-9.005382368265670845e-01
1.270398838016702392e+00
1.597949106194082036e+00
-5.632237139553553096e-02
3.354035590130658440e-01
-9.522018471186685651e-02
2.229226381280288993e-01
-1.775442217441216552e-01
1.150243678762144395e+00
9.879161073675684079e-01
9.479944608693846586e-01
-7.663308592850407441e-01
-8.360283100782719967e-02
2.488419663572235763e+00
6.963992318254728087e-01
3.295719992236434415e-01
1.763119954043810500e+00
-2.312264228354352080e-01
1.493366972577294227e+00
2.585287640486482741e-01
2.764445832396391189e+00
-1.920461176116332824e+00
-1.126396508876707614e+00
2.050810566628183729e+00
5.289095641318689034e-02
9.141647945408880593e-01
8.617840356994899143e-01
1.109207007855234073e+00
7.865312673225353102e-01
-1.268465283499591312e+00
7.976999511526280395e-01
3.240034938306743939e-01
-2.616286093999475870e+00
2.219385748431208949e+00
-2.340156938414976739e-01
1.137836281655079107e+00
1.012562960876896012e+00
2.725925539832462885e+00
2.311562394652488805e-02
-4.442648581254347584e-01
3.183589901840966352e-01
-4.853712689127781310e+00
6.695296157362502498e-01
1.655948665291333333e+00
-1.724924059148714717e+00
-1.986828724945621516e-01
-2.243105107277957533e+00
2.057884697491299264e-01
3.373433780101096957e+00
-3.285672137328072839e+00
-7.944131659918440835e-01
-2.531129144931182573e+00
-9.229874717678232532e-01
2.102160669784812086e+00
-5.706543122789479172e-01
1.486047737274417968e-01
2.367607395861065278e+00
8.426274312382568965e-01
6.094608681229128633e-02
1.453047602355418966e-01
7.803683419841755953e-01
-6.694369355122986587e-02
-2.120253032547747996e+00
-5.253940743039304806e-01
1.661767699540954268e+00
-1.351867374151118906e+00
-1.692897263889816761e+00
-6.892638528151614485e-01
-2.136480527521714468e+00
4.939641627844719718e-01
7.831710677450486324e-01
1.453951750901009976e-02
1.096513666776221196e+00
4.292331003733925732e-01
-8.792669327731192919e-01
4.545703730987548652e-01
-1.533725836344985938e+00
1.754716627756067071e+00
-1.060417724912627868e+00
-1.248408531327231119e-01
1.143331456494853571e+00
-5.676556240163762590e-01
-6.935691105408362533e-01
-8.060618023832408774e-01
-1.585659887345097108e+00
-3.390147388950372598e+00
1.554504404695533193e+00
2.361449642086762002e-01
-8.793396535817807447e+00
6.730379866565490588e+00
6.692271070118018805e-01
-5.275775494028251966e-01
-1.067136313766429367e+00
-1.598823727906311110e+00
-1.444336175933914390e+00
1.669334004785037351e+00
-1.123712232056337301e+00
-2.289578036456898946e+00
1.433474504447844300e+00
2.584896617032909738e+00
2.545811346671560393e+00
4.540365240355592191e-01
1.060059939283668262e+00
-5.609365864515640787e-01
3.609103713958600190e-02
-2.416434003054293456e+00
-1.257851459304822450e+00
6.753333979144711119e-01
3.599307398904618704e-01
-6.079860178478327937e-01
-7.905694579300464042e-01
-2.253760705355454252e+00
-1.245499387319805251e+00
-1.469305871406842608e-02
5.189199359020802982e-01
-2.532780356908775676e+00
1.646904076116094129e-01
6.431568769900015692e-01
1.425440450686214833e+00
-2.991321864977765088e+00
-3.143089052217704626e-01
-3.450780780636763634e+00
1.072597792211288370e+00
1.045152721194836154e+00
-1.979200888999886887e+00
3.790979995094037935e+00
7.552799278295428964e-01
2.161623003386967112e-01
1.713273544746018118e+00
-8.309663878342734566e-01
8.324106307310116248e-01
2.006246516620345588e+00
1.329442032945668650e+00
1.015837817794195796e+00
-6.209085615496914290e-01
-6.039871851627108823e-01
4.706708372780703531e-01
1.407591436807178020e+00
-1.750884634413709229e+00
3.451069802727687041e-01
3.475860626461323433e-01
1.698712035098888684e+00
-2.765651867968321742e-01
2.368428870003080888e+00
8.803001351006625175e-01
1.031686046432674475e+00
-3.433536332174930150e-01
5.794773022399778428e-01
3.182321495569693237e-01
-3.234757509005230514e-01
9.263040267747933987e-01
-2.704127349626839205e-01
9.765545556916979675e-02
-1.718522301478624170e+00
-2.414544828144050692e-01
-9.505873821346254582e-01
1.388425165443860410e+00
-9.611940711721092545e-02
1.296185112841740650e-01
-8.914619209177981896e-02
4.354113098431097728e-01
-1.503236157377491722e+00
9.098348577283164040e-01
-2.002197080787063932e+00
-1.079180064424891672e+00
-3.931861100855903457e-01
5.349656349409972478e-01
2.579082219286660260e-01
8.315794031082603954e-01
-1.238866082521471679e+00
-6.141882216620628832e-01
3.609813478466459280e-01
6.408023116813905684e-01
-2.831708019024838041e+00
-3.813296033813809993e-01
-9.466708213556842555e-01
-1.139765469815736010e+00
1.219915306100307850e+00
3.508547582373710005e-01
6.353961448254779043e-01
-1.546294864841020189e+00
-1.198698753710344678e-01
-1.056793434096471584e-01
-5.636430584042415592e-01
3.898593768485495992e-01
-5.229845018682541813e-01
-1.298216561179377226e+00
3.169766224143784061e-01
-1.088412166201617515e+00
-1.220644281062670755e+00
2.029246012925266296e+00
-2.002575036026836841e+00
1.844739537123359474e+00
9.001761076948749940e-01
-2.312402563427997659e-01
-2.641072622954407034e+00
1.939270682052312567e-01
1.506448478174459593e+00
5.605137221154684601e-01
1.743621129863521135e+00
1.485723701598200830e-01
1.589897177399634876e+00
4.132635342522184008e-02
-9.379136902090081662e-01
-5.193115389790261549e-01
-1.376145340061349032e+00
9.183007809191303661e-01
5.223255109887647851e-02
3.601313767765038087e-01
-1.011186037508067015e+00
-1.283409700276095800e+00
6.193981112742438233e-01
-8.168394804039662560e-01
-3.727784852144131467e-01
-6.976481954158051391e-01
-1.270649692403716724e+00
1.017649933975580956e-01
-6.711070526223845700e-01
-6.529297454039616477e-01
-1.442792651744734034e+00
1.322445076173999423e+00
-1.687527729974596769e+00
2.397866534469822675e+00
-3.315952457438683387e-01
1.408934312867378358e+00
-1.855898654641525036e+00
1.182126810259512384e+00
-7.850006953643096086e-01
-1.068280796604395011e+00
-9.244424752911235554e-01
-1.374759298600708224e+00
2.371161859315357834e+00
-9.042206092674218709e-01
-1.672197480479107323e+00
-2.278346476875547477e+00
-1.280119666423409353e-01
-3.675742635191566521e+00
-2.446594120433072561e+00
-8.784256704937055682e-01
5.882318774203259437e+00
1.056948858876647357e+00
-2.297943753584841264e+00
1.942505938620018857e-01
-7.874870976439393710e-03
-9.454845340454096636e-01
-3.473081823836404958e+00
-4.335322164837068226e-01
-8.740538767038763535e-02
-1.742278118979391222e+00
-3.258088904146443365e+00
-5.511436134406110909e+00
1.873822698130055864e+00
-4.460326242473581004e+00
5.788728099786356829e+00
2.023707820363302101e+00
-3.483442808402699153e+00
-5.858319381297500961e-01
-1.502279222409250048e+00
2.403143846879117085e+00
-3.544269589128613562e-01
-2.124635601239882376e+00
5.124690491002747983e-01
-4.310186690896845363e+00
-6.425536290851162846e+00
4.784453371232578078e+00
-3.981124469449506265e-01
1.765808929726112808e+00
-1.385641142735931641e+00
1.607843697871724764e+00
-3.937217248787275303e-02
1.931560263324482829e+00
-4.002239902181532472e+00
-2.360500592874455350e+00
2.570551306448561668e+00
-1.833834451495930162e+00
-5.435433266150243581e-01
-8.325945273718078354e-01
5.896616569128672047e-01
3.815025703245096267e-01
-2.164457341222369102e+00
-7.384170925752353565e-01
-4.822161059578550235e-01
4.444778129801461031e-01
1.155307201631305958e-01
2.107437829531129569e+00
2.077708622698568597e+00
1.336140531676336396e+00
-3.168060011917277485e+00
2.802399191333860839e-01
-9.795851872620023881e-01
1.492752192807482947e+00
5.166564530461035254e+00
-1.000037590498296769e+00
4.163709949253005860e+00
1.272485579522704358e+00
-3.515677069744650662e+00
-1.103460844737454094e+00
-8.890042368715560528e-01
5.478554228616129285e-01
-3.008905788716341734e-01
-1.085344206448099147e+00
-1.792032254968764837e+00
-2.174797366870461435e+00
1.045385355161556062e-01
-3.614001378106496798e+00
1.295307453892206695e+00
2.236954694889527584e+00
-5.499329101109912132e-01
-2.277577465134718704e+00
-2.588162743786432518e+00
-7.917275334602400516e-01
-2.055081945980890001e+00
-2.237403548459728331e+00
2.522303909551378842e-01
-1.701434723466271004e+00
4.580053260979714547e-01
-1.162344912950712850e+00
-1.977299861270596315e+00
-2.939625058634090515e-01
-4.936872132025081350e-01
2.598199896171746293e+00
9.927358352024850952e-02
-2.165326947000544511e+00
-3.623642007633197659e-01
1.127946797076444296e+00
5.602737129406852867e-01
2.510661866332136061e+00
6.857578517406943686e-01
7.480523479778664608e-01
-1.576093248975454442e+00
-1.010488805949815161e+00
1.791376700254069920e+00
-2.906558904297543044e+00
2.654999828583083366e-01
1.499745923321291197e-01
-1.393422384241855161e+00
1.798643982056571167e+00
-1.760803824902030801e-01
-4.391265064541736707e-01
-3.056232696416273598e+00
-1.909526616869266169e+00
1.748429014928052361e+00
-5.011408830914150236e-01
-1.654915928226179611e+00
-3.176603704130390948e+00
1.725399740351243105e+00
1.414981581523840237e+00
-4.145561007020830968e-01
2.024745552843401075e+00
2.064504678960143558e+00
-1.076242243951749167e+00
1.207761569582667116e+00
2.992282080177118830e-01
-1.465786901389515506e+00
2.810494583880093877e+00
2.667266050676825540e+00
-1.849308788232077116e+00
1.995746909001959501e+00
2.820488219472968017e-01
-2.729664733026487600e+00
1.844655952341993088e-01
-3.408070621414834300e-01
4.835438452376147112e+00
2.400631013128750324e-01
2.164660954914221502e+00
-3.427230870163801013e-01
-1.971711361279335994e+00
1.452080997162763731e+00
2.440555999302628010e+00
-5.790625481036826283e-01
-4.529695256286095373e-01
-1.704729231500096143e-02
1.172609634481156071e+00
-3.289794177541148557e+00
1.254609076939679824e+00
1.061931643957194638e+00
-1.744652474800158615e+00
-1.607626102705769666e+00
1.548853044774409771e+00
2.215207116103378837e+00
3.359728838057308042e+00
-5.699813757310545626e-01
1.217171952351180586e+00
1.113860715543945057e+00
8.725192679548383623e-01
-1.092797456003707479e+00
5.022375432833880993e-02
-8.187927868840294554e-01
-1.934237077751015388e+00
9.297858839944318499e-01
1.215494370726276863e+00
1.789804832317598571e+00
5.886068796150039084e-01
-4.726144189727734535e-01
-4.920838408413454879e-01
-3.219775549788694846e-03
3.435288269390657678e+00
1.270847466147694282e+00
2.404490721886033189e+00
-1.532456396988947755e+00
1.013761495605064233e+00
-2.833627162976895542e-02
9.603591513591480666e-01
-1.746133714463461883e+00
-5.173470703464690956e-01
2.122424064754443229e+00
4.649461269848366163e-01
-1.632753630932812783e+00
-9.772436246508229285e-01
-1.910382132523412713e-01
-9.888461308062505006e-01
3.043702716490153115e-01
1.495058523895544944e-01
-2.144585609317837704e+00
8.905694747092862684e-01
1.541439271582980330e+00
1.366936250393197216e+00
-1.918414774978469961e-01
-4.703076388334001545e-01
-7.730548923895907976e-01
-6.311202332359004963e-01
-3.698979001710324677e-01
-2.265034567279369249e-01
-1.027218625160643967e-01
-1.642186983484593243e+00
2.346455282840953505e+00
1.509967324673363365e+00
5.461204459948916234e-01
1.349668224387632343e+00
2.501420512618287351e+00
8.947025723158161248e-02
-8.498372333026482650e-01
1.750354930680843690e+00
5.828262713208532952e-01
6.394143827742764241e-01
1.157851856010448932e+00
-1.540702073176573039e+00
1.183843928950371049e-01
1.180155178211869993e+00
8.740178115175860629e-01
-2.242626053730045199e-01
-1.061250470964196113e+00
1.133683718877582569e+00
-1.540800738031404604e+00
1.907637258634921062e+00
8.290023624009710268e-01
-1.746119815116315976e+00
1.262129345983544759e+00
2.682998564905774708e-01
-2.345506795937543298e+00
5.001457614168061117e-01
-1.211543979689130746e+00
1.163086494082616662e+00
-6.403374202521691094e-01
1.314864550280959721e+00
-1.973233396929808259e-01
5.358226118205715316e-02
-8.088486860525561095e-01
-5.484504071958020699e-01
-1.600774940878788577e+00
6.069842763782689055e-01
-1.438125127497982714e+00
7.617530476372625925e-01
1.779607112935451374e+00
2.534258751468603243e+00
-6.415790313122986532e-01
8.826873761389204542e-01
2.519093642018116475e-01
-3.754421982579467798e-01
-3.904034422305407981e-01
1.662297410901613537e+00
8.864402181703140426e-01
-5.956641755838510965e-01
-5.301370170073689270e-01
8.528944369168223183e-01
-7.624061003207077691e-02
-1.529610164579015663e+00
-1.730422877038372553e-01
-1.619585604603267504e+00
1.171953502350949528e+00
-3.010658259396890024e-01
-1.705528643634861119e+00
-8.567108141913676311e-02
1.254358324589622375e+00
1.431808710090652692e+00
9.233452069074037372e-01
-6.841400869347917524e-02
-1.744312806977231234e-01
1.127878170175582895e+00
4.745841217550363922e-01
-7.086502650721815399e-02
5.153854031802354019e-01
5.139629824316442885e-01
-1.673055994721546202e-01
-2.487167824665733051e-01
1.312813563447633225e+00
-1.205211458607990505e+00
-1.131189941729797477e+00
-1.460317793537784237e+00
1.509076707421879382e+00
-1.644565369191607340e+00
1.252429057478335217e+00
-7.354753838218766049e-01
1.124286110293665208e+00
8.951071575714043549e-01
4.311946781250679539e-01
8.897280571485511880e-01
-5.629085188229785430e-01
2.703812152662916635e-01
1.225304762671066916e+00
-5.264820810647594801e-02
-2.941438429447941760e-01
-6.846233407745743182e-01
2.802890765145444885e-01
-8.908733741320129518e-01
3.640148416518176333e-01
-4.395571282713189198e+00
1.983342140002096521e+00
6.820513927619589190e-01
5.460673562938742620e-01
3.612998336711981118e-02
-2.969542155339556233e-01
-8.565419794889672644e-01
-7.569036849422445812e-01
-1.012516536309724602e+00
-1.873863855588270289e-03
1.482748899216227989e-01
4.040070271332162344e-01
-9.952207894182478753e-01
-8.938740158987905637e-01
-7.822830664502549158e-01
-6.990195498453362077e-01
-7.971443373233270124e-01
3.374197457882474049e-01
2.739025812439024321e-01
2.153628698764231963e-01
-1.521720382379957159e-01
-1.534524170000349241e-01
1.004309556008686100e+00
1.494987890458363111e+00
4.835842879726339194e-01
-4.277902978597519779e-01
-3.048725590286108234e-02
2.710912898250235070e-01
-1.709971218042690144e-01
-1.638184808510845913e+00
-1.386803101611269462e-01
-3.263243404448750162e-01
1.594194275677666417e-01
-1.167004756823198930e+00
-1.248302165507899186e+00
-6.260477612346910803e-01
-1.920299054834585961e+00
-2.974231766614644501e-01
1.021667996249134625e+00
-7.949995999263673729e-01
2.523477389797353920e-01
3.989304095277642487e-02
1.606101080619650290e+00
-1.088490671165921686e+00
-2.002985858162621202e+00
-4.195831896463959598e-01
7.426328154175161345e-01
3.938534310587846199e-01
1.301526683706158982e+00
-1.096331305190779704e-01
9.179637259239417091e-01
-2.917860808571071107e-01
-1.378644068130405298e+00
1.646777863564084621e+00
8.056348632561604051e-01
-5.723940612679263573e-01
-3.867762377469756707e-01
6.310618228431039700e-01
1.526347375302946174e+00
-2.949515632944326171e-01
1.629045632680308220e-01
-9.746029236783380068e-01
5.038936950259529368e-01
1.289779180124284608e+00
1.885767511433776578e-01
-2.004499604301543947e-01
-3.941728451230586822e-02
-1.453143854369982613e-01
-2.338909286484713579e-01
-1.773622371687377797e-03
1.167262443818821938e+00
-2.670767061903609463e-01
3.127669899107154983e-02
-1.416225016907934897e+00
1.912360268691404575e-01
-1.326876197607011060e-02
-6.110670211002435792e-01
6.562973595224598222e-01
5.068592531160689418e-01
3.345737639931463669e-01
-4.286164685444889821e-01
9.873739269683865505e-01
1.221207569701831419e+00
-1.131567614619379408e-01
9.398313744732846864e-01
-1.563974124471209648e-01
-1.424854834732479925e-01
5.925709949835614165e-03
1.990423003430287219e-01
-9.123395640290228314e-01
-1.389169293135538163e+00
5.464436981705753649e-01
-4.636700110612106407e-01
-6.114575385363519855e-01
9.433752431180069120e-01
-1.024024411829470127e+00
-1.029072422306561263e+00
-6.218883108138670845e-01
1.090270939316779986e+00
-9.615383562481197854e-01
-1.677411129970192705e-01
-1.546262826960467907e+00
-5.544878512087860756e-01
-7.744416578540016527e-01
1.794147121592328142e+00
-1.058814967487857084e+00
1.815222470255933584e-01
3.897266150471247470e-01
-6.929669017233918149e-01
-1.415308460789572953e+00
9.420512370971915184e-01
-1.234805381667610780e+00
-8.564201582515358624e-02
1.805945418779431599e-01
-2.141704007227818618e+00
5.782385682044313135e-01
8.670603732579487133e-01
1.394279797176565250e+00
-9.296821457859060223e-01
-9.044792519362507277e-02
8.886403514315860397e-01
-1.260740524556370756e+00
3.753743370509573518e-01
6.857474231523130737e-01
-5.327867565342676859e-02
8.375499612794552462e-01
7.340626316581529975e-01
9.357637190336680344e-02
3.616356956649761645e-01
4.670379346868295811e-01
2.084796779289380009e+00
-2.250118571279777768e-01
8.765734829909244130e-02
-5.472328756130191429e-01
-1.157925727499984486e-01
8.601438580358483632e-02
-1.410407616073290571e+00
-5.546978908008530773e-01
-7.525395051739989238e-01
5.300583773842261204e-01
-7.066789765797605316e-01
7.778932972324276163e-01
1.177323965223366908e+00
-8.277182675813592183e-02
2.511935379786505163e-01
-8.759691193256441410e-01
-4.438942180180700803e-02
-5.794597699081879272e-01
6.034634694128956367e-01
5.876220704241110759e-01
2.664858707164845519e-01
5.664398535476138363e-01
1.701564434300974205e-01
4.231791301909417213e-01
4.985456095614552163e-01
3.189994958745320797e-02
-2.779102684786712851e-01
1.111368828412811594e+00
2.172725973267770894e-02
2.493280118349723018e-01
-1.042854432638672807e-01
4.391254682698747525e-01
3.309578475751637217e-01
-8.505109048642410796e-01
-5.410020371822069629e-01
-6.242867525872535239e-01
-1.991589441700866714e-01
9.490586758839435200e-02
1.827084180877002612e-02
-4.705778453878060597e-01
1.091653158936730372e-01
-3.299132181324044288e-01
-1.375755588890126002e-01
-7.338461017937708553e-01
-9.344591168310414919e-02
-1.758217576421600703e-01
-6.157613307406883951e-02
3.755702008641745304e-01
-6.110640009472725342e-01
2.312263225607367190e-01
8.182595774523734322e-01
4.534983706367712308e-01
3.897035034405240128e-01
2.569196160640838666e-01
2.121160463006249997e-01
1.237969777645369973e+00
1.521836674719562188e-01
1.679476581059416163e-01
-2.218090450610334385e-01
8.591661450759655594e-01
3.930375818121179671e-02
1.553778979406230665e-01
5.784278339824021342e-02
2.136641986483902300e-01
5.238620344342630464e-01
-5.656829262298598282e-01
7.917203000035535343e-01
-1.473281111155300971e-01
8.081885410425282412e-01
-6.058037062132513167e-02
7.632758128851347967e-01
-1.234835727433860192e-01
2.126414378475448563e-01
6.199254186821860912e-01
8.352599271937160008e-01
9.864690641334544763e-01
-2.680572282884290947e-01
-8.543982147745317057e-01
7.676159510525129015e-01
-5.205984289825085209e-01
3.000653763327302270e-01
-4.773126009889170351e-01
2.518269842811674541e-01
-2.462511299100649809e-01
-1.160354909423514602e+00
1.278865066659027327e-01
-3.051172292284672904e-01
1.512447897787023710e+00
1.362769524009062261e+00
1.071911883079678773e+00
7.678537074951194974e-01
2.899147900858341509e-01
-6.805397074998678075e-01
-4.284610609087644573e-01
4.930545617442165796e-01
-1.203979775908383676e+00
-1.552125398576490456e+00
-1.483231391935854848e+00
1.220359970393063875e+00
-8.969271884235707759e-02
-6.087537340073087555e-02
-1.823108388331381002e+00
3.430639959187629096e-01
-4.393126556245547931e-01
9.553938153153821444e-01
-6.906857190531143775e-01
6.107631352481124321e-01
1.674554432089755407e-01
-2.100896263503595762e-01
-1.773822487366184530e-01
7.528448746682879777e-01
-9.871800728849422502e-01
2.481480696233261951e-01
-1.569568357877440534e-01
5.046311418806690430e-01
1.973819930286879465e-01
-1.198804484148805916e+00
-8.623661411634976348e-01
1.405512443170462977e-01
-1.066320090150893601e-01
1.061595233208880051e+00
-5.379422211798323694e-03
-5.219700566561984445e-01
-9.411744542799936886e-01
1.039350541084585577e+00
2.789934921481870278e-01
1.331792201427050459e+00
4.477436363946803999e-01
2.945918328380485174e-01
-9.846524733192803247e-02
-9.647358473033162962e-02
-3.417961818802543461e-01
6.614151941453296768e-01
9.100903363337925489e-01
2.815643954226222379e-01
-1.780387006979820830e-02
-3.381593681631047121e-01
7.597286672969009169e-01
-1.080420867442914989e+00
-1.996268159704120970e-01
-3.042045397036081122e-01
9.332101741682113927e-02
-3.306425694749318134e-01
-4.360442559610325786e-01
-6.161761317387772774e-01
1.518686613811839337e-01
1.142929807130488529e+00
-8.354023281187489269e-01
-1.945471382721342679e-01
-1.043188949121689690e+00
-1.232560110603757808e+00
2.571514980385906091e-01
9.441992946746430304e-01
-6.645478288298789504e-01
5.994492042667241005e-01
3.015793101725454117e-01
1.054802859050604669e+00
-1.653582918796968171e+00
-2.480340166873054586e-02
-9.018628011773989206e-01
1.249434817488125793e+00
8.179926088875412171e-01
3.287470739259641395e-01
-1.172925686890644359e+00
3.658855265221112596e-01
8.697186201596848187e-01
1.444685994487204805e+00
-4.274241074633782222e-01
-1.083863731418390097e+00
1.256089222056430699e-02
-1.802221988369997918e+00
1.378637581488899588e-01
-1.214765514073502306e+00
9.278509187187061746e-03
8.158951830565206453e-01
5.828167468351760361e-01
-4.803448024977230446e-03
4.666690620166698000e-01
6.719701673178737344e-01
-5.145557784323573358e-02
-4.978421647041236797e-02
1.152383229115697016e+00
2.103179030928652715e-01
6.847253149082398460e-01
1.005119966435649159e+00
4.573610917422530342e-01
1.306370958289796574e-02
4.442023884920128229e-01
-1.933989257487220281e-01
-8.648712602213056710e-01
3.495446389937708065e-01
-4.040893025016557560e-01
-7.531076910471055930e-02
-5.929862504006102597e-01
-8.351725602676400850e-01
9.511169855410652740e-01
3.899523807366098715e-01
-2.664456909373831284e-01
-3.837064593818549918e-01
-3.086795790714667587e-01
-2.566490645372759838e-01
-8.915009602955785706e-01
-1.388366626657406844e-01
-2.993035251472563330e-01
3.788441151654781125e-01
-1.312004270293387898e-01
-4.984874070659483514e-01
4.926127107411772954e-01
-8.076923723055290383e-01
-1.309472838107844928e-01
2.920116013213141515e-01
5.243534897570060194e-01
-1.674793216650059813e-02
-1.404521889516222588e+00
3.316242425901101687e-02
8.310467694918927117e-02
5.354912262054758454e-01
6.619262330981161568e-01
1.587778045385038528e+00
-2.427844586974083341e-01
-9.285936239301503248e-01
-8.566089195666293232e-01
-4.572131157578096516e-03
-5.603748412693291270e-01
-1.582915229423850212e-01
-7.303878048159561098e-01
1.277818975681290770e-01
-1.637680548776505041e-01
-2.744651520213859941e-01
-1.094959271804663903e+00
-7.059606288651142370e-01
-3.024818283811986919e-01
7.957876581198778387e-01
-4.005218706468148537e-02
8.391337162910681435e-01
-5.981410273613911865e-01
9.838220990813097144e-02
7.483249887319161353e-02
1.206154795808350499e+00
1.040212995360969117e+00
-6.038308020488226679e-01
-1.603076057283162048e-01
5.294524164920551002e-01
-1.016413305959614766e+00
-1.915108976710775401e+00
7.697572590561368999e-01
-3.575681823876629417e-02
-1.743509541479347502e-01
-3.645318955414229012e-01
3.354408030530494633e-01
1.795712607796691174e-01
4.195218832486913296e-02
1.359790657058392416e+00
-4.477090871048884924e-01
6.635648774159704777e-01
-1.824860668933643293e-01
1.532214338693394240e-01
-4.335390064430191814e-01
7.836786156811978987e-01
-8.494422342688211502e-01
-1.131196928400707957e+00
-4.465794458078948814e-01
-2.677848322580703488e+00
-1.459782038106051782e+00
-3.709960245422991854e+00
1.411698630545768607e+00
-8.966861270940305051e-01
6.544130129953511232e-02
1.574296193822775081e+00
-1.700086451907636409e-01
-5.473823377966155479e-02
-7.877765113776367123e-01
-2.066021742658912252e+00
2.902899517544010877e-02
9.911412645824244638e-01
-1.470541147183594077e+00
6.025870191785714924e-01
-4.628963428343578212e-01
1.434874815386797398e+00
1.189163424004407110e+00
1.480333301637780430e+00
5.251966982765812197e-01
-1.168121231308845598e+00
-1.710338930690600057e+00
5.261340485822312285e-01
-4.451014481485275898e-01
-2.689126353260843594e+00
-3.005801326076729119e-01
3.133213879793265155e-01
1.167657601192535033e+00
-1.843925035198185736e+00
4.707584961821656422e-01
-7.979663199803883611e-01
-3.126518234526066031e+00
-1.234892198337099734e+00
-1.100974416920287080e+00
2.364913681860487671e+00
-5.831896837198488059e-01
-1.537487851822541218e+00
-3.036481281333653470e+00
-2.022379856796029163e+00
3.697247610492482295e+00
2.429163898385525044e+00
-4.007310459844548589e-02
1.587749751816309063e+00
2.489129855110760126e+00
-8.859552235015456523e-01
7.600195985150952627e-01
-3.099895616721609848e+00
7.369911154328778746e-01
-1.311616727780550828e+00
4.801463655830915389e-01
2.883205471052504798e+00
1.450949828124043606e+00
9.612369912081430989e-01
2.471178183787858806e+00
1.621881749852693622e+00
1.834460528921962874e-01
-1.669651640143150706e+00
-3.749305776313420213e-01
1.567332083823368194e+00
-8.117916186048677041e-01
5.526616306685402241e-02
9.272082123751351768e-01
-3.318145025039040963e+00
2.316217662239075104e-01
1.043587704942862127e+00
-2.074475408635135132e+00
-1.259228162273237972e+00
-1.573999796331322143e+00
-1.127935469282263847e+00
-9.783149793622701595e-02
-1.274690866348677787e+00
-5.640990483573041780e-01
8.588069863275256122e-01
7.512548307598784225e-01
-9.116149847816475971e-01
3.476074351503472215e+00
-3.641672502981539716e-02
3.580081158195568269e-01
-1.248594996027598603e+00
1.377040219473466554e+00
-7.343490297694209579e-01
-1.705450157972102865e+00
-2.497763968258348288e-01
-6.733432217823878130e-01
-6.160596901526762537e-01
-9.735290833454326442e-01
9.537377215016502596e-01
-7.775788670106226208e-01
-5.309903552475636612e-02
9.738674300663490158e-01
-6.494742666802795494e-02
6.630525087820163810e-01
-4.382343221555579649e-01
-4.388323596660737569e-01
1.613275714568325414e+00
-5.195601450610466410e-01
3.634632326798661883e-01
-8.990852980756421919e-01
9.844458117226141391e-01
4.720282623888989448e-01
6.473041552578654434e-01
-2.267822534441367444e-01
4.060398560858347605e-01
1.208932240190109475e+00
4.268972331246818630e-01
8.205436233614158414e-01
4.569808631657183984e-01
1.049766962094065725e+00
6.965585798261177131e-02
-9.694805880817809474e-01
7.426840627762684166e-01
-2.041714713528576808e-01
1.326523200411150016e+00
-5.995002917233496764e-03
-1.375646421687141130e-01
-1.894556825629968577e-01
1.059522566192311110e+00
-1.809006184989073174e-02
-6.506254913746054580e-01
5.537225264213618825e-02
1.138541580023201827e-01
1.350529197753422173e+00
-2.689111040263681418e-01
6.809971663045041312e-01
-3.373600648991179063e-02
-4.318227291280836710e-01
6.826909433845264330e-02
-4.877860545593924457e-01
9.860424478634005618e-01
2.894831644764658818e-01
-9.647241108897103290e-01
4.801966757422115317e-01
-8.964025131253965384e-01
-1.359616965569409919e+00
-5.949785968349051712e-01
8.303771508198909412e-01
5.207681217924193806e-01
5.617863803762269959e-02
4.687096038989512214e-01
-8.382223399424905408e-02
1.204635404954192829e-01
-4.064512934118504062e-02
-5.262665461315398918e-01
-8.451589090765833090e-01
-1.527643607567139572e-01
5.791318471741033203e-02
-7.346647853397286765e-01
-1.197601194731094838e-02
1.128740350470160525e+00
-4.428680612970366526e-01
-7.605778033368274516e-01
-1.791054177069200393e-01
-7.937593785204385965e-02
8.345166652411752928e-01
-6.603774816295276961e-01
-8.323248442353313736e-01
-8.663101217793132136e-01
6.459625178614043506e-01
1.293440953564520601e+00
-1.072417093455492743e-01
-2.337671046628558846e-01
6.043296562844808761e-01
6.676385712043196863e-01
2.711960159398369985e-01
-1.114585212017145333e+00
1.624183312238783317e-02
-1.829589336629900975e-01
5.838503888805363085e-01
-1.715021339758860952e-01
1.169596547075683279e+00
4.999629880709814955e-01
-8.391979618521656914e-02
-5.002148495842014819e-01
-1.542808423740803070e+00
-2.064671946402608926e-01
-5.193576262770343011e-01
-3.411252170196262812e-01
-1.043093962249447504e+00
-8.688061753151649080e-01
4.100295854300874954e-01
-1.932121195664389113e+00
-2.050285705569674655e-01
-8.227551536248216557e-01
-6.035657472826051057e-02
2.142078895812076222e-01
-8.033782872567858391e-01
-6.004367751870088865e-01
1.306746925161016148e-01
1.229409516721759577e+00
-1.071078091348018901e+00
-1.741647783105386427e-01
-3.422261166531538334e-01
-1.188882019394686296e+00
1.869773427932944765e-01
1.111447191560492653e+00
-9.912818578526153002e-02
1.484907906894677110e+00
-2.504536462132485597e-01
7.502371715895050919e-01
-7.459570795556719203e-01
1.752871333076488902e+00
6.697812951457317032e-01
1.139330910891395987e-01
1.506638431468782791e-01
-7.652037414344032840e-01
-1.025141330366471593e+00
-1.627937491203996778e-01
2.702600518376743199e-01
6.095330499299074223e-01
-5.837764917504871809e-01
1.250162735143763637e+00
9.336672568139841033e-01
3.299131000420488791e-01
-8.649312603538600319e-02
-1.357015465926567632e+00
-2.605154658215319552e-02
-1.318385117890934266e+00
2.749446641033721495e-01
3.564071610545893609e-04
1.127478797540303557e+00
-9.423940485766358899e-01
1.222667749895547162e+00
2.609858238773294925e-01
-1.729658485814320024e+00
-7.276339671063286607e-01
9.726517163416768808e-02
-2.284746497961566425e-02
1.149389842882792445e+00
9.572052562661604869e-01
6.576869042854566194e-01
2.132044968201806528e-02
-2.472613335195661677e-01
1.008171664908292103e-01
1.123492753827600277e+00
2.456743231299190200e-01
-1.819174365781708880e-01
5.483479865397115072e-01
-3.427352319826180160e-01
-1.270951750935387370e-01
8.581446502115228636e-01
-5.093704737641937541e-01
-3.359615556324178076e-01
3.995217677972695558e-01
3.248831052783509449e-02
-1.057466908300362385e-01
-7.738017769468551466e-01
7.884697493674059920e-01
-9.107885392618477738e-01
-1.767401134927948925e-01
3.966104570053483047e-02
-4.780086281360815259e-02
-9.051697929517961150e-01
-2.052994709827198894e-01
-3.295582123369378280e-01
-8.611103056662465782e-01
1.434731276483788565e-01
2.089827097587372950e+00
1.318205327431243856e-01
6.879839083920527010e-01
-1.910972675246894181e-01
2.021297833191080695e+00
1.149581338764594507e-01
-3.064411530708910369e-03
5.792944068893510767e-01
-7.714560585952479066e-01
3.205932420050813803e-01
-6.367182901602065626e-02
4.669661922414421878e-02
-6.213488288494355416e-01
7.188589837680531280e-01
2.035030872531229940e-01
2.897769288330921400e-01
-1.007303228255832656e-01
3.705266972830708050e-01
-7.154306911053281981e-01
4.039888847890873436e-01
-9.871584320282714153e-02
2.653316508803025831e-01
3.186928950095601065e-01
2.294716055583632119e-01
5.356784131239992197e-01
3.809404555755085409e-01
1.410043066353066088e-01
4.171215848950066696e-01
2.086130689987742981e-01
1.379598380916559619e-01
-8.438158191791509388e-01
2.141559196468878490e-01
5.230594980984506481e-01
5.496732696289444720e-01
-2.354885561098966906e-01
4.740730432278206230e-01
-1.672087629130504904e+00
-4.924973366673206510e-01
8.362167548719458277e-02
-6.235750452736900096e-01
6.023255745713396170e-01
-9.801849529338089173e-01
2.469651988920481822e-01
7.418838884460664529e-01
1.339110081946066622e+00
-1.089952559188097081e-01
-2.659578644111124102e-02
-5.363858657037317013e-01
7.766982210180146673e-01
2.334823189780955432e-01
-6.127310979195161877e-01
-1.164432877264668653e-01
1.285474823372361630e+00
2.012828986630875450e-02
-4.647952592326456966e-02
2.587728919950788575e-01
2.351709340792103586e-01
4.488737030717965260e-01
-1.243086279496510294e-01
5.065092856415688294e-01
-4.584357995472314595e-01
-1.085297425574608954e-01
3.343252818020183148e-01
1.550859492918858495e-01
-4.766117195023628073e-01
3.102815039457387791e-01
1.856335355219272676e-02
1.958391891517497818e+00
2.076942526011789636e-01
-1.576900696918849543e-01
-1.439208978405836503e-01
-5.395925590220458368e-01
3.019075044938545616e-01
4.718482443958527117e-01
-3.251776091008904412e-01
2.563730406668944806e-01
-2.651022863982971378e-01
-1.135275809177549444e-03
2.390572080965902568e-02
7.553410298020107883e-01
1.719864744024406922e-01
-1.186198656808380159e-01
-2.139485179723737140e-01
2.284663584838751427e-01
-1.415612767493079072e-01
4.903799143331755150e-01
-2.948498809423032441e-01
-8.985897139548147672e-02
-1.569841497696776167e-01
-1.418746677336166995e+00
2.692926454294165550e-01
-2.189748510596658815e-01
1.220639485912792255e-01
4.098089678172492922e-01
1.074154347325380204e-01
-8.894857708186778567e-01
4.904909558180130524e-01
-1.098196705422848085e+00
-1.966987434616268016e-01
-8.302850755541910099e-02
-7.668279900092339618e-01
3.663701801298263616e-02
1.227467453848658296e+00
-3.187087853068282239e-01
-9.308900979198622139e-01
1.660860702883446005e-03
8.145256834864322837e-01
3.121850518218175635e-02
9.288626366209512542e-01
-1.601089339833072431e-02
-7.139269762713731371e-01
-1.027772960451756923e+00
3.112352149259873801e-01
-2.579132695105956774e-01
-1.253516410203278308e+00
-2.819165555594080885e-01
4.874422404414518462e-01
-5.739774548625185130e-02
-2.578792247522059267e-01
3.565989196690305674e-01
1.737872682237222577e-01
4.801065200036594982e-01
-4.986062510601307896e-01
2.550891192199325475e-01
-2.103007969825686774e-01
-1.803126157780187366e+00
-1.185182663009367726e-01
4.656332540971445666e-01
5.413802559142633086e-01
1.259907135026455127e-01
-6.647189001684554455e-02
-9.090432530879738460e-01
-2.486239628244959476e-01
-2.470165589910855997e-01
1.796429853454997727e-02
1.350447890549432595e+00
3.068591557733924002e-02
-7.455354523065409467e-01
1.048027247686307284e+00
8.113432553553957538e-01
5.562254059054939637e-01
7.766279084566188318e-02
5.004632156985425739e-01
-2.998341463967870157e-01
1.687139142423247501e-02
7.106666032219639551e-01
4.058174809610981537e-01
4.325011704293273418e-01
-6.409765192050023708e-02
3.157588186408304409e-01
-8.903779446502939621e-01
-7.106324245160215713e-02
1.990403873387395772e-01
1.196573548788855135e-01
1.038501970032678745e+00
-4.296269533562431242e-01
-3.450087213709308043e-01
-1.662647639171808134e+00
-1.100520232387763309e-01
8.743645149817385054e-01
-9.737661776627619670e-01
-7.029608015772590424e-01
-4.614944351287409985e-01
-2.120617009143395751e-02
-5.090342891067101139e-01
-6.454488713465510452e-01
-8.670715436405909138e-01
2.033856788366064650e-02
-9.097953725938433545e-01
-1.358952525673120082e+00
1.150889627448954400e-01
7.337320069903080499e-01
-1.733176358181879456e-02
-7.502527454721121813e-01
-1.842484283868329076e+00
-3.906209746186020126e-01
-1.462483347992459493e+00
3.305119931091335395e-01
1.484945483292816393e+00
3.199943916571019731e-01
1.094327206247431183e+00
-3.472892731558502866e-01
-1.427074751441148148e+00
2.418220782301557126e+00
-6.438694947821305137e-01
1.186317882849608152e+00
1.545339013327765576e+00
-1.572785204092125855e-01
1.377355901835878860e-01
1.992883029628971792e-01
3.694990205821392926e-01
-6.558812664637905798e-02
-8.614207270944840289e-02
2.858066984577274372e-01
1.457526328398488946e+00
1.493249329115639845e-01
-1.354328504883231532e-02
-1.310530146515820338e-02
-3.175920801727802889e-01
2.788587144812391116e-01
-3.532432533140643094e-01
5.725260145036855652e-01
8.668813094961028143e-02
-9.602792950344510303e-02
-8.404341902188294799e-01
-9.349174996455380526e-01
1.428977660988397236e-01
5.893635791255670275e-01
1.314027795933610854e+00
7.073283042379691077e-01
-1.086103726571871902e-01
-1.851325082989787596e-01
-5.054484198756914459e-02
-1.270787368984926724e+00
-4.158054322045541817e-01
1.225559669326549417e-01
-1.596111769127398772e-01
2.306296851172343898e-01
-4.326700909413507823e-01
-1.044633984909730140e+00
5.586073537430282787e-01
2.080256063307310277e-01
2.119468272413535193e+00
-3.043840159067981443e-01
7.453724305099690417e-01
-1.781071723983970179e-01
4.654496064596127525e-01
6.674670778388049897e-01
6.958263758438107405e-02
-1.318055568465154870e-01
-5.801201225221119112e-02
8.803309981296850717e-01
-1.211555532528384022e-01
-1.130501103212683128e-01
9.431463342635165725e-01
-3.449127296912206098e-01
-5.574609783927043649e-01
8.532437495652012149e-02
-2.378201312106582310e-01
1.514490405509290316e-01
-1.072035031958072038e+00
3.299368691474037774e-01
5.309311548869453112e-01
-1.317318613738707733e-01
-4.956318623566390857e-01
5.835132560877530628e-01
-4.559693668405443434e-01
-1.931829874274773040e-01
6.146726221899782017e-01
3.813925056743274755e-01
-3.902365149185652027e-01
-5.015552022060938420e-01
7.355743515196878635e-01
3.282526298440358592e-01
-3.112785459953395506e-01
-9.143209934620233348e-01
-5.401187007283498875e-01
-4.532927765208379922e-01
4.011928709679026817e-01
7.831927776380938344e-02
1.318706191347263523e+00
-4.123478256874254511e-01
1.364189698668833439e-01
-1.574797210712555739e-01
-1.847713409549754937e-01
-5.311556136418865010e-02
-4.091855745199515226e-01
-5.106136609350168110e-01
8.494428000058810158e-01
-5.270483208463727642e-01
-1.169843196320089707e+00
4.967895377344685448e-01
2.985542328853412641e+00
1.330415906506474122e-01
-1.875217917628769493e-01
1.876661806459803405e-01
7.338292079063647722e-03
-5.081487231512279990e-02
4.348300275973469020e-01
7.163279912708835073e-02
1.964782527391209510e-01
-5.020231965176069622e-01
-4.235791186016792942e-01
-7.349107040433920657e-03
1.541879439868280022e-01
1.552986547057545186e-01
-2.555413894964766452e-01
-1.149542450557071271e+00
-3.830529831437200494e-01
2.417950529700961526e-02
-2.671850331798629741e-01
-1.622656508718296753e-01
7.885438693577359603e-02
-7.244910590609366929e-01
-2.036297364316407843e-01
3.346072430605146475e-01
1.026474317499195488e+00
-6.091896295891983948e-02
2.361339973127666303e-01
-1.516759132454673198e+00
-3.300507752604614486e-01
8.721206229945613342e-02
1.002147245638033368e+00
-7.306933441689500430e-01
1.287164460765233276e-01
-7.853092153231469585e-02
-1.350961042189616768e-01
3.878466475293315119e-01
3.967207269055619268e-01
3.188198002539825993e-01
-3.482021562333599829e-01
1.082644647337681204e-01
-1.011617663937010692e+00
-7.630141230921340112e-01
-1.451741656291368532e+00
-1.510672658856646033e-02
4.054294012905673705e-01
-2.176627511609429688e-01
-2.029520647835097336e+00
-4.063433850076531573e-01
4.625080449140151484e-01
8.490437313664698227e-01
-1.920780866414583676e-01
1.128116976422855133e+00
7.697522279877028195e-01
-2.920214084787021158e-01
4.924031064400408164e-01
1.005724808282373539e+00
2.365747954647981488e-01
-8.172138400494773913e-01
4.900715423813232774e-01
-5.312040901218724187e-01
-1.831526193814513870e-01
2.758199432107000804e-01
1.251871690784903235e+00
-5.654669040529163720e-02
-7.007937531188122016e-01
2.893501429910114719e-01
-1.749381649983229592e-02
-1.096246000380048269e+00
-5.308519938790849657e-02
-1.205294526368744901e+00
-4.831050578930939365e-01
-7.629398728546947783e-01
-1.334946678857238389e-01
3.105502005090881590e-01
-1.704127995640673798e-02
-1.226410041156451802e+00
7.942218222573897979e-01
1.231490021847571503e+00
-1.995768280813464135e-01
3.373325512620030109e-01
-2.020176270877809266e-01
7.155244051699549690e-01
1.958997558437042263e-01
1.059038495690839410e+00
2.121709184396080305e-01
5.075634617475952709e-02
-2.518374337828125920e-01
-2.069568677851224003e-01
5.993009101480946121e-01
8.308624674493017004e-01
8.907753714536645884e-01
-5.973139640539778528e-01
1.301788631270159868e-01
-1.091772152353967407e+00
1.868203023014042008e-01
1.817852874177411371e-01
-4.667704646167532279e-02
-9.009460517896645815e-01
1.065095043610030517e-01
-1.086771729984752133e+00
-1.252525321864391139e-01
8.944823920685915919e-01
-8.216209017792113212e-01
2.322430276723894127e-01
-9.306472200518547400e-01
-5.930042138474408420e-01
1.878537793186569882e-01
1.782602091570604785e-01
1.144362734714935659e+00
1.962609854995615022e-01
6.320246095295626310e-01
4.897814593491630619e-01
-1.941568570725060033e-02
7.159071320191295884e-02
4.422418787780923455e-01
-1.093364623113395190e-01
3.826541991937968401e-01
-4.578197762659595021e-02
-7.436943969710355096e-02
3.936303781561050208e-01
-1.639299278000168614e-01
2.662838070144717406e-01
6.284555740500656906e-01
-3.952443237623419758e-01
-1.467828121995205237e-01
-5.478856732998637069e-01
4.632496383742818469e-01
5.250165254558497585e-01
-1.741429886363502766e-01
1.292510560643092832e-01
-1.093035148174128779e-01
-2.818736055969212062e-01
2.435972918190629222e-03
3.473106515707444220e-02
-1.126216389578897026e+00
1.343081070816158906e-01
-1.532067883395993313e-01
1.049572570238965996e+00
-1.895337976911434102e-02
-5.530507081489641208e-02
9.002907540454052615e-01
3.328255921902863873e-02
9.159768327917044983e-02
4.138598830069276091e-02
-9.115492614056880383e-01
-7.552594757233792311e-02
2.505251578198655071e-01
3.482814987053796107e-01
1.826214051462212995e-01
-1.008139170402776313e-01
-1.778003303391265666e-01
-1.215594069010356160e-01
1.165909937629561410e+00
6.208231812552070794e-01
4.012294172429490824e-01
5.815736330216411676e-02
5.926624041347896554e-01
5.162210207654609473e-01
3.898492102094439637e-01
7.412183765600618979e-02
-6.531586698057001428e-01
1.099642312595532634e-01
1.293239457906145140e-01
-1.419340593221503632e-01
-5.839585540908900363e-01
-2.221560272173477846e-01
7.482687979529278888e-01
1.769053576995872623e-01
5.690680400730586674e-01
-2.987540389737732283e-01
3.431005904893653646e-01
-6.373469024026409691e-02
5.118453672691835044e-01
3.454757288785095803e-02
-4.327237471273557845e-01
1.339988381705800313e-01
1.567064952821323187e-01
-2.142911653078115874e-01
-3.858124984272719438e-01
-5.131497525246218050e-01
-2.969638202833346091e-02
2.195201851512294799e-02
1.510216768739643944e+00
-7.930211313029258968e-02
-1.889754492824954890e-01
-2.517719798753802474e-01
-1.155297556130979730e+00
-7.311104853329500330e-02
-1.079741084589835864e-01
-6.590801653029922935e-01
-7.611939593224317235e-01
5.537895588439927241e-01
-5.364397413885150234e-01
4.450789792489741048e-01
-9.643700330030584578e-01
-2.232202331741568457e-01
6.909013237306466104e-02
-2.742138533399535172e-01
-3.068201182033064578e-01
-1.343407799509273914e+00
-9.462471396654661415e-01
1.069486033841809292e+00
3.410731478703135644e-01
-2.860138648060928102e-01
6.827619759270349142e-01
-1.288007343964246543e+00
3.171535487444352430e-01
-2.368843182601201580e-01
4.673357280901792032e-01
-8.185480366598454349e-01
2.490213404173381440e-01
-6.473376337894271026e-03
2.231190151221207618e-01
7.940002586137975271e-01
-3.111208571546841828e-03
-1.805904823302068030e-01
-4.291518389450654780e-01
1.172213081273402846e+00
7.899335270576618440e-01
-2.575336952851372541e-01
6.614653854964571700e-01
-3.073794725100137404e-01
-1.534302961550542410e-01
-3.185651995169871409e-01
-9.578410463249464879e-02
-3.278715821251615981e-01
4.682246338208262970e-01
5.019476358094045187e-02
3.891151771008882210e-01
1.240223987593093158e-01
2.285085118492324319e-01
-8.051406991312920480e-01
-6.658835643067452237e-01
-4.340515662345069692e-01
1.787005195550355752e-01
1.158982633386843597e+00
-1.466813250205149521e-01
6.072295349532712549e-01
-4.295555547977841782e-01
-1.502723871328192073e+00
7.869372519802640964e-01
-4.885993884399480458e-01
1.144964331766415766e+00
2.780036595929823440e-01
1.224038901702207000e-01
-1.630585613523878541e+00
2.055272535255222022e-01
-5.586540292616275494e-01
-8.670108083456695702e-04
-9.174941930000057866e-01
-9.205675337552399196e-01
-5.007024501261425620e-01
7.469155534712137445e-01
8.958333129996466360e-01
8.588830510096246984e-01
-3.228795292874437894e-01
1.274254619442442893e+00
-7.588491514802369053e-01
1.190959713303022749e+00
-4.126056593631196034e-01
-6.823855859456695594e-01
3.364863894676380918e-01
5.259993374322480264e-01
2.040339178133341591e-01
3.950970708462674397e-01
4.768437161267769508e-01
-2.428391584865699782e-01
6.813388928292043456e-01
-5.952030204778557820e-01
-3.285594727135181525e-01
8.572831377409839693e-01
5.070326417949323483e-01
8.026004400627226865e-01
7.963371058970095118e-02
-2.341050096732826824e-01
1.249620336226548167e-01
-6.226610356313604377e-01
-7.586648753422978175e-02
-1.098998957328270465e-01
8.690361207265157040e-02
2.848733781682283861e-01
1.595913408923493870e-01
-2.280286911199077282e-01
-3.691804181342603353e-01
-1.799878380761836538e-02
-4.880984416976875684e-01
2.960697014867581522e-01
5.718387171264615043e-01
3.674459237120003552e-01
-1.207686430673710343e-01
-2.561261053670725873e-01
1.257889324829337407e-01
4.004697212694623421e-01
-1.286719781400906260e-01
1.899339597140736746e-01
-6.182447498011640619e-01
-6.730617164410634956e-01
-7.766349906751995880e-01
-3.462393956866671729e-02
-9.859113788654159938e-02
-6.036846401067499368e-01
-5.917915907501810624e-01
2.233574850876665907e-01
7.696853598269033647e-02
3.944473442337317337e-01
-1.385639974220667647e-01
5.759154648594118076e-01
8.965060436694286539e-01
-1.642885607409111937e-01
3.469302367911359375e-01
-2.559887497595195183e-01
3.500754519618635152e-01
-1.120476358189036598e-01
5.908975042423709328e-02
9.307529723976648572e-01
1.211754920128004648e-01
4.313122080970137051e-01
5.462379746820157367e-01
2.527875333122052037e+00
1.801453574065617014e+00
8.949410675698848960e-01
1.636833110041392203e+00
-1.005278038220282166e+00
1.350361594745371763e-01
3.309479348683350697e-01
-1.063713184178867871e-01
-1.565037134771531946e+00
1.895426773203574333e+00
-3.931526078986774531e-01
6.421563358356688900e-01
7.898819309356581719e-01
2.616697614551939388e-01
-2.715275647845502016e-01
-5.635677830828027535e-01
-7.533455572047800808e-02
-9.520307933738419992e-01
-4.839118959382402441e-01
-9.253562420886558559e-01
4.470312186478271888e-01
2.041129952185709584e-01
-5.544780869730465689e-01
-5.104794775274980045e-01
2.250767027982424617e-01
1.304223536650850779e+00
-5.658090375960360685e-01
1.922621286116373285e-01
-4.526000027877343790e-01
-2.597376551213983475e-01
1.082881869768001826e+00
7.851567516533541902e-01
-4.453034748252562292e-01
-1.539568990992833397e+00
-1.686167954713360118e-01
5.128765880647575548e-01
-1.916296847928657399e-01
3.776686533588529682e-01
-1.091050821080432609e+00
-9.821898494892788989e-03
-7.727256274441219874e-01
-6.652903708994288845e-01
4.184462249076922880e-01
8.495252343590109501e-01
-1.197844482067539351e+00
-7.935494783538955543e-01
3.762630380974979483e-01
-2.229064791639318033e-02
1.385276450620366306e-01
7.888467897892680325e-01
5.345933038121086778e-01
2.881776592080598220e-02
-5.894398663246463999e-01
-1.038800944559160833e+00
-1.700494014492589523e+00
7.145752789115383807e-01
1.239770602099630331e-01
-2.620844061273209125e+00
-8.776268687156142390e-01
-3.897585031035086356e+00
3.836163824394703603e+00
9.127580160663361086e-01
-2.620920454250840193e-01
-8.211278823332156529e-01
3.296893134336337794e-01
4.930819434494318476e-01
1.030324964953557576e-01
1.056648970216489125e-01
-3.513294028577973460e-01
-4.717647441411454423e-02
-5.181489560958169038e-01
-1.857375672620998230e+00
2.298317540830198402e-01
2.821523948276175586e-01
-4.305767105721444721e-01
2.072791444863170129e-01
-2.870173341193189009e-01
4.177618364128199424e-02
4.334234871297951708e-01
-3.142081487408138196e-01
2.922551804501214989e-01
-2.341939020367890811e-01
-7.915251065849274181e-02
-1.592538773173389988e+00
2.814231953657990171e-01
-1.060081451651682938e-02
-3.832617273106620481e-01
-1.059809985929757392e+00
-7.274600442995894367e-01
-1.311249039724998733e+00
-8.849232394982617933e-01
-3.318964813793281010e+00
4.413291647032169807e-01
-1.149548331355404907e+00
2.539159163273815523e+00
-8.452462667663613871e-01
4.196873163354659653e-01
-1.680424936104221612e+00
-4.929448973033064285e-01
-3.387984130893774704e-01
1.588383063798745498e+00
2.412897994838160809e+00
-1.584980433271755640e+00
-4.979336254517194305e-01
1.963041860789481174e-01
1.327646154199402240e-02
1.593867348018030761e+00
-2.109879008153559554e-01
-9.976806529569251514e-02
-6.625858273811737753e-01
3.090517321514847371e-01
-1.203535710464438635e+00
-5.159001010901913542e-01
1.196765970101552334e-01
-2.023009774937411631e+00
6.611036622825450237e-01
2.160550429928953076e+00
1.162077776349447866e+00
-8.830617017589982576e-02
2.165522714489763523e+00
-4.072011649888464535e-01
4.345144297980790826e-01
3.879559977231968881e-01
-2.288455755907108369e-01
1.015253166935402795e+00
5.451260109572003687e-01
4.991338206442264697e-02
-2.719756650919124552e-01
-2.477677614939104156e-01
9.953993529421920616e-01
-1.061594923012831870e-02
2.251422494588649625e-01
-4.452225944194238560e-01
-5.259117309668845941e-01
-4.525823971034150239e-01
-1.946318350473416614e-01
1.253333938881334486e+00
-1.150240053905481064e-03
-6.586784079844568707e-01
-5.383970274980620641e-01
-7.995153035615674142e-01
-1.107448537530470456e-01
1.584929201863952919e+00
-1.458427918453326644e+00
-1.288537079727089862e+00
4.764350227222674539e-01
-4.710321664419672705e-02
9.760043320212449247e-01
4.925911942817421396e-01
-2.515210379387178841e-01
-4.321189919930636947e-01
-1.213741729797059854e+00
-9.346650627398575550e-02
1.086880672038735174e+00
2.131822291903879840e-01
-2.161448065288953391e-01
-7.250458890216221475e-01
1.834510100341589511e-02
-7.602194937887108983e-01
-2.519975886410757981e-01
-2.528170199349069613e-01
-8.368757185601164439e-01
-7.579907948457931255e-01
-8.300911001080608920e-02
1.289638798719194623e+00
4.998452735013484416e-01
-3.120013928604228326e-01
2.098587636927759514e-02
1.921501569443407331e-01
7.337619232600646191e-01
-2.966241212371914515e-01
1.934139817413058349e-01
-4.790596674556881762e-01
-1.702533813727142853e+00
-4.196087605693629707e-01
-4.921779186367379877e-01
-1.967165518123092705e+00
2.919108420362944156e-01
-1.890679830258567451e+00
-5.338561551198692801e-01
5.888706000588406209e-01
-1.579531112987214159e-01
-1.012579935130050623e+00
3.593796067894202695e-01
-2.460000396504952835e+00
-1.106329932960857354e+00
1.698242752001767553e+00
-5.556662666241616311e-01
4.854702645812477013e-01
3.473060473421708538e-01
1.906266760668952287e+00
-2.800504131143890518e-01
-1.443242625747732655e-01
-1.425625761046598106e+00
6.027035727857291691e-01
2.107856807539783828e-01
-2.262865394135775698e+00
-1.180426888948200359e+00
2.882772144591444707e+00
-5.180226381819065251e-01
1.579516433998213953e+00
-4.997742269058053077e-02
8.350580796246613868e-01
-3.605058002646676640e-01
-4.315402892348154107e-01
-1.215203023699576335e+00
1.466630402471242878e+00
-9.154442664221003056e-01
1.112248207158557989e+00
1.729084662982174336e+00
