-2.931985321260746957e+00
6.739987063133463518e-01
1.991399705103222562e-01
3.075378446448707725e-01
5.704967288986994012e-01
1.653661403724622225e-01
-3.441169998133806196e-01
-7.229987845933801838e-01
1.549238423256534158e+00
-2.864200765762581202e-01
1.563458815376116195e+00
-2.926912396354216517e-01
1.071528179604762099e-01
-7.535865628885809464e-01
9.795269214333357510e-02
-1.669898997977502242e-01
7.372629829993242456e-01
6.705033344411504004e-02
-1.258889787894406531e+00
-1.202904898811829326e-01
-9.983248896917238380e-01
-4.757679862708107110e-02
4.940399571761320274e-01
4.697692674149941405e-01
1.259449059546108529e+00
2.070366339934574196e+00
5.851058034811097708e-02
1.272064448958787342e-01
-3.554552120309384389e-01
-4.276550456364809905e-01
1.272008420371935067e-01
6.833324498894000065e-01
1.514904770989517591e+00
-6.549280921157717150e-02
-1.214681211240056236e-01
-1.598427103879955791e-01
-6.291159694303181116e-01
-1.934823242446171987e-01
-5.558703475071604672e-01
-1.549124356930766222e+00
-7.360440490686233073e-01
4.351221321817072551e-02
-4.951317084806625690e-01
-1.268801019702158639e+00
4.012182889130038177e-01
-2.527251279097823544e-01
-2.029174480126569313e-01
-1.982720121549156778e+00
9.439935320816190689e-01
-1.209307706257154447e+00
1.003521865083648379e+00
3.085781410987936679e-02
3.582956341733269934e-01
-3.411286356098766070e-01
1.098557950919041515e+00
-2.493396109486212542e-01
9.322746113517991207e-01
-5.764074692682907841e-02
5.745907946267000271e-03
4.228709184569371948e-01
3.005529247744726656e-02
-3.784450431642889523e-01
3.218870566520635190e-01
8.814776796987799923e-01
3.393986613590493362e-01
2.277893270107349266e-03
6.255066335828374235e-02
9.820424385571114856e-01
-3.381893755039551697e-01
-4.750877407861180401e-01
1.475665245750509280e-01
6.202647556409296437e-01
8.820154300832350192e-02
1.055355667632620204e-02
2.899788644110128932e-01
-1.618434295588369931e+00
-2.335010642530633174e+00
-2.779247070822081778e-01
-1.204291577821630987e+00
1.209997881466628789e+00
1.086534432412999129e-01
1.975003083954758043e-01
5.232602764460774214e-01
5.700106987817988857e-01
8.483512797293432661e-02
3.273604494495906819e-02
1.350477449873251634e-01
-1.233927874127342728e+00
4.174800929470833810e-01
4.850829457282655466e-01
8.264290134906029928e-02
1.558774803991196833e+00
2.867769273446918454e-01
-1.836419999663761460e-01
-4.143536871895178164e-01
-1.089240727012499965e+00
4.870140122908578340e-02
7.664778246867007816e-01
3.169812340375832704e-03
-1.960549833558824506e-01
4.341055844419591803e-01
-4.931178445154569268e-01
-2.723319954704322421e-01
-2.171631866105517839e-01
5.903739406086481178e-01
-2.591053655036831133e-02
1.770325445756347482e-01
-3.913040420506257167e-02
4.045718157393762282e-01
-3.526674145173274155e-01
-3.713192553359250248e-01
-1.266580958354328379e+00
4.961976778888339545e-01
-1.046415127722997856e-01
4.122458271118769613e-01
3.022275124640205757e-01
4.256989507002255091e-01
-4.677256768844621077e-04
-3.753798473782815615e-01
5.021372310011028572e-01
-5.246776042704941467e-01
5.147203140599635462e-01
-4.171779694785643922e-01
-3.076612121766070934e-02
1.854160656748188862e-01
-2.504211405311490557e-02
-6.571758961202130156e-02
4.249635032515389765e-01
-2.599831243043428941e-01
-7.183787962124490445e-01
8.239897343628049819e-02
8.691393730409907592e-02
1.104977049419232915e-01
2.684918179937218485e-01
4.374571810801619609e-02
3.133502342378664540e-01
-6.197840565346265235e-02
3.228617705458951270e-02
2.309868725807914247e-01
-2.188119562729637091e-01
-4.304060296144081033e-01
1.209244295831893301e-01
2.039867975465857186e-01
-3.869306945849849688e-01
8.462623866966674513e-03
-3.242105997778040205e+00
-6.398810109306010130e-01
-1.186557677335829397e-01
3.026564367842538572e-01
6.904259809889909949e-01
-3.514631497728020193e+00
-2.388968107096144156e+00
4.780718967592549329e-01
8.260005728162277128e-02
-4.197220410920252665e-01
-1.858892025528987135e+00
-4.996513544435457477e-01
-2.367695558506839604e-01
1.034381128096388380e+00
2.655246882685724952e+00
5.382690239951256617e-01
-9.510814942862787502e-01
-5.304425273105453087e-01
-3.309235839558454240e-01
-9.991432046778478959e-01
-5.339226798990540646e-01
-1.119575115198921278e+00
-3.436039818399649337e-01
1.471994747361334621e+00
-1.064399316492612213e+00
7.453378982322027557e-01
7.817547693729313130e-01
-1.726300284310202660e+00
-9.150416376766173920e-01
-3.496399115400681268e-01
1.739005102192690555e-01
2.155408316244577627e+00
1.004887306120292534e+00
4.129870263084357562e-01
2.068410615825281074e+00
-9.401550030038899886e-01
6.181452436077472523e-02
9.899931141002402679e-01
-2.875367662617950293e-01
-1.154930671916433393e+00
-9.242553085955683700e-01
-1.245440825859909451e+00
1.401757936715004593e+00
5.820260509964223505e-01
-2.900170680806209988e-01
3.549569241879277359e-02
-3.144821665083187834e-01
4.037081571699215887e-01
-8.246747223132910865e-01
6.499593799002780781e-01
-4.118497135386890717e-02
1.347234840337040218e+00
-1.301577820917217965e-01
-2.085302345262591561e-01
4.814279890541310891e-01
-2.745710120489395223e+00
-5.588373917478131614e-02
1.797338172799517464e-02
-7.920619282441890840e-01
1.253994757836016882e+00
-2.361702015062643323e-01
2.572005753575359321e-01
2.432133019958245823e-01
-1.154474292605395594e-02
2.654116398939867505e-01
-1.073578950955655031e+00
4.879028917151086858e-02
2.430151886959644736e-01
4.511276352859913685e-02
3.044599150770171958e-01
7.898409975886681866e-02
3.192294903978600273e-01
-5.607857295278994431e-02
-1.134615149742108864e+00
2.773010598741915134e-02
1.305306413730567550e-01
-4.355279225205233029e-02
3.907718860922742010e-01
-3.100945094943044489e-02
1.781432377513407495e-01
-9.361208650787589125e-02
-3.510537210684984422e-02
-2.681771588066574896e-01
-9.416659027508826607e-02
1.644576313447843496e+00
7.745619402999744940e-01
-5.811886755457380538e-01
6.787334220675098617e-01
-1.070506335021985667e+00
-3.228212189563907653e-01
-1.020618680905210629e-01
-5.359160651356144334e-02
3.885921716605648668e-01
-2.324085623700336556e-02
1.625523316995059586e+00
7.298929540202240274e-01
-3.950297606652537485e-01
-2.639421903082802556e-01
-9.126023517176579114e-02
6.632204530294760758e-01
-1.705773501749934029e+00
-3.466044174707983427e-01
-1.089956597772121644e-02
-3.228575153464072756e-01
4.237393537557680445e-01
3.554240106933455046e-01
6.542132952219489317e-01
-8.330899359944093918e-02
-1.319056300578621999e+00
1.106680827123080135e+00
7.929990123801756996e-02
-5.285728343487641201e-01
4.581255384153210680e-02
2.795705534061048159e-01
2.044412191140317775e-03
3.582793377144282698e-01
1.903085592502503087e-01
-5.959919060057798923e-01
6.025460570620410072e-01
-5.135981246686083246e-01
8.166353934666304992e-01
-6.307056685350259650e-01
8.018865775272647767e-01
-7.377796807583243410e-01
6.731195965529304104e-01
-8.528835217307924044e-01
-1.001594590795226447e-01
6.603948525016843651e-02
3.105479306416417673e-01
-9.477014314129654782e-01
2.438035439084616784e-01
9.389190406184760862e-01
-4.371043757362954030e-01
5.104267753832122390e-01
-1.501430773583052602e-02
5.255550962371713375e-01
-3.251643926533500650e-01
2.978801453163384849e+00
2.088898395697143417e+00
-1.850151585879317384e+00
3.895342622285889456e-01
-5.896764906729590194e-02
-3.776328260239222856e-01
4.985333129616337788e-01
-1.637755951231412432e-01
4.412265459987754213e-01
-1.278652080268251057e+00
-3.858915753186699660e-01
-1.342879664264955142e-01
2.427410602995992983e-01
-4.650025234935452056e-01
5.536599638222180486e-01
2.040101613147536352e-01
3.155786235559199238e-01
-2.456166099691884930e-01
3.138910740350319140e-01
-3.198412366586206312e-01
3.839680723874562274e-01
1.073417662856312349e+00
-9.832569221802740511e-01
4.677054609657526063e-01
-1.434889674203201793e+00
-3.836086311164332852e-03
-4.094015170854480717e-02
-3.547854122024853285e-01
6.629350724424832864e-01
5.336085358077444774e-01
4.376686680681252106e-01
1.129828239558528402e+00
-4.640916965498251973e-02
-2.754546509737629267e-02
-2.372443648137536887e-01
4.165420441370283888e-01
5.776989523860856512e-02
7.919543239957952396e-01
9.381209289500176407e-01
2.005661852922711930e+00
3.800598343789392541e-01
1.944563980200444187e+00
-7.196796836633270189e-01
8.301206663891096404e-01
-2.156409550345260051e+00
-2.751696218537866390e+00
5.048357722698539884e-01
1.512536860818611384e+00
2.727208626748947040e-01
5.050386049297008739e-01
-6.396414596585970891e-01
-2.358341946271688694e-01
2.771489518038869337e-01
-6.005148407249384368e-01
-7.776904141633643464e-02
1.975061591982432363e+00
-2.932519269716065136e-01
-5.446716616583105464e-02
-5.415700118675091934e-01
6.006946100924726029e-03
4.789015616737427594e-01
-5.670109391149021905e-01
2.739045109820754664e-01
-3.122669403349783934e+00
5.606504717191236331e-01
2.071317728440023043e-01
1.756804511178050587e-01
2.442497235536846278e-01
8.239471279077622556e-01
5.765146043238991019e-03
5.730889997080367282e-01
3.697240291130176049e-01
5.846794477537834434e-01
1.036651516951013319e+00
6.239943424002112327e-01
6.080134752964831968e-01
-3.936854094678713389e-01
-3.411619764413370559e-04
6.822705466288516707e-01
7.164909353487612931e-01
1.556690037218201095e+00
9.435140769161576291e-01
-7.718331873674338928e-01
6.658874328455244296e-01
1.683429542724117045e+00
-5.512730256412270435e+00
2.427420017784608586e+00
2.033253893648131749e-01
-2.018040194263401421e+00
-1.554153270812698828e+00
3.701986495992778958e-01
1.669382125154291074e+00
1.127054552956366695e+00
-7.531237115056832465e-01
6.425201155803070829e-01
-1.347917689291771581e-01
6.716360457671401996e-01
2.115653516364651432e-01
-7.630825171087626257e-01
-1.065905899814115099e+00
1.093841007654037023e+00
-2.053290474809969623e+00
-1.153874686434849250e-01
1.165542323559562554e+00
-2.828342455279099443e+00
4.301498547675646766e-01
1.084023316499727940e+00
1.517760980504715140e-01
7.822343119939508815e-01
-4.695103443872283844e-01
-1.049411150954366656e+00
-6.573210276611698433e-01
-1.248110764811205975e+00
5.113683649749722893e-01
4.951034507541178797e-01
-3.811375242846013478e-01
1.009281163759330052e-01
4.305532866309728091e-01
2.831319424463567547e-01
1.091801201929813114e+00
1.339023975883815609e+00
-9.136453275599255852e-02
3.890686490339203552e-01
5.180499372053194440e-01
1.109736221331037997e+00
-1.015422610767485745e-01
5.418894442321777749e-01
-8.584394548431073524e-01
1.642437604199777357e-01
-1.255268296218937429e+00
-2.454064279663964454e-01
2.005047452944839215e-01
-1.480185343717111079e+00
-1.769838475513479725e+00
4.729125648958474315e-01
-4.474520150017943787e-02
-6.270480796479986907e-01
1.026761696047828076e+00
7.608675490515607320e-01
3.022427154240535097e-01
-1.349762844209640544e+00
-6.174258712169271301e-02
3.938949160881842215e-01
-4.779875327594388379e-01
-1.323508601069797730e-01
9.679796835448899461e-01
6.539147023737390541e-02
-1.067932989591874104e+00
-3.970715841584969708e-01
2.790032935947149295e-01
-2.911092693710070622e-01
5.836540637303564427e-01
1.750062012930449606e+00
8.719094425150988314e-01
-3.987208862056718095e-02
-3.763427057221842564e-01
-7.849923766351116772e-01
3.023528416932324547e-01
-5.405388861321619443e-01
-2.370599079007833787e-01
-1.771953155751013198e-01
3.325499856993966441e-01
4.857849104111106597e-01
-2.276068543125778221e-01
1.586911089726176505e-01
3.137117341408695026e-01
-8.002351794270547991e-01
-5.646727170557738762e-02
-4.949929962687426438e-02
2.201042813777991658e-01
-3.355480086630800440e-01
-3.094117868447752717e-01
2.472031916404210661e-01
-5.334448418787804957e-01
-3.716751410390031207e+00
4.505000698765078693e-01
4.885333183558268622e-02
3.205578948134684691e-01
2.501631582618671357e-01
-3.954065829563346846e-02
2.570189677806450357e-01
1.855128854039504727e-01
-9.458324330751852749e-01
-2.076648573209844140e-01
4.954335722557033916e-01
-1.642289817760290482e+00
-8.204725100051045716e-01
-8.663699197289925769e-02
-2.682844119099625502e-02
8.153335129083426613e-01
4.638005733068017999e-02
1.607171154391564105e+00
3.197450537186835584e-01
5.032054339302958201e-01
-6.763904294313167753e-01
-5.634216843781858497e-01
-3.488386422101666384e-02
-2.705533485589449727e-01
3.897165135883118303e-03
1.034213038532602713e+00
5.140010439588260649e-01
2.845190784329518774e-01
-9.174684465520557830e-02
-5.078088229114923191e-01
-3.700470458868654888e-01
-4.923885296518743515e-01
1.775183284417117952e-02
4.494312439078885779e-01
-5.395535510268054669e-01
3.558033584719409448e-01
-8.571893804450100296e-01
-9.577838953542056055e-01
1.833969855136486915e+00
4.988489462320135071e-02
3.688966178129092222e-01
5.608554063429557757e-02
7.977316303157355737e-01
-5.547515408817461635e-01
-3.319432000239731506e-01
-1.415850343820344165e-02
-1.375083849612268039e-01
2.323435133686971854e-01
3.296382525084991522e-01
2.739150359421603231e-01
-2.723653211346353520e-01
-3.168962049393129199e-01
2.402838064202733603e-02
-1.030074376183248930e+00
1.013772707350818481e+00
1.615789439891142099e-01
4.939004356876224300e-01
5.096642017837970107e-01
1.415078417860859084e+00
-1.380709686952918958e-01
-8.904999665586107449e-01
7.093496481852320512e-01
-2.331269048851890013e-01
-3.081001953142370464e-02
9.053514075824145579e-02
1.563296124416131194e+00
2.520714448235384375e-01
-4.371190539605818159e-01
3.314498364440492395e-01
-2.503196331984782752e-01
-7.603984843835290830e-01
-4.795936390641062363e-01
3.550932400684891910e-02
-2.282233927419509145e-01
-1.027784442328913084e+00
6.851574044706212341e-01
-5.014319383721755896e-01
7.685985451066901231e-01
1.011172583944788483e+00
2.302978398320502385e-01
8.597760689679937451e-01
4.016468010657647802e-01
-6.693870891208630880e-01
-3.223034526970173230e-01
1.446107628143501467e-01
-5.393839504444198907e-01
-3.431183732797672414e-01
1.439305312470431586e+00
1.923778234640682316e-01
3.584392846290205409e-02
3.992818066376273567e-01
1.115641213012293353e-01
-8.443189203811962695e-01
6.794788205698748529e-01
1.187806749314007648e-01
-4.941628662684870443e-01
4.077053346154639879e-01
-1.235698272185479674e+00
-4.188898307102021379e-01
-3.116569725215243558e-01
1.115105014360874947e+00
-1.339479378192938386e+00
1.838051020895477283e-01
1.539367363006455269e-01
-2.200136465885566828e-01
6.646233459354782269e-01
-6.595650483343835635e-01
-4.588786673736599542e-01
-1.737160808925846789e+00
-1.259280809757473696e-01
-2.450359124833837998e-01
3.147658846010301104e-01
1.031068306633505793e-01
1.387722262818436247e+00
-2.182546949000856995e-01
-1.266115826968554348e-01
1.024995065670535332e+00
-3.335606316573175301e-02
-6.268438881993290135e-01
-1.889364431295982305e+00
-1.200421838735131530e+00
5.066619682438098238e-01
-1.839333403448689952e-01
-1.046716431095176958e+01
-1.964639734714266783e+00
-7.498927184988912753e-01
2.141264373550343159e+00
-4.237448245157998450e+00
3.889770276453261566e-01
3.126717307764492748e-02
1.542032296896054921e+00
3.525087983696519878e-01
-3.671885567015542584e-01
-2.003993826645467102e-01
8.493654686175456936e-01
9.724025988670124132e-01
5.784604094521081930e-01
5.370906843770200112e-01
6.374666946050128180e-01
-4.173512453541341483e-01
1.393838507701468110e-01
3.668816679425821459e-01
3.993524547825249571e-01
-1.279670892806440419e-01
3.213701675903775090e-01
-8.423962213620120876e-01
3.839098669662450170e-01
-2.094831421400952798e-01
1.011914551002142115e+00
1.503076861622011373e-01
1.798603782596124301e-01
-7.745021701983546836e-02
-1.675849298286004485e+00
1.246334256642148142e-01
7.046819894459168676e-01
-9.082803476952803212e-01
2.817732281312197995e-01
-2.424284335864639317e-01
8.421231185248803097e-01
8.163795426824985157e-02
6.423870025169262643e-01
-2.122284427512470539e-01
-1.083253555196728168e+00
-7.329788319862448609e-02
6.402173345054943399e-01
1.445926949859549504e+00
2.289337077377136265e-01
2.543689193266431836e-01
2.308738129494281588e-01
-1.452277291084755340e-02
-3.384800550930143759e-01
2.886683184834399007e+00
-3.396843919055669292e-01
-2.621213253707284085e-01
-3.627346347007733840e-01
1.730309527247879897e+00
-2.359706925399025934e+00
-5.585181555404106213e-02
1.116900148358993983e+00
9.696006685001531400e-01
4.043463110153450724e-01
-1.029833826560520027e+00
-3.173928825287675615e+00
-1.475380922843490539e-01
6.177589175741510230e-02
1.036508603427212849e+00
1.727090147466333825e+00
-6.229775670785713260e-01
2.497218731179842999e-01
6.733321088356682971e-01
-3.364737436085237232e-01
-7.728720078466547183e-02
4.793439452860429051e-02
-1.531713944105403957e+00
1.310628594487193710e-01
3.325641706742346049e-01
-4.389119940496119532e-01
-7.902943648140380029e-02
2.654550115656104659e-01
4.772423314699379415e-01
6.205120767116201197e-01
1.337021134463819982e-01
1.975746470145983702e-02
1.675640417464916154e-01
3.238348823174171387e-01
-6.363070576520593047e-01
4.194775924662647593e-01
5.777351696870905995e-01
-2.797174572599939735e-01
1.077262216390403732e-01
7.404715492109470443e-03
-1.368938972703622470e-01
6.369574031318510354e-02
1.367136382526241700e-01
-1.434299431037061368e+00
3.820015844832643226e-01
-3.481565102334532869e-01
-5.502772453875302838e-02
4.347828560138769505e-01
2.217799899178113099e-01
-2.596388372591572069e-01
-1.692290926119687233e-01
-9.077984223628002280e-03
-1.002968678021833454e-01
1.361249849721272165e-01
8.880327458334451585e-01
-1.796990426745112557e-02
-7.268105443577584923e-01
-2.544639994256028132e-02
-4.646899018624808808e-01
-6.566764740804090783e-01
5.267721556507057867e-01
3.440529377537169253e-01
1.338154305507378850e-01
3.540330501325910650e-01
-4.414873127305664058e-01
2.654996330313366681e-03
2.030297720541282547e-02
-2.848861318548052690e-01
6.610009601146231706e-01
1.481405109999036629e-01
5.755694729828098044e-01
-5.883674574974256943e-01
6.059756794713731798e-02
-9.945171400901298142e-02
-1.099654199279043593e-01
9.242339789823572627e-02
4.963494561017003925e-02
-4.842240338584617720e-02
-2.945883018065852954e-01
6.804938292250634069e-02
8.732917352780143749e-02
2.395991655753505409e-02
-3.838659031865342131e-02
5.900075543357202745e-01
3.310756313588709976e-02
5.193451885029146675e-01
8.886804379325341507e-02
1.765994360875053348e-01
3.580142078176797305e-01
1.943941607245042835e+00
8.486222837099383076e-02
5.398796953459928938e-01
-3.370731802904529117e-01
3.404659278700322700e-02
1.022269317493937102e+01
9.190701664230741530e-01
1.435683527800552528e-01
1.240863079496233451e-01
-9.088622472093332849e-01
-8.108780205413024245e-01
-2.133717970432664202e-01
1.005994683206274942e+00
2.466773573497135497e-01
-8.399875895551078830e-02
3.330314396945180389e-01
-1.225532643187643433e-01
1.099486012655553679e+00
6.369315769327316135e-01
-1.697631173564299600e-01
8.138830209092909884e-01
-5.405100585107547317e-01
-1.345877409834763117e-01
9.661233023549559151e-01
-6.817622672789722671e-01
-1.218827956389139100e+00
1.185375279044857066e+00
-5.570856896228776334e-02
8.486598964037574966e-01
1.223464174551713857e-01
-2.648467346322749272e-01
2.157543161223092754e-01
-5.328628851236322239e-01
1.778704717880631003e+00
1.094637147876531325e+00
9.065585029677825091e-02
-6.003287786108154611e-01
1.316062075911782259e+00
4.137558557673884363e-01
-2.654846943344683630e-01
2.580852367455471197e-01
-8.812019482902581080e-01
8.343706617143655802e-01
-4.612116309217952903e-01
6.961657645870540367e-01
7.191912434795270093e-01
-3.901753889265635045e-01
-1.348782832542754884e+00
2.297302415764119754e-01
-1.136331313351161221e+00
-2.865210517385847755e+00
5.933732180340074713e-02
-4.617043244805646429e-01
-2.291296827260580038e+00
9.658706240922185771e-01
-5.600961752338692312e-01
-3.188540341921883847e+00
1.450877391397578098e+00
-3.482146595286356838e+00
1.350952392280658110e+00
-3.559196814620395166e+00
2.165703467872873489e+00
3.148600876222685807e-01
-1.493704769044353675e+00
-6.187266815377064910e-01
-2.653889262825499529e+00
-2.390322387867476195e-01
5.943673952603140132e-01
-9.649679948188288892e-02
4.635197287784131870e-01
4.889808528085048955e-02
5.305587114512528846e-01
-8.387110445571813733e-01
-1.624002561995760763e+00
-5.277336734369003635e-03
-3.997659060857319258e-01
-6.051054945628354664e-01
1.475746342100878739e+00
9.849340695397422463e-02
4.966558357546843050e-01
-4.795426588597992978e-01
7.820160745336486308e-01
7.976938216849359664e-01
-1.042045234814581889e+00
-8.046358468765650862e-01
-7.254139062479949551e-01
-1.613769391214182836e+00
1.091366873200503296e-01
6.510883939389525144e-02
-2.224361120453504981e+00
6.916980637128351539e-01
1.109232225610947420e-01
1.122120466646049142e+00
-1.842802404246868475e+00
-4.867098422423468129e-01
8.390544519794034262e-01
1.051824600513288743e+00
1.288514560129193853e+00
-8.771988918482049868e-01
-4.478557944709030680e-01
-3.335458432561382858e-01
6.002961990757473831e-01
8.645085225437081355e-01
-8.819907071283741296e-01
3.983732844778836713e-01
3.941685130196491693e-01
-1.547662278023120841e+00
4.290162561248181960e-01
-2.596570476071209665e-02
2.212946201093912990e-01
-5.889154164166695571e-01
-1.928916946531649690e-01
2.851251964048087673e-02
-7.985593013080261038e-01
1.329349476874146230e-01
8.955141287285406371e-02
1.585861524842210046e-01
-5.925358115296964767e-01
-7.765739030823296529e-01
1.469972318145911894e+00
4.683685306981338892e-01
2.005788763305915989e-01
1.189638274371078719e+00
3.447275266270460881e-01
1.840865059805460557e+00
9.877440102759493801e-02
8.724390790934895001e-01
-2.131579714670781278e-01
2.586796484776248684e-01
4.791788692755910573e-02
-3.870543373138269350e-01
-1.633079725614687616e+00
-7.135052484632283809e-01
6.214406791670508134e-01
5.370354796527672114e-01
1.184613166656388383e+00
7.114588955990458485e-01
-1.149622494010657109e-01
2.779308415846232228e-01
-3.596221217439581341e-01
-3.032452893349202316e-02
-1.201655490918495328e+00
1.517085939856677168e+00
-6.595403261066704603e-01
1.229279609782327476e-01
-1.041747371984625969e-01
-8.741734140573138578e-01
-1.897151745613451235e-01
7.814081669468454505e-01
1.024950040741365420e+00
1.851882516862821126e-01
-1.795779879884362162e-01
2.458784448453169014e-01
-8.297194132751880558e-01
-2.744210418594117407e-02
-9.555229610052853317e-01
9.494609532388152973e-01
1.724044840815681240e-02
1.759279109439544908e-01
-3.771329623673838616e-02
-8.812277629680393964e-01
5.048593934461321764e-01
3.509576883233163080e-01
4.104223525668725392e-01
1.404561988543819723e-02
2.290090359690596933e-01
4.474527248780261757e-01
-2.989854081084855508e+00
-5.069965959121836008e-01
7.418455576069092616e-02
-6.470716711231935259e-01
5.106026490331313505e-01
7.481597540193504203e-01
-1.307841110999287126e-01
8.825445917366258053e-01
5.828688317240360295e-01
-6.419950331809692878e-01
4.735167881419258956e-02
3.270266842818331243e-01
-3.031008815559856906e-01
-2.333830144213733249e+00
-1.367038227012912222e+00
1.238275066316823825e+00
7.949526050543306299e-01
-3.916909504411041354e-01
2.101041399993009429e-01
2.579590551864933690e-01
-7.242034078308290379e-01
-7.220072335231388916e-01
1.435245660759594255e+00
2.342204183959251118e+00
2.419599343879811626e-01
6.281787641304268366e-01
-3.716210921377638421e-02
9.904198955424400319e-01
1.343397146294219802e+00
-5.799531000991320351e-01
9.968812589859271656e-02
1.970055687291224766e-01
-1.578247859386036622e-01
4.335960682077895090e-01
-8.233562460996856069e-01
7.289452054559318883e-01
-1.491170455421985674e-01
1.467225465259162309e+00
-5.526128607111296942e-01
-4.800666234432755808e-02
1.308475706052346366e-01
5.833153442799413613e-01
5.069527538857325766e-01
-1.281300695688797120e+00
-7.542979314544842051e-01
-8.626223964194185134e-02
-3.341928544292722680e-01
8.105996938424291365e-01
2.062235125227563359e-01
-1.255195291500504906e+00
8.581284531005299865e-01
2.221224164313781724e-01
-3.612253287785036626e-01
-2.422371217316147129e-01
8.746924004491887783e-02
7.104650809616672724e-01
-5.585173081206776247e-02
-4.845837079558112381e-01
-1.476545047249324671e-01
2.818879230147619541e-03
4.891087153332368542e-01
1.140619610813363938e+00
8.747934555782997945e-01
-1.251693274180574189e+00
2.447461266183914574e-02
-4.886732956074456569e-01
-1.945542289893490151e-01
-4.022283014175592059e-02
9.048302720177814340e-02
-1.430451265838984964e+00
-3.302809743219462663e-02
