3.242066381723187618e-01
-4.242998546305750684e-01
7.600309171255367757e-02
-1.720512960080850418e+00
-1.572718808179463523e-01
-8.583045869635779201e-01
5.899442520749886842e-01
-9.250853350004367703e-02
1.719700061147584336e-01
-6.658205102587859692e-01
1.755392593164227799e-01
4.983787089206246912e-01
-1.634828266944478581e-01
1.070385664514899027e+00
-3.325932112730389800e-01
-2.981705520596046322e-01
-3.813414678369809185e-01
1.001039126061418205e-01
1.125084349480037216e-01
7.031103684799300257e-01
-1.847782653642113249e-01
-7.470204864353348073e-01
3.032301799017461108e-01
-1.014213028531193217e+00
7.592868780705765985e-01
-5.197825596593753233e-02
3.162662271144487391e-01
1.372637528201982482e+00
1.787860636551207083e+00
1.233753510738412329e+00
7.055831091073958561e-01
-2.329310638962255098e+00
5.277314156597028294e-01
-4.207762297350747804e-01
-3.042287522598996485e-03
1.473356774432997174e+00
-1.083716596984736213e-01
-6.667623674851312909e-01
8.930794481792165840e-01
-8.723406373091845412e-01
-6.869298442720020992e-01
1.393259557008352106e-02
-1.737638640905411425e+00
2.652695804252214185e-02
-1.814763495532112081e-01
-4.110066734158716595e-01
-2.836240985937475978e-01
4.283107077519368033e-01
-8.286798442744608417e-02
-3.564906830408243188e-01
-1.506914722436234255e+00
6.866164510166348212e-01
-8.106233053911414688e-01
5.553789998598168687e-01
-1.169218465615338431e-01
-8.444227767537176854e-01
4.304869937954071690e-01
-4.053782026163240682e-01
-7.455698460446059661e-01
1.655761220960890734e+00
-5.861180010024814591e-01
2.765086419138600426e-01
-1.636521484745473431e-01
-1.901316402539870998e-01
-2.704204376696292544e-01
3.185575380665416345e-01
1.906983053021321928e-01
9.471959685467522261e-02
3.560621719437492838e-01
-1.418650607375034345e-01
5.719259529718800916e-01
5.175630002157338705e-01
2.015234304858767977e+00
4.604527716228030698e+00
2.875898582029699835e+00
-4.215945379380645619e+00
1.231540625066682715e-01
-4.326145678875488176e-01
-4.585144256079431435e-01
9.520389276906422449e-01
5.152439105202490932e-01
1.529416742449202449e+00
1.769993647837676126e-02
1.417579474136874573e+00
-1.380345153162463534e+00
4.784437773390535220e-01
3.656787595679745762e-01
-1.200410541099593331e+00
6.356983563344946742e-01
-3.134422098998332906e-01
-8.349850432128484989e-01
-1.178245428709675524e+00
-1.997576004000672034e+00
3.114435617272676149e-01
-1.280778535271980267e-01
2.256755986209796061e-01
-7.325328362807426164e-02
-4.660243581637092958e-01
-5.105419307629154302e-01
1.701243271394431988e-01
2.506193464432974194e-01
4.050048908027479300e-01
2.577296068454113520e-01
1.543884883933676622e-01
1.742066684561777712e-01
-9.652161272917421375e-02
-5.558193969130719170e-01
4.512464165903756763e-03
1.306963229411927108e-01
2.030660434225489697e-02
7.723840255981118119e-02
-2.886015955632585950e-01
8.849706372178436919e-02
1.531144674987526821e-01
-2.705352044963245994e+00
1.036142468273017148e+00
-5.345288995961030576e-01
1.727797936319461214e-02
4.722877210287459437e-01
-1.272738287899747855e-01
-1.936069861107557299e+00
-4.191496039672399920e-01
2.887481385276349788e-01
3.008689673212083804e-02
3.996685286030335904e-01
-5.074747597585648196e-01
-7.631333198952225949e-01
-5.086134741335979204e-01
-1.317573706929673794e+00
7.186892239856812470e-01
1.222547970717101862e+00
1.346265894164261900e-01
-9.076016366483079523e-01
-2.380914432860621877e-01
-1.583715042156313979e-02
-5.102191693589307464e-01
3.690402559293213258e-01
3.675168366068705395e-02
1.551704496209812267e-01
-7.822019354612946840e-01
-1.850038032745896510e-01
-2.144095311196255738e-01
-5.061393709892878512e-01
-8.644497160087650789e-01
4.383547874437637160e-01
-7.995692596626614579e-01
-3.273934770957490081e-01
-8.091709957341126636e-01
-7.189802233412231347e-01
1.100744945380060846e+00
-4.815501630110372577e-01
-1.398601387947581376e+00
-4.504765791438686273e-01
-1.353481384316466807e+00
3.653477183624170843e-02
5.580983984921299434e-01
-3.151687421686931723e-01
-5.232423012729010559e-01
-5.392497971537844048e-01
2.582874428818758838e-01
-1.525133837468436671e+00
1.745672769637700017e-01
8.524558125804047037e-01
3.393928826894248574e-01
-2.632135061683322785e-01
-3.918731685920165964e-01
-1.107019812823704097e-01
5.486493488685252329e-01
-4.744612032847532190e-01
3.024172822785742287e-01
-4.456461456890682404e-01
1.581564507249172691e-01
-1.612029985727000680e-01
-3.844667747562248161e-01
2.746618594362764676e-01
-4.012064413480839753e-02
2.104998136150360022e-01
-2.797755159182093165e-01
7.938766030676722707e-01
1.977041701354043557e+00
-2.664931012888332451e-01
1.288178793536457478e+00
-7.955051757290947378e-01
-9.372461107097960209e-01
-2.503661937465319065e-01
1.981296079034343127e-01
7.851798361045075891e-01
-2.466276509908924552e-01
2.367792071388394315e-01
-5.256800029489284709e-01
4.015506244571664940e-01
-1.405886975327211297e-01
-2.401196970970386479e-01
-3.298839809095555631e-01
1.575159079129486162e-01
-1.621220860248032136e-01
-6.387701511718080205e-01
-6.988704541960760741e-01
3.765151322949767398e-01
6.548342185030785467e-01
3.236592885743101999e-01
-4.352770697973689096e-01
-7.912491045952355084e-02
-7.664592738020313822e-01
1.266489206378599852e-01
-9.963657458856405025e-03
-3.845641980769390900e-01
4.111476821248510327e-01
-1.405652549844008115e-01
-1.334670308155138652e-01
1.476862133233837471e-01
-3.137763039901976247e-01
4.947550587003805012e-01
-1.891629540154168287e-01
-1.587148477795848334e-01
-2.218914259005004552e-01
-1.984154783808978473e-01
5.734975837624005646e-01
-1.632972812952221409e-02
1.252848888204904920e-01
-1.396499670681020933e-01
-8.753679775978429056e-01
-3.227878828774669584e-01
1.757575256559217036e-01
1.371751680303148202e-01
-2.674604190273100479e-01
1.455197018524180541e-01
-5.789583501918256214e-01
3.218347232187101503e-01
-1.597165934182516733e-01
-7.873720359712631511e-01
3.935715645705685217e-01
7.620382951960898987e-01
-3.700221209195150296e-01
1.499808154407465954e-01
-1.052043428819495474e-01
-2.162308394055927618e-01
6.528024176792782685e-01
1.679252383913577007e-01
-4.545359866441815028e-02
3.262943123902186660e-01
3.222707985705709488e-01
2.533652961060403053e-01
4.486510541350658410e-01
1.747633883648186948e-01
-2.576692509954833787e-01
3.191202985862281460e-01
3.940968170306549667e-03
-8.605480077369690450e-01
4.410169003739426996e-01
-2.159696956329014150e-01
2.742554011662977631e-01
-7.785288279375668363e-02
2.485110756250441533e-02
9.109726731921768961e-02
1.658986770243043446e-02
-3.193872334587735673e-01
-1.992577335907256830e-01
6.043410387228455305e-02
4.332509025360375410e-01
-3.116637171459755162e-01
2.212516383470068126e-01
-7.466920993269167417e-02
3.816055115814798171e-02
6.160545032999917847e-01
-5.370826214410816951e-02
2.478859790856123013e-01
6.274242474205021791e-04
3.553452697558655560e-01
-1.470199505565572551e-01
1.449521894814532752e-01
-2.202066744991492131e-01
6.178357048269322860e-02
-3.032537294362269709e-02
-2.017588421550249311e-01
1.254084231010081929e-01
-2.280687828206090853e-02
2.080069485112661931e-01
6.840953838375039842e-02
2.692580220468708818e-01
-1.773184497348930244e-01
1.667008905277985731e-01
-8.157205601557832031e-02
-1.761564655553024550e-01
2.173779611562398184e+00
1.834511039471384386e+00
1.868104633289151550e+00
1.641016111394149046e+00
-4.191786789773466193e-01
-7.659354318967044328e-01
-2.724724674306663319e-01
-1.764225012770886947e+00
-2.535263211326631017e-01
1.239322555024166883e+00
-1.269757350684957764e+00
5.451846111701547093e-01
3.009821354504154667e-01
-3.205391568107477940e-01
-2.882104500875208863e-01
-4.483391135531392124e-01
-3.851890796037359399e-01
2.386377443464314241e-01
-6.815691847031786210e-01
-1.992326856306852467e-01
-1.616233713380090808e-01
5.464021083642864873e-01
2.636061391122921371e-01
3.659483796871604300e-02
-7.883903092914646971e-01
4.306977166778048760e-01
8.413053422676708415e-02
-1.904415075739438468e-01
-5.131094439637762239e-01
-4.696590670553488223e-02
1.036328043051361059e-01
4.120385158226554378e-01
3.959368671515874349e-01
-2.363820897134618626e-01
-3.231787339099335132e-01
-3.152976795318506720e-01
-2.708949869909835773e-01
1.818025830734541770e-01
2.135786767308068823e-01
4.709800358052171898e-01
1.080634275885854700e+00
-6.904609025470785921e-01
4.564458100569366295e-01
1.215768256591248209e+00
1.045021139225654760e+00
-4.374865129961508226e-01
-1.281073240160346849e+00
8.918542670960971641e-02
4.465778761245871031e-01
-4.195092059058033729e-01
7.783420819327298013e-01
-6.473256429488594144e-01
5.398352001531653288e-01
2.649269866632759096e-01
-3.961635476800199340e-01
-1.218014570060810264e-02
3.299559819340142086e-01
-7.391306358002724952e-03
1.155982611562026835e-01
5.142538501995328470e-01
3.535609507303068555e-01
2.617144246626829096e-02
2.564841598932177114e-01
-1.123849317908842682e+00
-5.477854473093494159e-01
1.002007588679477146e-01
6.533505630776201833e-01
1.560787529346955305e-01
-5.764454226425783090e-02
5.087781919581146894e-03
7.754736783169252634e-02
-3.695677498340058653e-01
2.517563936609124031e-01
-3.905668511996308601e-01
1.407337665170389496e-01
-4.671752127566784762e-02
5.816103310154899231e-02
-1.459809265640513998e-01
4.219353308989873264e-01
1.518834973149697232e-01
7.395551955201211669e-01
7.437410449671696955e-02
1.064079865079287368e-01
8.364737706979513687e-02
-1.830566545191082140e-01
1.904455908660472319e-01
-2.746298640605728814e-01
3.326424671507698383e-01
3.729196157686634483e-01
-3.856833978299849530e-01
-2.195505433670300321e-01
-3.682409719503947354e-01
1.723614044159078040e-01
3.444419439479923239e-01
2.207897146199946370e+00
-1.265679892000820539e+00
2.398283030484686662e-01
-4.226002665021950655e-01
-1.829088147811480936e-01
-5.995201247920016741e-01
-5.685047661220715698e-01
3.391868215768935602e-01
2.188581337805579063e-01
-8.206318381795952854e-01
2.751833779792783874e-01
-1.721026727846324933e+00
1.007947069487639347e+00
5.817856957937812545e-01
-1.778873181606930864e-01
1.743683272388125149e-01
-4.916729396407587549e-01
-5.926172152429085571e-01
-1.794624486050883094e-01
4.048639350541183290e-01
4.881971775667223040e-02
8.258956197807179600e-02
9.487604498322413371e-02
-3.101927631441508959e-01
3.819219433164451338e-01
-2.678731786837252882e-01
3.405462899364016804e-01
6.017915262654707220e-01
-5.578152979356686414e-01
-4.509938037643018705e-04
-7.993044400661963866e-02
4.927313662342689415e-01
-5.829621743278395885e-01
4.643602923973187968e-01
-4.274965543744925212e-01
2.129426729924652761e-01
8.651524218669214006e-02
-2.488320579602126270e-01
5.531967948467988311e-02
-9.515164158617259171e-02
-4.458607293472038879e-01
-2.200370038581325183e-01
-3.435058410032516552e-01
-1.209384665456523095e-01
4.900674840055538883e-01
4.403694609257997050e-01
-6.309090637474295410e-03
-7.709772359833806377e-01
-2.696862844067898779e-02
-1.693499966594926576e-01
5.843001774568809537e-02
1.475269117186377432e-01
8.619366000875293421e-02
-1.885767919268091786e-01
-1.417863768798354462e-01
-6.086762545449642126e-01
2.695083836411171219e-01
1.101101539023008891e-01
2.605644595835654442e-01
4.995285061177390795e-01
-4.149374688550475088e-01
-2.488585539436247718e-01
-1.173028847269508290e-01
-5.245373523246052994e-01
5.683763337971139418e-01
-5.760929774580885593e-02
-6.544536980676904370e-02
6.982757083016791211e-02
-4.928317666252404750e-02
-3.117435655282593254e-01
4.201449536480263980e-01
-1.460027452721218977e-01
5.381179344545736765e-01
-5.586081953014113699e-01
6.808733281198886544e-01
6.766016437941326789e-01
2.811219553731322818e-01
-4.288820406484026293e-01
-3.203411428282673112e-01
-1.379506874113381187e-01
-2.760049478481026441e-01
-1.089660722095071144e+00
1.993526835764670491e+00
3.275101889814244771e-01
1.882003335219240292e-01
-7.338178900848657538e-02
-3.458490483537037807e-01
-1.942101742716611235e-01
-7.267084979096088970e-04
-6.073175501480100325e-01
-2.540236380693289275e-01
3.169563858508447352e-01
-7.350787177705951914e-01
6.497798254186694378e-02
2.338341184461826261e-01
-4.157208389148908667e-01
3.001284957709212664e-01
-7.672656465961928962e-01
4.941952515551694125e-01
-4.747241221640257636e-01
1.370743050485775938e-02
4.142767875953836110e-01
-1.740786989167139587e-01
-6.806281995890270942e-01
-3.844239476518982457e-01
-5.926733846963532643e-02
7.301399937682904184e-01
1.056499823548872757e-01
-1.482628400580668082e-01
1.914825655827399054e-01
-3.075014099375217996e-02
-5.498343718813710757e-01
2.647645373594395557e-01
-1.545737499807979254e-01
1.487686573111187405e-01
1.842226932268229908e-02
-3.893697970974470124e-01
1.995244249641746070e-01
-9.032080402121183127e-01
7.355390177142538954e-01
-2.374665797570032488e-01
5.096938712863571808e-02
-2.772574031028397501e-01
3.366814444223034664e-01
6.006019160816360170e-02
-3.855342109131021933e-01
-7.615850544007649048e-02
7.456357401065308310e-02
1.235150728538848414e-01
4.632983802424677222e-01
-4.611662168274525686e-01
-1.966902478638339613e-02
-1.509169888454717223e-01
5.078086762354396821e-01
-2.757831600426114971e-01
3.345306522031727958e-01
-3.174998348058105657e-02
1.074222250763592484e-01
4.912416843801963307e-01
-2.506837050950561085e-03
-1.467416874142660477e-01
2.568137699809270452e-02
7.463608310481584240e-01
-3.574434347561705749e-01
2.981544712886069481e-01
-2.824608652568870171e-01
8.979175240311115802e-01
5.139583949769854776e-01
-2.300444448323100688e-01
3.962114130259569711e-01
3.040927632950376491e-01
-5.680367357839712916e-01
1.571666958943931935e-01
-5.122227947842807882e-01
3.111980010598895396e-01
-5.390214625489188061e-01
1.801064820858859217e-01
-1.425527062794582356e-01
-2.175701773299332231e-02
5.719804772826847516e-01
-9.638281300622203451e-02
3.102560875032850385e-01
-1.936482486382740398e-01
-2.022293177021554089e-01
6.192025005055838693e-02
3.243876491439579568e-01
1.726550146487661475e-01
2.643250455861311798e-01
6.917807030886601316e-01
6.963195201264336109e-01
3.751748653805478395e-01
1.805442616441361725e+00
2.396851093764180984e-01
-1.298218475798729843e+00
1.196434631145458227e-01
-1.899057543363760203e-01
-9.695949344092923139e-02
8.672304429604134057e-01
-1.136170060364636969e+00
-7.443887391532163500e-01
1.549672331490584143e-01
5.585352068360923683e-01
-1.457533135950895398e+00
4.099832777653178439e-01
-1.158084130626401698e-01
-5.500240034577601467e-01
5.163853851237246717e-01
-4.516355058473213724e-01
-5.341215626576830688e-01
-1.095110149118947440e+00
7.999620238760336566e-01
-1.226301251130395426e-02
-1.420415951833785329e+00
1.045358278744653813e+00
9.311748463123847852e-02
9.181343820273923928e-01
4.118920722423192737e-01
-2.899793549812924032e-01
-2.579045424193798786e-01
-3.257987711113188301e-01
-1.707091331661186207e+00
-3.340149923465374204e-01
7.932977083933846485e-01
1.908539728543863778e-01
-8.553315129880754597e+00
1.183591799071309625e+00
5.790715921460574123e-01
2.156409572287337539e+00
-3.719758656500900429e+00
7.057666756148381904e-01
1.332465527737334510e+00
3.275354832062676302e-01
-1.621564501542592240e-01
-2.109110096194359019e-01
1.132894959823700226e-01
2.248081936163311978e-01
8.024477016107722793e-01
9.653987489246806941e-02
-2.186865970824498073e-01
-5.623177878183134304e-01
6.710771629373206704e-01
-1.114018831713691426e+00
1.339062398817099542e+00
1.699189380178303121e-01
2.214793063238004733e-01
3.339447652828635982e-01
-1.105528212095381602e-01
-1.048502720446946146e+00
9.101598508473224269e-02
1.694127744469135499e-01
5.372336096366892022e-01
2.057872524645234236e-01
5.902374740846139112e-02
-2.538694304502197574e-01
2.495356468653111282e-01
4.016234815117354362e-01
-1.991169124865425633e-01
3.535027325336901338e-01
-2.514655774238533925e-01
2.980990632680050600e-01
3.655830147745586789e-02
1.712791238233236646e-01
-1.248860790483165284e-01
-1.505872570265782973e-01
-2.012630837586585342e-01
6.275246937309592044e-02
1.083631707015317025e-01
1.741920875662165968e-01
4.327559938261779093e-01
1.950520095995849079e+00
-4.659626748136597163e-01
-2.195346438198494399e-01
4.940666935388323688e-01
1.137805413393994103e-01
4.074100855750772965e-01
2.277197407296454590e-01
-5.932419696538354659e-02
-4.682249082289063891e-01
2.301527258909556173e-01
3.047015322298671780e-01
7.023752133827804167e-01
2.344290325952683440e-01
-3.007124137832555277e-01
-4.927616908291764242e-01
-7.091630014650149860e-01
2.796590899965674115e-01
-4.734058081956712960e-02
6.339943975521830088e-01
-1.619586642028186807e-01
-3.166304439429749040e-01
2.627546484717360187e-01
3.965353818127068108e-02
1.408296812829937239e-02
1.306689028893537607e-01
-6.601949936808040875e-02
1.684648239756504906e-01
5.145205962980997638e-02
-2.682946162664034961e-01
1.780624387523503660e-01
3.434580117547548772e-01
-1.417731922588594540e-01
8.798588047635078069e-02
-3.073254993291694159e-01
7.094801973657616223e-01
-4.488677213462979876e-01
7.063619497866144847e-01
-5.647038543083880979e-01
1.112689953798440684e-01
5.033549272779257455e-01
-3.589219392077353521e-01
6.326006354515964492e-02
5.942164564349095013e-02
-3.102657658007403896e-01
-1.754373672880754076e-01
2.677212912804634026e-01
-4.847975539802605316e-01
4.397378534048104748e-01
-1.758786899827071704e-01
-2.961976584904688070e-02
-1.890667002283254461e-01
6.410420200000360724e-02
-5.846005925162575667e-02
-4.070661858123882093e-02
5.767810282390543886e-02
-3.655069334310153545e-02
-1.050659068022378462e-01
3.623304156544301380e-01
7.063822627471020438e-03
-1.775438414571357815e-01
1.813919620407077049e-02
-1.510132509478704921e-01
-1.334087323559403349e-01
1.490013400067331795e-01
-4.033592027379493961e-01
3.820729732677580759e-01
-1.248909324310216035e-01
-1.343951647282166373e-01
4.564232155871486563e-02
8.217328793445846657e-03
-9.113881229829096098e-02
1.769078395112456903e+00
2.096155774082018475e+00
4.596277024510511566e+00
-1.617741016690380507e+00
-4.008932226004813693e+00
2.312600844376191400e-01
-7.486929877478074591e-01
-1.706174010822387288e+00
1.324501142107511464e+00
-1.807640259211422240e+00
-7.577872617472933836e-01
3.298380190709223059e-01
8.726075052350173999e-01
-2.154123544770721876e-01
-2.552255337046039352e-01
-4.176225866241692342e-01
-4.086192386759920359e-01
2.265225282020702224e-01
-1.062033601965680640e+00
9.728590711433612315e-01
1.193238857228158256e-01
-2.399087729139549041e-01
5.339933528546370045e-01
-1.076891443841109242e-01
4.787641629504647556e-01
-5.022041591618790768e-02
9.300117923802606157e+00
4.607394438831446393e-01
2.079955474604364696e-01
9.546797566599256601e-01
-1.629367305549576539e+00
1.631734270328792924e-01
1.613032396073134755e+00
1.239109628233248328e+00
1.619902513306963776e+00
-1.266848744902900670e+00
1.041270142916248531e-01
-4.832882400694633040e-01
6.655314714407317700e-01
1.819566027563475963e+00
-6.165577994036186560e-02
2.133321152883472571e+00
2.632965048091695515e+00
2.877287548925049343e+00
5.873541930997276950e+00
-2.465593832529091145e+00
-1.217329855999137678e+00
2.379705104812249949e+00
-2.299859894757089407e+00
-1.057440533339828459e-01
-2.528144416700792263e+00
-1.315574341588889862e+00
1.031532015631776655e+00
-9.056355362782787521e-01
4.468093388919621711e-01
3.644485686518470491e-01
7.545227130732616860e-01
-6.552773089396717321e-01
1.350202181176445526e+00
5.319927845704706115e-01
-1.102383751921122812e+00
8.073247844750182090e-01
1.575189956227361021e+00
3.901016853844815557e+00
-2.962557021498232857e+00
2.518108798753637245e+00
-8.249380799361361039e-01
-1.241742895416180659e+00
-3.239312923271872258e+00
4.245738045810236727e-01
-3.983145251173562329e+00
2.495323713531939713e+00
1.332992800164082281e+00
-1.662293082684859424e+00
-7.656185487754658681e-01
-1.381300772486239836e+00
-1.037351176255580931e+00
-5.819893508707949081e+00
1.453359984951559714e+00
-2.850378390532451345e+00
-2.363761155687624349e+00
-1.615189733040579334e+00
1.722084952279795633e+00
1.665786768931608597e-01
-2.911362874367874887e-01
1.074465507805800968e+00
-8.088207692377347158e-02
5.414283128520860355e-01
-2.006591998506920826e-01
7.321489665676383929e-01
2.623049756717904302e+00
1.770837772312110037e+00
2.176131296346233146e-01
-1.466262576554036690e+00
-8.627945907429446226e-02
-4.263441536850676866e-02
-1.286457197740820346e+00
-5.012442271666335269e-01
9.542280438575939661e-01
-8.698272393749688636e-01
-4.151774373878627244e-01
-5.041372507135992720e-01
7.981252893431396433e-01
5.542465135383658481e-01
-5.647192049507427924e-01
-1.241923501017474063e+00
-6.596759850073928844e-01
-9.484934919083367610e-01
-2.480596792576842402e-01
2.541139487083932669e-01
-1.015124079335295804e+01
5.635512273876560618e-01
2.791874415976517643e+00
2.244563156533711634e+00
-9.593674819133261034e-01
-8.337594337410179079e-01
7.963495066305690262e-01
3.025947265553988741e-01
6.381245038190456187e-01
8.524147006319010567e-01
-1.081026822732017445e-01
1.807572976898079720e-01
-4.670390479374388337e-01
1.186366649493932446e+00
-9.896691877274924609e-01
2.928729644345208771e-01
-1.296343971357344360e-01
-1.182535497621156173e+00
9.963153996907008203e-01
3.105377189518439551e-01
-3.783269101313390115e-01
-2.709925851501782113e-01
-5.778615873198577058e-01
-4.322954391465510526e-01
-1.032642657180367518e+00
-1.023628665610522015e+00
1.319727372249049901e+00
-2.210733318923426560e-01
-5.016371255337047641e-01
-3.995418982063697610e-01
1.302093379469518419e+00
2.470403385122858508e-01
7.151746536832822576e-01
-2.028043116005834312e-01
6.465114009366887404e-02
4.972301220612052042e-01
-1.926621870865258268e-03
-6.811263099329761816e-02
3.191072635279251779e-01
4.719084410016157749e-01
1.792957784221635986e-01
-2.312319287605863749e-01
-1.406309868985589420e-02
-8.203990682441979487e-01
4.465317373182754457e-01
-9.666275755036896067e-03
2.664112840671152282e-01
2.790435926990577187e+00
-1.651594408473083364e+00
1.093887086267127051e+00
-2.673132847881444785e-01
2.656978573299765278e-01
1.958561964443966408e-01
1.272923130711777873e+00
3.443847262175405155e-01
2.359475734817688242e+00
-8.839406377658718394e-01
-1.191439901433401394e+00
1.211988960679366567e-03
8.950255380070440969e-01
6.102138720389252979e-01
-1.596462661657294668e-01
-7.952018332814319024e-01
1.745824278246843608e-02
-1.904329873145189200e+00
2.727444536789931928e-01
-1.386534218294470655e+00
1.761592260978713576e+00
-4.364545729816112218e-01
-1.554307181879379107e-01
-7.526543653452897331e-01
1.876214684328635918e-01
8.376274130086985847e-01
3.334429235582237472e-01
3.197255535202431220e-01
9.966144121612227624e-02
3.980188707906864298e-01
-2.003215688519319193e-01
-3.655786977959611495e+00
4.959368446671263975e-01
-2.950157140438877668e-01
-1.659173419618131806e-02
4.360049585419120133e-01
3.509240300060150752e-01
-9.990102506263560667e-01
2.640288502530115933e-01
6.355143843882826715e-02
-5.791117364223998809e-01
-7.060681125736656405e-02
-1.036896801140460289e-01
-8.276097459501009501e-01
-1.416556714004422179e+00
-6.857833856181982934e-01
1.739749502064336539e+00
6.273200250181513171e-01
-2.617890076822543266e-01
-1.522142953652869668e-01
-1.146521998149023780e+00
-4.112804339958437971e-01
1.278324780085316748e-01
1.007990023113765066e-01
1.469582757857088362e+00
-1.670250482474694431e-02
3.051797202443609636e-02
9.927956730760849613e-01
6.634858452000564899e-01
4.324925134135090277e-01
-5.546691134786725375e-01
8.716315334890056832e-02
1.585791279451249092e-01
-1.164284928939007591e+00
1.261470271357214845e-01
-9.979607845212143391e-02
9.142506673702289755e-01
1.233370363732734509e-01
-7.751598589557040508e-02
-1.643245739872818967e-01
-1.613266640303583077e-01
3.705028348764034529e-01
-2.151540725875011051e-01
5.622202412778387615e-01
-9.097585043645142200e-01
1.202407400484925420e-01
6.752706902401639510e-01
1.548491026922034663e+00
-2.749334168748799323e-01
-4.915706612779611184e-01
-1.329425540440684061e+00
2.880709987973891550e+00
-6.774567965106258471e-01
-9.389755609243743972e-01
3.135890344708060495e-01
-5.935118624290296463e-01
3.792055705568763146e-01
-7.629308409475266117e-02
-7.292198607907083296e-01
2.344007865830172455e-01
3.077689688458099537e-01
3.336655851854464783e-01
6.370031310857149354e-01
-4.229729284322885641e-01
-1.302522145095706296e+00
4.190752100298317795e-01
-8.612728015370644044e-03
2.327803055916005115e-01
1.146614626117251484e-01
-4.880322050734839934e-01
