-9.561114005425763729e-01
-7.921589681712721820e-01
2.980754057670927382e-01
-1.948612149975400776e+00
-1.425917114976480660e+00
1.809370319372908487e+00
8.589600264166463717e-02
-2.662345309060904608e+00
-7.726668879361688891e-01
6.659883322238459025e-01
2.024796292620101301e-02
7.420281610160763819e-01
1.265642020274849733e+00
1.535334924142931490e+00
2.174524393321314086e+00
-2.482218673265895181e-01
5.035555542533308726e-01
-1.016644102530098071e+00
1.705099063228679102e+00
1.539749022458112737e+00
-4.309278169357603216e-01
-4.065439100943758488e-01
1.779582699647894284e+00
-1.790091805203370967e+00
-2.113507133202880084e+00
1.276359688211025967e+00
-2.891313812118527227e-01
3.416412402872282428e+00
9.635122901457802147e-01
9.566807722306840400e-01
-1.038985341271969343e-01
1.156882620229809921e+00
-6.810354958001942904e-01
1.351871747908937271e+00
-4.056656068876002830e-01
1.774434727551142676e-01
5.506386137829365479e-01
-1.542530143360922867e+00
6.984237931588160864e-01
2.885926378273295345e+00
1.491738944254957122e+00
-7.618068191158465785e-01
-2.569458490472463108e+00
-1.415070324716271921e+00
4.452701685230878725e-01
1.485814265462093609e+00
-1.295051218464478904e+00
6.047085557582644322e-01
2.900324854044597500e-01
-1.208987316835503423e+00
5.828812214553447113e-01
-4.233765997459980612e-01
7.376043972161762108e-01
-1.908687844726923322e+00
-1.362749001340387123e+00
-8.180596020634794963e-01
1.961176374218007945e+00
-2.355065151883152519e-01
-1.554803154024709810e+00
1.308462896017704713e+00
1.023316494591645087e+00
-8.334842212644257842e-01
1.080311327738663785e+00
1.550098281523659249e+00
6.157705549084488417e-02
2.226248708512975072e-01
-6.626999188777410454e-01
-5.445729738978294376e-01
-1.577737129536339822e+00
-2.910071542681322981e-02
-2.203413115225428154e+00
-8.019920486421286965e-01
3.939904684855935479e-02
6.712920551886309983e-01
-2.477533040853151791e-01
-1.711837731157660247e+00
3.735939124556129087e-01
-9.257090137221346549e-01
-1.293438249064150947e+00
-2.477645870750547097e+00
4.289970750425348839e-02
4.667999972839763645e-01
-4.292216545793573479e-01
-7.116246950119676784e-01
9.920278517678190466e-01
2.035476288047044224e-01
-2.680121673969725893e-01
-3.527011839921878056e-01
2.672394900112882166e+00
-7.224006452755478147e-01
1.536762885948361523e+00
1.055182597858999038e+00
-4.799243242899299544e-02
1.715682311058329690e+00
8.024600832694468722e-02
8.808254578408808433e-01
-8.124940287595565636e-01
1.330981717650283835e+00
3.654899207396213323e-01
-1.713453318418492355e+00
-7.627690643114777291e-01
-5.145668438767561081e-01
6.175156288668192106e-01
-1.435660770591991708e+00
1.810452646377980646e+00
8.213759957927156685e-02
-5.206640820927170843e-01
9.247009290099265089e-01
-3.293635421968353905e-01
-4.611856101104891970e-01
-4.980480114723573326e-03
-1.184519822929569033e+00
-1.838887950781709746e+00
-8.691093073980864225e-02
1.234336780103697295e+00
-5.738400574463823345e-01
-6.830209890821554719e-01
-1.187759363870823093e-01
-8.035451861495866988e-01
1.025302071460445941e+00
-7.381955267960202960e-01
1.258502347547354461e-01
9.627484287848904199e-01
-5.019185511977797276e-02
1.334449734583197822e+00
-9.524458872933734277e-01
7.295390187569371632e-01
5.354998188364227252e-01
-5.504635066640773955e-01
-4.519101835102414810e-01
-9.121117362473192269e-01
-1.338423914550429528e-01
6.028286455765279328e-01
-6.179353175137837217e-01
-9.198399973656338213e-01
7.987955245157629669e-02
-1.237067194115680363e-01
-2.264901805693786407e+00
2.660174168234464287e-01
-8.752852702976667842e-01
-5.897888300236259207e-01
9.761409970934959990e-01
-2.339570740158515960e+00
-1.290594599301204959e-01
-5.591101754302957305e-01
9.452295047206895617e-01
5.005728292406554925e-01
1.528127133051815578e+00
3.355671462675909877e-01
1.737888092692515540e-01
-1.359033091016006445e+00
8.150939153666421078e-01
2.675301455337505407e-01
7.509542621476024138e-01
1.141813392231842750e+00
-7.235843491896530866e-01
-9.831176914474276662e-01
-4.139281523103853222e-01
-1.329547525042729383e-01
-2.257991613074616488e+00
6.026925392003041893e-01
1.244423286127920969e+00
-1.775726279238560190e+00
-3.435589242723202097e-01
-7.364995990532946513e-01
-1.299986987636844615e+00
1.000731788185902138e+00
-4.577439704746638638e-01
-1.610630335196083340e+00
-2.701325966588870919e+00
-2.515939986671747786e+00
1.677835863456104581e+00
-3.608613136617058181e-01
-1.524074100801695031e-02
1.560832477258361939e+00
5.729381985598356319e-01
-1.670522229291420580e+00
-9.821520450919212220e-01
-5.918024360451892285e-01
3.796608610902345027e-01
-9.047946363949951332e-01
1.074954409198505489e+00
5.174485535599164798e-01
-1.236095142637675615e+00
-4.727432932622452899e-01
5.837492067033120957e-01
-1.363372003419248690e-01
-1.284660515405563253e+00
-3.355570621718956481e+00
-8.702894832837728689e-01
8.597773152052305967e-01
-1.090268457056205564e+00
-2.248182894819496624e+00
8.966183952268472201e-02
3.253552204357646471e-01
2.334509635976771857e+00
6.618526108733219226e-02
6.009630691865721630e-01
-2.018041167624338161e+00
1.546178789047443880e+00
3.599574838026567969e-01
2.505850238245254324e+00
-1.026328312727841308e+00
-7.032144942697746703e-01
-1.791288861701125112e+00
-7.629824058589150804e-01
-8.267120235371441250e-01
2.333303585840408978e+00
-5.202298782184470172e-01
-1.185562203102521028e+00
1.420514921743243120e+00
1.749551158446002175e+00
4.541129249577859905e-01
2.983605572325402022e+00
1.860943009730137820e+00
-1.092898074553551313e-02
9.798148619252069480e-01
2.661527198036701125e-01
-1.023793865360079769e+00
-6.342034826403655234e-01
-1.672729708405373161e+00
-3.362715219017564650e-01
1.000304122224540793e+00
3.293434566021713472e-02
1.319659261219105151e+00
-4.468567595359029115e-02
-2.829405432302230933e-02
-1.900817309967331115e+00
-1.097507951352207245e+00
-8.570151471200908588e-01
-8.976291783220566867e-01
1.252500300137623146e+00
-2.120840006787807930e+00
-8.811735200967407700e-01
2.771037196664087876e-01
-2.321613325325778132e-01
-2.987187704828969892e+00
-7.249124069941298432e-01
1.117906835313847269e+00
1.787968134449785529e+00
5.207420161167940487e-01
-2.253060928060528045e+00
-7.473437639349488071e-02
-7.897071683826887289e-01
7.790581430566509979e-01
-3.186789971770427332e-01
-2.122490743531027402e+00
-7.611093470372580772e-01
3.435269269123227609e+00
6.494110993254973430e-01
7.024195998602323909e-01
1.031900629456415697e+00
2.534717621700489865e+00
-7.001166542963850326e-01
1.318867164281929405e+00
-2.359113295334922089e+00
-3.683925012769342922e-01
1.762267125034686632e+00
3.549180143377755892e-02
8.520252674313216756e-02
-9.356711692515948808e-01
-4.732592273840373620e-01
-1.477338591689749903e+00
1.355988766428151138e-01
-6.239879280937771222e-02
-2.215593363507984137e-01
-1.156174243499446197e+00
-5.820564633291089862e-01
2.872295071653432341e-01
2.771395292784237796e-01
-3.553252210234236763e-02
4.400567422372635429e-01
6.777926841081051146e-01
3.002204076865142568e-01
-8.022990059439256694e-01
-5.635360115296272898e-01
3.470166331046233843e-01
1.375530809463898274e+00
7.582132319904159035e-01
-5.117578512596982626e-02
-9.050955937503052384e-02
-1.183579259053714416e+00
6.565871850628480777e-01
-1.286837894051759523e+00
-4.691541822550024388e-02
1.475516706168013892e+00
-3.139431262378956644e-01
-3.678631225464914500e-01
1.001493577284491954e+00
4.248222129984638995e-01
7.366078900397652340e-01
1.144105973238738638e+00
1.392052988720498208e+00
2.542222946507252668e-02
-9.752179515217661576e-01
1.393799665140641741e-01
1.394822684103496080e+00
-1.635527938844945073e-01
1.961268127549620877e+00
-7.153431960583909177e-01
-5.407391758522300806e-01
4.308585900242342670e-01
1.513647888548594667e+00
-6.322717097774683825e-01
2.915541498062304560e-01
-9.212139199828246472e-01
-4.302289705302611567e-01
-1.512440269575698215e+00
-1.253909189482206532e+00
-1.565247997789779744e+00
-2.469493789956694052e-01
-2.114516091046044988e+00
-1.587383672497163722e+00
-4.029268749755016699e-01
1.294717225874957744e+00
-8.502815071389282497e-01
-1.206412283266070418e+00
-1.534720758073479796e-01
-2.279053989718195783e-01
-1.007813381559840238e+00
6.743282499115683670e-01
9.247491094582854787e-02
-8.611089844946257649e-03
-2.218418278926291620e+00
-4.525545863530282542e-01
1.560107290316926187e+00
-8.892640037348727988e-01
-2.110660299014888719e-01
5.743001236169235080e-01
-5.462877500685729970e-01
-3.219378951376985487e-01
-9.034573143213758817e-01
8.362971534947556407e-01
5.918371839932379253e-01
2.366700474457596459e-01
1.634520259759346006e+00
5.675096953333285121e-01
-1.839581312777521793e+00
4.416439505800158760e-01
1.303623059457644562e+00
9.924385084568504434e-01
3.599375840012070671e-01
5.263601247157516649e-01
1.381760556555909458e+00
-7.367242153067905530e-01
9.211285293241764371e-01
1.138908545385952431e+00
-1.547307694170909187e+00
8.782430395276221713e-01
-2.082330698563438498e-01
-7.211214810643984396e-02
7.062445216944869264e-01
-4.143049732718467326e-01
1.476523223772012949e+00
1.176409382304172579e+00
7.659035403888740934e-01
4.497534179377635777e-01
4.657926985288012300e-01
-1.593095255538412358e+00
-1.657646429083835526e-01
-8.644621275307744490e-01
4.531235658868110194e-01
5.447500701916934140e-01
9.967646889658013931e-01
-4.530204192707133481e-01
1.454687157769898320e+00
1.497125429149211429e-01
-4.917169967630861116e-01
-1.338794098993092652e+00
-6.245215986009092224e-02
1.374370816605954504e+00
8.147615055221494318e-01
-5.630468958824321746e-01
1.059566177798314079e+00
6.785210154924109505e-02
-9.591610335197042758e-01
1.394661620176122163e+00
1.166001212356019057e+00
4.964220105588931786e-01
4.710808532425266870e-01
9.238321127872133054e-02
-1.470544952070558908e+00
3.664094360185157218e-01
-2.008074473605488741e+00
-4.023797399414844600e-01
9.007348980485527790e-01
7.616404816952992984e-02
8.360168669226927807e-02
3.790654802757244535e-01
1.520474365091035451e-01
3.819803991744055716e-01
1.762164320205235335e-01
-7.706572799092467063e-01
6.104629543644454204e-01
1.885269972046661469e+00
6.401581319048458285e-01
-2.284543216153596124e-01
4.030208736318990903e-01
4.878388476643769067e-02
3.550485093850175300e-01
-8.867994257461297991e-01
3.777236993172398138e-01
-2.363274968223081918e-01
-1.160549863853167940e+00
-1.766377107678998026e+00
-7.690039100201758737e-01
3.886082670087485647e-01
-4.369639584370764718e-01
2.468019411833292098e-01
-5.508734131450035987e-01
-2.547387189121970708e-01
1.453110022447060334e+00
-6.659655329968662274e-01
1.097845637915349837e+00
1.017386350822139018e+00
-3.564248304406653078e-01
-8.146115197891401483e-01
1.134461946711764035e+00
1.405315244899912885e-01
-4.801824873843700270e-01
5.440116091365057027e-01
5.810479023227153039e-01
-5.523084502691324449e-01
6.504270719778307841e-01
-7.550399466680129956e-02
-3.152925368574029941e-01
-1.356929295776286570e-02
-4.095134586765130646e-01
-1.577477609030548678e-01
-5.924290810429424514e-01
4.092380765220071104e-01
-1.785853929557595032e+00
-9.019106628348151355e-01
3.686067512037185523e-01
-7.519996159502265742e-01
1.826596081925928816e+00
6.657155073962441882e-01
2.789513516632721180e-01
2.319219598443494901e-01
4.851165288049589241e-01
5.433579187378981823e-01
4.908575974085214733e-01
1.184904402071467633e+00
7.885342790209506902e-02
1.239820308957190864e+00
8.166252649040690592e-01
-7.836358693753003868e-02
-5.039477822656615036e-01
1.623582256045930539e+00
8.754056344237746146e-01
-3.294312708308707038e-01
4.577788640692092015e-01
1.051509335233668629e+00
6.839919643655125725e-01
1.834690620035482611e-01
7.602064713535540141e-01
6.309267489542604856e-01
-9.653504892831673567e-01
9.532427959749195656e-01
1.021978616796983763e+00
2.035681972170871323e-01
-1.305761110735987329e-01
8.551964448473252656e-01
1.205297364997692355e+00
-9.812750599430591913e-02
-9.833443478255465831e-01
-1.328775683982736378e-01
-1.411485030803846019e+00
-1.047811592799058777e+00
-1.064546919734468688e-01
8.452832884574054129e-01
-4.252428454256023116e-01
3.039443195168819223e+00
6.165930864166582204e-01
5.770553138528664583e-01
7.131684882756905708e-01
1.299506039281247638e+00
-3.140417128055708607e-01
-1.699608112324940967e-01
1.278042743238151813e+00
1.653126299634284369e-01
-7.396197082804369938e-01
-1.336263927286105435e-01
-5.430507596734319709e-01
1.644302991048683493e+00
2.902993259796406988e-01
-6.302754936232695115e-01
-1.720096182756672532e+00
4.124204229735973781e-01
-2.470347439080957663e-01
1.437285566325355646e+00
-8.278366896513592588e-01
6.873040564351765580e-01
-2.217247911909520364e-01
1.576201793207116397e+00
1.877745619404570521e-01
-4.204946254379339776e-01
1.072866842354179839e+00
3.030682053828058498e-02
-3.909374362752227050e-01
-5.231348596315408273e-01
1.305915068417941693e+00
-2.108269506332523524e-01
6.041199073337567560e-01
-9.956780525874544541e-01
3.836736389264356895e-01
1.546908608264993545e-02
1.138428124191286583e+00
9.858728731111074395e-02
1.175527122891376841e+00
4.304724083929402645e-01
-3.573456430786347560e-01
1.400903679203130414e+00
8.046025430727785643e-01
-7.053205158422687360e-02
2.354485304099387943e-01
-3.760414905801484631e-01
1.059835806461670416e+00
-1.563938306392297778e-02
9.899658173163383701e-01
-8.309521183946855238e-01
7.652571489226940304e-01
-9.734230467517174246e-01
-7.977632504162235350e-01
-1.749548862571015384e-02
1.104988022315641638e+00
6.423612424789379993e-01
-3.558537164480741199e-01
6.411276867285659042e-01
2.801246284416049059e-01
1.188640098333297423e+00
6.081051976451039565e-01
7.130720391851587125e-01
2.849892273346997573e+00
2.998279351528010395e-01
-4.799213374332463311e-01
9.849084803889666118e-01
5.659235262495532215e-01
6.514772291566750528e-01
-6.624941512033091229e-01
-1.373440003024524181e+00
-1.234493525038981243e+00
2.368340368654146821e-01
9.594515210657588167e-01
-1.046810621471998326e+00
2.363341488977233951e+00
-2.741452879153395417e-01
-9.589109669922052381e-01
-3.367675345658621922e+00
-1.267810881166267389e+00
-4.162911435078386901e-01
6.813799205392626623e-01
-1.804291288110206892e+00
-1.727623031911468265e+00
2.160670883601243819e+00
-4.646128143557640700e-01
2.540325881236443761e-01
2.101498712211314679e+00
-5.918133170254910036e-01
-1.646706374575550136e+00
-5.693590642882604413e-01
-1.357728902672833637e+00
-2.855085114397893253e+00
9.576157612247907513e-01
3.169485879505070103e-01
-7.436907546490723053e-01
8.992722332536534635e-01
2.362611986970310607e+00
-1.040444345386518366e-01
3.653088612590732476e-01
-2.007461293882197018e-01
1.253825785215733069e+00
3.836504167194607628e-01
-5.808714576609723679e-01
-2.107990473236891038e+00
-2.260975161012867662e+00
2.160555358686137684e+00
-1.618698145895961282e+00
5.894249826378143986e-01
3.474220373235756831e-01
9.909023784187988015e-01
-9.960029567897807357e-02
-1.412290295542104168e+00
-1.473949802016752297e+00
-9.471823673259323062e-01
-5.112782086555806016e-02
1.002962281232187003e+00
-6.051832663669130807e-02
1.402765761061141703e+00
5.204247581084212593e-01
1.255712488187875842e+00
6.368096260262677832e-01
4.539364144506016774e-01
-1.270677053061737727e+00
8.588059299482064812e-01
-3.152406271786670211e-01
-7.122226635474431244e-01
-1.348003125742563091e+00
-4.291082987881538607e-02
-5.623160482335942678e-01
-1.604295414123608765e+00
8.359283963248687055e-02
9.899857070643219847e-01
-7.089005966798886949e-01
-7.762554720135177166e-02
-2.180810870905136145e+00
-1.760380683259519463e+00
-7.867239987301286597e-01
2.166042535224384780e-01
5.622128287614779341e-01
-2.562690318693133795e-03
-2.129976997082775103e+00
-1.592958760928990358e+00
-3.146503660016617410e+00
2.676052762729874246e+00
-3.030542359980675227e-01
5.655040429691275961e-01
9.326906898817248770e-01
-1.353741972002923122e+00
1.202914528202136069e+00
4.434478882326475246e-01
-1.151448900314176571e+00
1.473309864597163177e-01
1.300624704203953597e+00
4.391373272075262957e-01
2.545127891437146239e+00
2.244873193671282074e-01
-1.277583254815206903e-01
4.697338522895332380e-01
-1.015371651632271277e+00
1.089512714547697936e+00
1.830823176280613085e+00
-2.856254812766407802e-01
-1.282139908840037590e+00
-1.297617751845705714e+00
1.152567637019958013e+00
9.432923152764819408e-01
-3.159107511729397078e-01
-3.784670621661906931e-01
-4.075067507867004002e-01
1.210957435014810013e+00
-4.424161885844972719e-01
1.411058948481376807e-01
-1.077791729065682880e+00
1.051967694214811511e+00
6.410588192112190997e-01
9.778720478448252873e-01
-8.110964750199604056e-01
1.732382300996946067e-01
-8.069544351063279164e-01
1.333284979648716506e+00
2.822082669327919957e-01
7.011219149995903677e-02
1.131697515420643674e+00
8.824667624432587232e-01
-8.860661821321105247e-01
6.527095976131732646e-01
-1.191742747873895558e+00
-3.564337672474789942e-01
-5.793495783783129127e-01
-9.201051073857182683e-01
8.891131444084200419e-01
1.057526452294236474e+00
1.321986470105086797e-01
1.291474248162896021e-01
2.807280090652419235e-01
-1.368901057373028696e-01
-3.988278143518377283e-01
-1.961301029568976340e+00
7.233461733462521748e-01
-1.110327277874017859e+00
1.116202376065427604e+00
-5.221706652314916930e-01
-8.685319605081145977e-02
-5.176236812952202948e-01
7.878290613430917189e-01
6.521876677765799935e-01
1.759433910475298068e+00
5.350822207340215630e-01
6.739146272103705426e-01
-7.608993048122970615e-01
-4.303672743978591286e-02
5.126030019487276546e-01
-1.243959794598143542e+00
-1.260446528184006598e-01
4.649690625652156406e-01
-3.609451515319315185e-01
-8.010923598905060894e-01
3.928792298383294024e-01
-7.908228482550035965e-01
9.391134819340937745e-02
-7.076534628612793920e-01
-9.173942491674819122e-01
-5.134777743600342781e-01
1.136582516039537083e+00
2.380106994348089866e-03
1.173224167962310993e+00
5.839881378444475857e-01
4.670915225585756114e-02
1.842604956132156135e-01
-7.531918554255265796e-01
5.595761763141285927e-01
1.171019636014014181e-01
-2.916950756768320052e-01
8.074259413239347483e-01
-6.575506165193100577e-03
2.133593315664295886e+00
1.888259033638434170e-01
-2.933251181852939427e-01
1.873952061932095403e-01
-3.483145487101250160e-01
9.257021008492459166e-03
-1.530597405584411153e+00
-8.551482991099383923e-01
8.142103140298321273e-01
-6.224543929594429648e-02
-1.375413856621427344e+00
-1.170368379246696233e-01
3.221321339025630115e-01
-1.190847779322637079e+00
5.183763305714848002e-01
7.110013861991939521e-01
-5.442600288720057522e-01
2.161820708970715876e-01
5.483836337014694751e-01
6.840046061366191754e-01
5.438054494498483216e-01
-5.410521633762997995e-01
-8.020784289758483565e-01
-1.321976753517140335e-01
4.784226474343246105e-01
1.772723230853883170e-01
1.194128465352952251e+00
-6.694141088248365401e-01
8.471311786340024463e-01
-7.995316157312046257e-02
-2.299238096577176926e-01
9.593240898485952961e-01
-1.164485331721590577e-01
2.667107920499310267e-02
1.285371766396705695e+00
-2.491548621491772586e-01
5.484467421425032185e-01
3.126790650366196855e-01
-1.298516342943742963e-01
5.252499761093791797e-01
3.889850542895751939e-01
-1.312024337310736755e+00
-1.213347702380414422e-01
-1.056837072902122365e+00
7.419631446711277833e-01
4.647914000207469254e-01
7.397093740303866127e-01
-1.247111343950375525e-02
5.410221758441040585e-01
-3.201162234133219653e-01
-2.944447411336484355e-01
8.569410209769281472e-01
-3.566870766612394439e-01
2.500741745290074869e-01
4.093543465745156928e-01
6.280814232513448614e-02
-1.254239120539709512e-02
-8.852177665782245963e-01
-1.849988281946817636e+00
-4.434780355017091114e-01
-7.321019659821191850e-01
7.737208207588189834e-01
-9.862990769676638347e-01
1.173181205076284095e-01
2.412825424984652578e-01
6.058386720797143132e-01
3.264072839443477592e-01
-1.644374452732253911e+00
4.947064261602821533e-01
-1.536758039993271430e+00
3.504300619808637940e-01
7.741831358245055972e-01
7.282570129513759039e-01
-1.181381377016545997e+00
-1.609410204295706470e-01
7.569966708420347024e-01
-5.956221890821016274e-01
1.063298058670148150e+00
5.265633902892050688e-01
1.847451084623522366e+00
1.545741728596256248e+00
3.607266221524249028e-01
-4.184651941575144307e-01
1.578221161502831205e+00
-7.049400682763588000e-01
-1.594366182141899735e-01
9.585664338542531082e-01
2.352817810600831727e+00
-7.581291922104763104e-02
-6.930021404975093002e-01
-1.048515234525541295e+00
7.811813027777230189e-01
8.794805335152175996e-01
8.089490112134797295e-01
2.952219108030236239e-01
-6.905915133840094811e-01
-8.992554407320559884e-01
8.388131091095367420e-03
-9.830158559253122652e-01
5.428003226819082261e-02
-9.468457171815494178e-01
2.340755879311901266e-01
1.913851318151371106e-01
-9.705734571140472999e-01
-3.073422332519674116e-01
-1.597921210584894336e+00
-9.494953867063229414e-01
7.737771444923089437e-01
-1.752729701194980505e+00
1.295913945882041896e+00
2.949796703147314902e-01
3.131690175919241148e-01
-7.368375734535260735e-01
-1.280599232199857607e+00
1.320928322137713051e+00
-1.020543993895080659e+00
-1.979646157197713641e-01
4.712508830934075688e-01
-4.292849079508357368e-01
-2.392637535387259096e+00
-8.831601062185466811e-01
2.122982608884977918e-01
1.259548015550391531e+00
-1.039514945530584766e+00
-6.425851908161095416e-01
1.035189829111052617e+00
2.256207943589166875e-01
1.887394464424204943e-01
-1.462946583008361445e+00
1.011101221822167551e+00
-3.427538487916813037e-01
1.671484624398300145e+00
-1.199573327554570301e-01
2.907928354445316055e-01
-1.297335732649431139e-01
-1.485789256442893835e+00
-3.565336159634934221e-01
-1.415109076764691221e+00
-4.127624226249123618e-01
1.018029431003034668e+00
9.402252580476671007e-01
-3.833382530757238893e-01
-6.302667159823639453e-01
-6.978927624541237940e-01
5.860445449370466076e-01
-1.992120851357916389e-01
1.778232650058405362e+00
8.776503971923005354e-02
1.628891644157487884e+00
1.520427999991693646e+00
-5.336511644497702322e-01
-1.493375943583120424e+00
-9.393444317456203230e-01
-7.444275539872845515e-01
-7.742568064637456171e-01
8.226909357947760348e-01
-2.244048142735544926e-01
1.827779012898907318e+00
-7.169744654169650788e-01
4.675884328572186277e-01
4.885039464586093949e-01
-8.383396815089091958e-02
-6.082121129134411275e-01
-2.266233011507103878e-01
-1.854270549640180565e+00
1.774959620852264996e-02
7.591380530885366573e-01
-1.489641401388508979e-01
-4.413723060572259937e-01
-2.555097696017523679e-01
-8.389112036531813921e-01
-4.686751703885395637e-01
-1.093208019455479824e-01
-1.751161188691624515e-02
1.263178111297071915e+00
1.108113942202239022e+00
6.396159546756374770e-01
2.394076737846344838e-01
-1.247428571929295682e+00
2.996305141690900342e-01
-6.580092893769966256e-02
9.731059169985442070e-01
2.848271168737858683e-01
-8.717565660276741513e-01
-1.951127622682012230e+00
5.705902167992051854e-01
9.828000766156309576e-01
1.630662761470618172e+00
4.396911619739490851e-02
5.449897159510964650e-01
9.540025175268479485e-01
-1.886881894421894024e-01
-3.149515043970405603e-01
2.165470175921890561e-01
4.136321172311017147e-01
1.058830293329201533e+00
-4.009612540347654575e-01
-9.550541464311589346e-01
7.048636145540647657e-01
8.175994574502245538e-01
-7.625916072904561638e-01
5.075251905641900985e-01
-1.141048710047357861e+00
-7.139887544938320341e-01
9.486365748877827464e-01
-1.251699057945555804e+00
-3.382780976740680234e-01
1.359597474776773618e+00
-7.461000557541405120e-01
2.730052735523018637e-01
4.266425645116412868e-01
9.459134852791007964e-01
-1.933879321568802712e-01
6.569635911509956738e-01
9.363505796151049276e-01
-2.695552034147417897e-02
1.045715766823424708e+00
-3.870327446697621188e-01
-4.242260125702516094e-01
3.269841188446644398e-01
6.226623812874658714e-01
7.435531470032591406e-01
4.551673272835844997e-01
1.405679336881916042e+00
-2.986726522691439123e-01
1.088288237766271482e+00
-2.387209110793924727e-01
-3.098419951539936879e-01
7.752904329623860891e-01
-1.843177033686989597e-01
5.385128507124938846e-01
4.260107820288623892e-01
-9.409672760165410654e-01
-2.061022384087086490e+00
-1.741693870591155546e+00
1.131815725771182057e+00
4.132662867859461242e-01
-7.917921994223402482e-01
-3.605105522013913877e-01
7.491558173049172042e-01
-2.257120615176898326e+00
4.312621858031958078e-01
-1.896836326467198575e+00
1.476599329530135840e+00
1.109997673801492502e+00
-7.261128200804436439e-01
3.706769694693178296e-01
-1.136057711381031954e+00
2.084658578380821359e-01
1.286213361928612020e+00
1.173474835924644299e+00
3.325477297553368072e-01
-9.654858123175730222e-02
1.357677473380903277e-01
7.119925439843789033e-03
-3.982008092206268945e-01
2.892162262497360858e-01
-3.026980674536979832e-01
-7.439052922838932380e-01
4.558823341241154403e-01
1.061997204496586633e+00
1.527986710236508838e-01
8.990393286708137088e-02
6.749473066589234405e-01
7.715793696575204974e-01
-3.731310881960909348e-02
-7.976703319662044045e-01
5.963118115716717904e-01
3.329281201093977627e-01
1.135248159837659809e+00
3.441189952541752750e-01
-1.487839378089806930e-01
9.052629669668109669e-01
-7.562753986607085865e-01
-4.769231323392159605e-01
6.997168067622171472e-01
1.298222938777878754e-01
6.722953069695420947e-01
2.120811017608752458e-01
-8.199493629211158652e-01
1.003678613530920860e-01
-4.354069920714601083e-01
2.511690594015731498e-02
6.386846552096545615e-01
-8.903449991419273846e-03
-2.724512368807340823e-01
-4.055158521079890166e-01
4.626331979561286722e-01
1.755517467517540453e+00
8.233405776997985148e-01
3.842972565808672192e-02
8.824902252893715993e-01
-1.633628639589700948e-01
-3.832492585242570637e-01
1.456668336615609016e+00
-2.307490883091777301e-01
1.078490552280096659e-01
2.404601757080674362e-01
-5.636236195000993154e-01
1.453853502835307898e+00
-1.545115336056683830e-01
-5.017847475565852255e-02
9.957712712568622671e-01
8.852089855190133916e-01
-3.005312473501063897e-01
1.037917105003867135e+00
-1.581311418992577211e+00
-1.710184135212155787e-01
3.948205265832989419e-02
-1.190575068306175988e+00
-2.503285465008767696e-01
5.248534938007616280e-01
7.287990345174456819e-02
-1.519674258874447625e+00
7.118322638558244320e-01
7.817371320969946913e-01
1.428770619446837031e+00
2.081076941291402638e-01
-4.642093332238609871e-01
5.259099122807722737e-02
2.425142095552333399e-01
3.132581943864938268e-01
7.300505180868599453e-01
2.329661531438668998e-02
6.953930469954236471e-02
-1.232135187917729802e+00
-1.488675073600091325e+00
-2.901352687014807641e-01
-1.473405158310981289e+00
6.980814725371425888e-01
-3.861480426473751781e-01
9.737290684639681171e-01
9.907173191272776736e-01
-8.576678121881589623e-02
-1.805059489226877312e-01
2.734336110373776219e-01
-1.034943153611593836e+00
6.882138335171642529e-01
-4.329902165704755390e-01
7.233597760660803733e-02
5.111920011925401991e-02
-1.477613908172117796e+00
1.044601215407384931e+00
2.762887834987501345e-01
2.483783174078422751e-01
1.125815098532888747e+00
1.764354232304763681e-01
7.004388329397350788e-01
-4.716218923196505153e-01
-5.587781206572843828e-01
-8.448989277844102253e-01
7.118874854010506237e-01
-5.919008403939527430e-01
2.062481822956501176e+00
4.530729976350112431e-01
-1.303212393173769079e-01
1.128974458103650103e-02
3.445810609449239531e-02
9.811473813038101843e-01
-8.176627943640926155e-01
1.066338472442728280e+00
8.190321766869568254e-01
-1.069071632203698330e-01
3.325478576796486035e-02
7.803662157071885597e-01
6.394291071103276325e-01
-2.633374688566913480e-01
-1.078894291302812336e+00
-9.469604300586635937e-01
-1.317539290312456535e+00
5.172263902331378227e-02
-1.605483651640797538e+00
-9.063729805610869494e-01
-3.359461897887960902e-01
-1.949660005496015813e+00
-7.339176724278557717e-01
-6.386428542840660860e-01
2.689330556937425065e+00
1.535086597370506789e+00
-3.053091091227731368e+00
2.003426905529368973e+00
3.191397093354030878e-01
-1.365813608605473517e+00
-1.828884275351145006e-01
-1.987719037466266769e+00
-1.485941173168006668e-01
-1.010673345383624522e+00
-2.724457541435394869e+00
-1.800712903481806126e+00
-1.212557801370721389e-02
1.930037257763368874e+00
-1.105256291443871275e+00
-5.017360966416852808e-01
7.652968004220057630e-01
-1.185729879393909059e+00
-4.181860755991886336e-01
-6.762438296365336221e-01
-8.117000565626120157e-01
5.441046732081723514e-01
3.401927971411984775e+00
7.333777395556759782e-01
1.658962446500650723e+00
-7.821352419935241329e-01
5.010086300487180955e-01
-6.913248773355353816e-01
1.374565333924902544e-01
8.977441399050201110e-01
-5.325883682888556958e-01
-1.468147235573781684e+00
-4.147229359214569255e-01
-1.059050502544658157e+00
1.118102420411609677e-02
2.406053314308380653e+00
-1.505316021214073263e+00
-7.236870758044197105e-01
1.014152788360807911e+00
6.837430753473565659e-01
-1.977272742276252881e-01
4.825923091715608182e-01
6.197789974720607775e-01
-6.791332010912207728e-01
-3.627717182407683150e-01
6.160211841100072805e-01
2.285285934580538469e-01
5.794586551226630355e-01
-2.355356541758804323e-01
-3.350591849769947173e-01
-5.814596729752511406e-01
2.285848746057265457e-01
-5.884027016381153663e-01
-6.852884019052439823e-01
9.903327159880547237e-01
6.007119324129176485e-01
-1.924125427061890714e-01
-1.496213145502606201e-02
-4.641280182156696799e-01
-6.770809536213231450e-01
-1.660786931613241979e+00
4.326913206359153663e-01
2.356443700587606549e-01
6.334270971640648673e-01
-1.236365775510153142e-01
1.651970914393360509e-02
-1.079748299050233007e-01
1.823006240105116582e+00
2.322477614982352834e-01
-8.150336225984486926e-01
-1.550768892029996682e-02
-1.103271632085426113e+00
4.916745911969166993e-01
4.748401135352525726e-01
-5.298728902765769133e-01
-3.168447632180701468e-03
4.516654315742323900e-01
-1.003066538214762327e+00
-1.052456866648492362e+00
-4.993530319060309752e-01
-1.650139272026845960e-01
7.302978787425179474e-02
1.173573832212955192e+00
4.390303331669724307e-01
6.280069404990383797e-01
9.551992203829592909e-02
-8.392629239694186782e-03
2.043180322611659605e+00
5.156967716517489864e-01
1.084620565171770384e-01
7.346341750863472075e-01
3.347099220326559266e-01
-5.261355846096894551e-01
8.598560589703987400e-01
5.634408216088127030e-01
-5.770680168583026681e-01
-3.153370222851351601e-01
2.415729051577781561e-01
-5.342256014238500050e-01
7.443121087601815011e-01
4.061586078523207188e-01
-7.822719220234426729e-03
6.648401593678449073e-02
-3.543451155474692249e-01
-5.000244489004855575e-02
9.676946140034649035e-01
7.106379356579055617e-01
1.153588260382202524e+00
-1.860450481924720290e-01
4.147222865229622801e-01
-6.323370089694011487e-01
-6.141223327933664766e-02
-1.347882760309691563e-01
8.948069233182222026e-01
-1.972896089695845290e-01
-2.482641932216207437e-01
6.404540965893513738e-01
4.073634770033817687e-01
-1.735867872224453046e-01
-1.059111270244543990e+00
1.711651977302630634e-01
1.105742607434216263e+00
-4.929084912213202441e-02
-7.916643182422293812e-01
1.770485535408773181e+00
6.191111601985282986e-01
-1.573554184396961930e-01
-1.889645494448677354e-01
1.003168684488815882e-01
4.340827108710420545e-01
-3.597565395240711617e-01
2.852065725644783445e-01
4.214873019086241013e-01
-1.463001899708818443e-01
-1.332493478516495744e-01
-4.492334259976082933e-02
-2.244661270282983234e-01
-8.940920431760721043e-02
-1.575217500461276871e-02
1.351898399311063814e+00
-1.800606525221613574e-01
-1.015553241932767858e-02
-4.508048273752333079e-01
-2.277177111395221054e+00
6.390012677995691170e-01
-1.085130239320886592e+00
3.365108676749245520e-01
3.323735086604987510e-01
5.013185017707109115e-01
-6.944882825197026266e-01
1.550581879072275571e-01
-3.404436401165356618e-01
1.239968142331126399e+00
2.394890808953976657e-01
7.554938581252798047e-01
6.994024828826990170e-01
-3.228531611272040247e-01
-9.538121068005697145e-01
4.687915108383951535e-01
6.887932860863185125e-01
1.031768704690136512e-01
2.335428565684837254e-01
3.598916855929464309e-01
-2.865748798811556391e-02
-9.032925327188690012e-01
4.096625193790492392e-01
-7.866500751294607241e-01
-4.553305980067453573e-01
1.602668135770879188e+00
9.018950929554623297e-01
-5.344955080697911393e-02
-2.598004267926917743e-02
3.844796106641893974e-01
3.316536720052151721e-01
-4.549074616733635446e-01
3.227924999269600193e-01
-3.466973989723804106e+00
8.194369635700531340e-01
-6.983872070044296887e-01
-1.602752304888639401e+00
-1.690082765761525829e+00
2.700476497099763673e+00
-7.756031356471494442e-01
1.137385642369126204e+00
1.090465459974668594e+00
4.300483797710661360e-01
-1.453208339792745996e+00
9.700659187058076061e-01
1.799484083101009491e-01
-6.056788553352497884e-01
1.280644915878742962e+00
7.246361580938309732e-01
1.152497463665865141e+00
-4.508804403152575357e-01
2.549518750105880249e-01
1.912444700115477347e-02
-6.644449111508521355e-01
-9.125680356284894268e-01
1.015091846233728612e+00
5.550136497753273002e-01
-2.487959752904139732e-01
1.028412767335253886e+00
2.806369214315295735e-01
7.569562382330177197e-01
-1.850100074223907931e-01
6.431139705409056884e-01
6.206809210347494776e-01
1.206173385891170957e+00
-7.819182965792750850e-02
-1.002049535208260067e-01
3.675042723385425064e-02
6.552956454893602567e-01
-2.693402003483068574e-01
-1.772262130822318815e-01
6.557566442186288924e-01
-7.248239808289186348e-01
1.923236595113696767e-01
-4.022924383534512982e-01
5.794310004541676218e-01
8.576362383665986355e-01
4.504361252027274665e-01
-3.725353818217210788e-01
-7.154167380705463153e-03
1.199174317862073069e+00
-1.109657929506044027e+00
7.389037026279713372e-01
-4.344759506010398287e-01
4.016696747968626080e-02
1.229817334408637386e+00
-1.111751439933028052e-01
3.952857645955387134e-01
3.967436130146281270e-01
-1.529190285879919453e-01
-5.793121934266145523e-01
-1.692245809650018695e-01
5.959171669529580301e-02
8.322289596667648004e-01
-3.811858278251702981e-01
1.143704668893085641e+00
-2.010194848543283563e-01
-4.802809372693835066e-02
-1.053806247327433665e+00
2.336669744566836904e-01
4.613313720559981124e-01
-1.069359112258033706e+00
1.272157445613383953e+00
6.467546818444728229e-01
7.385389074199325554e-01
2.136149374082729757e-01
-5.606235422531503643e-01
5.865605802282600756e-01
-3.028886852030865384e-01
-1.756276837536704660e-01
-2.624789101463233520e-01
2.607999529056136412e-01
-1.210039856410104475e-01
2.061138289264175527e-01
1.189695069183811738e+00
2.486306442733443589e-01
5.629994165997699307e-01
-4.740442084094514952e-01
4.342658772952792123e-01
1.156477679095953004e+00
1.731014499742956070e-01
-2.749954820497772512e-01
2.327788715602790992e-01
-1.752302264678781696e-01
4.121613235026183597e-01
-6.083842193205474258e-01
4.928690570650590685e-01
-2.079827642691896905e+00
8.533484826617819541e-02
-2.181604845761236255e+00
-1.143000017027406612e+00
1.519025445328221702e+00
-7.547217925187421628e-01
-3.313838093059848222e-01
1.766191215549345606e-01
-1.888245454530800282e+00
7.593207465211407325e-02
8.028022979767035494e-01
1.291398891831638363e+00
-1.750654125810118034e+00
-5.903120977472614550e-01
-3.050413304745845933e-01
-1.699147162323836113e+00
-1.903238997195678905e+00
-1.428505798025929252e+00
3.202743690353438977e-01
1.730323092829720855e-01
4.168299036932753276e-01
1.977842317467659372e+00
1.769222236211657195e-01
1.254038023308846839e+00
2.082946253247247859e-01
-1.434115246472491778e+00
1.235313041844436688e+00
3.575902895258225023e-01
2.127129369447108509e+00
8.133149931236067776e-01
-5.785355955945956641e-01
4.732365117077898531e-01
-1.769262151639044101e+00
1.143022254221014666e+00
-1.459576404987561749e-01
1.009592505027308906e+00
-4.175887770162181045e-01
-5.123297576930773145e-01
2.145173102127002629e+00
5.898730786424647432e-01
-2.385798118412120750e-01
8.146704528021334601e-01
8.197219258773993378e-01
-8.226998107499124135e-02
2.179562498867289921e+00
-5.691429413810479288e-01
1.425957593303030180e+00
-1.729403889336423861e+00
7.547958233521090410e-02
1.594220863478902794e+00
2.503930550546263345e-01
9.594721295031459762e-01
-3.279753961643708804e-01
-7.808518703523262827e-01
1.775037001638199163e-01
-1.031987602626401213e+00
1.198424889679057470e+00
-1.025124540107978932e-01
-1.693584274931126954e+00
1.348229793788767283e+00
-6.151247870610051377e-02
-3.244150876089066937e-01
1.735963345339132990e+00
6.347591551436686519e-01
-6.406371404111952383e-01
7.980148520343074425e-01
-9.558777504892674859e-01
-1.042741385349154504e+00
1.257461865350100405e+00
-1.085860677615445580e+00
-2.918228979225104269e-01
4.647497363974602003e-01
-2.432646992799757601e+00
1.003181999620743170e+00
1.474024119653467579e+00
-1.936854120921368272e-01
-1.834957980493786778e+00
-1.474912929736863498e+00
5.685304270364738288e-02
-1.957440336527817237e+00
1.510874013973605712e-01
1.839657283126682641e+00
1.627796200644816282e-01
5.758435830430991276e-01
1.247503991016381403e-01
2.360302065133415284e-01
1.403183125107581253e+00
9.652446127530234232e-01
-1.298968062157776493e-01
-2.863000050374550076e-01
-8.013271135195190187e-01
1.829031808561115691e-01
-1.684306971982584500e+00
-5.056989460220028265e-01
-2.249065644604322234e+00
1.028848945723046082e+00
2.602661535472516885e-01
-4.816010624868354018e-02
1.059877993707788235e+00
4.277056609209280436e-01
-8.759905713385196524e-02
-1.007992707361876850e+00
1.796487809121944945e-01
-1.643650126671989620e+00
-2.102182303247714934e-01
1.115137089754147492e+00
4.288457874713904050e-01
7.044807874469404263e-01
-1.185179796546599773e+00
2.780525497200337925e-01
-2.135915411113963547e+00
-9.108073329715331568e-01
-1.609374942811182541e+00
4.166753932154775852e-01
-1.429087177122847274e+00
-1.925992163812064728e+00
3.155359018094385348e+00
5.083052796112424998e-01
5.803418590639040087e-01
4.238456883884526016e-01
-8.195436433988316782e-01
1.123680470049867708e+00
-1.738141828737670203e+00
2.050388272789800403e+00
9.493093829446809240e-01
6.052005833077244157e-01
-9.665100655910909833e-01
-6.903079048837252873e-01
5.556886596125394373e-01
1.171585689563037880e+00
4.542908950959262393e-02
4.076604818840676714e-01
1.775070593125470664e-01
8.409167466263442470e-02
4.310546267846178670e-01
8.555804153936572010e-02
-1.706404268354816622e+00
8.453682994974184295e-01
-8.591091429463026952e-01
6.258644723888163730e-01
-1.422645464390499104e+00
-8.509137840967391231e-01
-1.823461425029458738e+00
1.906483959651462001e+00
-2.512875421944496535e-01
2.584783300369736803e-01
-2.243273392753173112e-01
-1.891890412145305289e+00
1.661307663098215759e+00
-2.759327351367510950e+00
2.072321137731069074e-01
1.954898242431497124e+00
5.316196555359350984e-02
-8.785577326311431179e-01
-2.195436011397219334e-01
5.409210981035171839e-01
1.514374607649656257e+00
6.634382557040436890e-01
6.711269188972943667e-01
2.440129236054742190e-01
5.822520465935889789e-01
-7.190609770340761209e-01
9.180123886763963403e-02
-7.682808676462492548e-01
-3.468863399119185287e-01
2.526103046327904944e-01
1.119774339969777932e+00
2.836683932131039976e-01
3.743881708671416564e-01
4.597908497863439359e-01
-5.256620613493454552e-01
-3.111884250736329793e-01
5.845735220587131575e-01
4.707638017111335227e-01
-1.579094936427272389e+00
3.481558590661147257e+00
1.109648473883944719e+00
4.447176335525063195e-01
7.689417994688764468e-02
-8.077856797093898589e-01
5.307615353345984666e-01
-3.862881195851657762e-02
8.273729478844380480e-01
-4.585482900753960478e-01
1.140808941317025482e+00
7.124821128498441958e-01
3.182877678649950193e-01
-5.431022404951305060e-02
-8.878346456539799592e-01
-7.962045294362374293e-01
-7.064453069964935494e-01
1.408032410944015655e+00
-1.010486103682877612e+00
7.902577655018520053e-01
-5.392361989042567805e-01
-1.496714056596895270e+00
-1.085862892061268070e+00
2.121593564615618543e+00
-1.040564779215688018e+00
-1.662380245855940908e+00
-7.645126987844352850e-01
1.627595933928839000e-01
-1.710382965333876459e-01
-2.288148340028060834e-02
7.317629882359849569e-01
-1.426290292269303928e+00
-5.510299387072906674e-01
-1.674152329340160783e+00
-5.846921446842015535e-02
-4.317879872480417935e-01
1.528114720794499615e+00
-1.602276945959120846e+00
1.441149060742729637e-01
6.528503104943796931e-01
-2.910818868299147155e+00
-1.765652939519140707e+00
-4.189618477813673580e-01
3.180915493479594125e-01
4.808506634651846801e-01
-1.306507852306673378e-01
3.355202780855450762e-01
2.430428357228336111e-01
1.041652227088125215e+00
-1.637457445139804735e+00
-2.198709618422721446e-02
7.467333782481943016e-01
-1.031023783284590545e+00
-5.415248636007508054e-01
-1.934808005976308642e+00
-3.321334850448756648e-01
-3.505242307766186505e-01
9.479561547422188372e-01
1.609069302077541730e+00
-2.810085035804144038e-01
-1.492095192374379931e+00
-1.840200467002720330e+00
7.012254071787060727e-01
4.672859241153807242e-01
-2.141606104347732464e-01
-1.750649331957508048e+00
-3.583934757977136343e-01
-1.198254994477158109e-01
5.177806938684846871e-01
-7.879902814691547297e-01
-9.575652251056904207e-01
1.666613393891872019e-01
1.421528694352775180e+00
3.798409285364838239e-01
-1.271970594626770090e+00
9.198680044707363557e-02
1.041891532985818047e+00
7.196467478262340567e-01
-5.600495482440803752e-01
-8.994881328129168407e-01
-7.428088917999330354e-01
-2.242970690338796480e+00
2.699169771147410524e-01
-1.350882122434683197e+00
-2.277180751880880205e+00
1.316277644094643762e+00
1.525556712482400545e+00
8.835587510283848811e-01
-3.104460294627505057e+00
-3.714921518404038725e+00
2.339829184074893043e+00
4.490569162811502757e+00
-1.603332606549980444e+00
-1.192639032400446331e+00
7.448068513764309895e-01
2.318464279469749645e+00
-5.260956425506420064e-01
-4.042655684516877734e+00
4.379703114878150672e+00
-4.617915179687025251e+00
-2.210550402257501990e+00
-2.570639948968648447e+00
-3.817890682337059971e+00
-1.280780302274434623e+00
-2.832324290983726733e+00
7.275194267444218710e+00
4.871040455403584102e-01
-5.032369571935896957e+00
1.816873259204143665e-01
-1.585732243098243899e+00
3.801586392196369957e+00
-6.771108075806124837e-01
-6.689281566803400025e-01
-1.636442363618230367e+00
-1.722585485769111413e+00
-1.086132101509738490e+00
3.502972943915172443e+00
-4.579001809138412149e-01
1.894876262918610887e+00
4.318292439667085203e-01
1.797857656738718113e+00
1.348277481156241464e+00
-5.660587468486557583e-01
-1.912991913672742905e+00
-1.066656013962834049e+00
-6.750693864067691674e-01
1.662738588750114044e+00
-8.529285488531019865e-01
3.531741527416773163e+00
-9.256915104704493968e-01
-5.045640156312685143e-01
-1.699654980466212439e+00
2.228500201649570744e+00
-1.994038177246302279e+00
4.619179156302012146e+00
-4.285344211538211212e-01
1.599070576909053631e+00
3.011817482558336589e-01
-2.038620783164168060e+00
-2.042086958394609963e-01
-5.234424517350222406e-01
-1.498700456553718752e+00
1.168627887765757711e-01
4.604114265510456327e+00
-9.645762713300187752e-01
2.486709175875078337e+00
-8.703257955271648250e-02
6.993896061933141395e-01
-2.075548014598990854e+00
1.681218702266608744e+00
-2.741346360853530451e-01
6.721349242222446341e-01
6.033822299750161156e-01
-6.040985167977193093e-01
-1.042046746454665218e+00
9.981860014183301377e-01
8.599629015807651600e-01
3.929659444547307423e+00
1.739376330328999076e+00
2.067974726663449836e+00
-1.340634814756412663e+00
1.831142440945941141e+00
-6.531239238931803026e-01
-2.969663040872026816e+00
1.484835093563285080e-01
-2.441717273381613484e+00
1.653054292847605744e+00
1.441522377289753964e-01
-2.719201608963663475e+00
1.186624913684267479e+00
-1.428433130045686728e+00
-2.254410775520664378e-01
1.958573703378349240e+00
-2.477929439508776976e-01
-9.120806062550288473e-01
1.636241241598793250e+00
5.202368848272748147e-02
8.869942802879627886e-01
2.666007364582568151e+00
-7.205359840377758562e-01
-1.220979659169284082e+00
-4.528586733079185689e-01
-5.344950981522972322e-01
1.433004136036586607e+00
-2.267976042490997823e+00
-9.421729511241414001e-02
7.406576838209930069e-02
-1.251404446965646677e+00
-4.197204352940341887e-01
-2.691890390190555815e-02
-3.766042809222255316e-01
-3.212374197252815478e+00
1.329631294603197678e-01
2.456624705144363929e+00
-1.546826032536478435e+00
-7.016849500950095297e-01
-8.514925249946256880e-01
2.453073609414691880e+00
-4.842939004663369129e-01
4.881707475670022389e-01
-5.049159745470154226e-01
-1.009230173905076189e+00
6.779526120985208681e-01
4.582618706036395428e-01
5.602166802271768553e-02
-7.043238571789067759e-01
3.235548916018162302e+00
-1.596979684084602225e+00
1.461083306554168404e-01
8.917576386296786062e-01
-1.150156794560369011e+00
-1.918931507871474818e+00
-1.618845770106976389e-01
1.080839681485614268e+00
2.181533097927224940e+00
1.001053761378234652e+00
-2.026631842161723540e-01
-7.460657227458817875e-01
1.755747183879917683e-01
1.611088020915480090e+00
-1.609976731999069877e-01
-2.179469674446499472e-01
1.135596726665104583e+00
-2.285577043715562584e-01
-1.542237612897864985e+00
6.244465343351224274e-01
1.061752571114823462e+00
8.457843836900504897e-01
-1.469819517787645635e+00
-3.374638596731549534e-01
1.297512847484665555e+00
-1.153957422277125111e-01
3.550176074162207485e+00
3.558615364815397308e-01
1.072103025217481465e+00
-1.413006542592007309e+00
1.492869695785701500e+00
-6.739041901072481133e-01
-7.482313947753403971e-01
-1.950254887717275398e+00
1.856848470334742096e-01
-1.166792882239226614e+00
2.186710051522641418e+00
-2.156925174599551021e-01
-2.517306526079508555e-01
-1.545005538311999826e+00
6.016725388937256280e-01
1.328333324562189111e+00
2.056833498467221244e-01
1.876118737512040280e+00
1.851511626042211756e+00
-7.041710215796614936e-02
-1.606458482649305575e+00
1.926590834467644342e+00
1.387046521325666082e-01
4.384639487706463168e-01
-3.053079306975473584e-01
2.619202388229440182e-01
1.194769121124880928e-01
-1.404167118992219576e+00
-7.741244326054124159e-01
-3.938142591097530398e-01
-1.772467688770472671e-01
3.702193016417620330e-01
-1.973701852892389530e+00
2.849813602905768573e-01
-7.509208988331431134e-02
2.096658330223900357e+00
-5.292231682037538271e-02
8.211604767203379840e-01
-5.696352405527257412e-01
-4.374912934155557598e-01
-6.379502439873325770e-01
-1.367176823716728773e+00
-3.368331684064685971e-01
-1.583514437346677517e-01
-2.995467102031280082e-01
-7.727963360189922248e-01
2.650557817915293768e+00
7.689474959533316722e-01
2.522896870614002029e-01
1.184418616483473574e+00
1.208727903260786163e-01
-6.598443273619780669e-02
1.282253600188080656e+00
2.814022920033070196e-01
-1.178070267605091231e-01
-5.766537341850390408e-02
-8.941031420749326886e-01
5.874679368921913447e-01
2.143041174060924259e-01
1.303169459221783733e+00
-1.759273098632709031e-02
2.780461424974604578e-01
-6.817500880926901097e-01
5.365171485487332248e-01
5.011856833904323461e-01
-1.114571789373699495e+00
8.209346313465266665e-01
4.056013496368861548e-01
-4.757698105049711357e-01
-1.428859325502074284e+00
5.988666944157778893e-01
2.421925500632093886e-01
6.047928685358580081e-01
8.683768594144485320e-01
6.565185690110705852e-02
-2.707540603025644921e-01
3.346944099969098030e-01
-1.032706918991754819e-02
-1.005987926409352140e-01
-1.000709485164044121e+00
-6.437312369001066958e-01
-5.335299059707439007e-01
1.422598286103095022e-01
1.003857981511264041e+00
1.305789833466920014e+00
9.871095867024766435e-02
6.287085740098823372e-01
-7.389227699906078528e-02
5.915427259272239002e-01
5.060050559534663428e-01
1.153942952881289230e+00
-1.506086152932104294e-01
3.452821335546542025e-01
1.953183053234222588e-01
4.916167774657570488e-01
-8.798751206112285228e-01
-4.099379895718784361e-01
2.257813759192973946e-01
7.410179480529793805e-01
-1.153219756913146099e-01
2.117923631235208992e-01
-3.046444101784086533e-01
1.036533519543385795e+00
2.902386465453531406e-01
4.898941769581824368e-02
1.087556353073499960e+00
4.134652905583338089e-01
5.438270213574514234e-01
1.311974875515619976e+00
4.827705968193629626e-01
-3.082537277136402354e-01
9.632211192548434386e-01
-1.589026738952516116e+00
3.276084560098629916e-02
5.165561766596293847e-01
-9.240359113879068609e-01
-1.746878074040190798e+00
-2.708429637865368278e+00
3.037166612919342867e+00
-1.990504368900247290e+00
8.972327965224413671e-01
6.471736670398122726e-01
6.078377675873742891e-01
-4.397815639773012819e-01
1.492837498194237389e+00
-1.106199845829985290e-02
-3.561741231037753030e-02
-1.372376748857003559e+00
5.575318936805888637e-01
9.420921527367172033e-01
6.162530604992622063e-01
-4.645115726353275520e-01
-1.073626126140260484e-01
1.801411038731789982e-01
3.234431807252372559e-01
6.341735550490431583e-01
-5.519887820714552973e-01
-1.434510128922379946e-01
1.151800785707113084e+00
6.785092640574982847e-02
-3.053592133389215202e-01
-4.594746203277582097e-01
7.551561073692991677e-01
-8.307610783710738245e-01
1.115589301645554393e-01
5.539413208434333935e-01
4.896561184338653061e-01
-1.647491240686189962e-02
-1.441595588737272782e-01
-6.118795580385683053e-01
-1.213695164322210251e+00
-1.485348823796164008e-01
-8.352082127692227465e-01
1.120145947471387737e+00
6.803871246793019578e-02
3.323096998815189829e-01
2.996248283857629313e-01
2.453624462721490929e-01
1.250547676142061304e+00
2.898884336397430928e-01
5.882512342062539146e-01
-1.843369838312300113e-01
-4.021538763556914420e-02
7.211267672680260477e-02
-2.603757753922778528e-01
2.213638033261752791e-01
-4.356686761378166795e-01
-7.041400941158567628e-01
6.370660063918038851e-01
-1.293279337319964251e+00
-1.558279997910930526e+00
-7.607466953288213873e-02
-7.725716887833761204e-01
-5.448564585725041987e-01
4.009347024099214063e-01
-1.804081339036218978e-01
9.439848237861385716e-01
5.375909923784633060e-01
8.632547615953900522e-02
-2.397782224261801431e+00
-8.355105429191593824e-01
3.404505557246949587e-01
1.258019957383331056e+00
2.298152678422496764e-01
9.972809520841869890e-01
-1.250653310722169287e-01
1.155511815549816523e+00
4.478527593831580500e-01
-7.067510978191077209e-02
-1.483744898642780918e-01
-7.589891915467670280e-01
-3.173772976835102511e-01
1.369524131028801994e-01
4.287517935593645468e-01
7.472420357950890768e-01
5.518689671332990265e-01
-1.812888694777095300e-01
1.326378794312202125e-01
9.158882909015321205e-01
-9.722749096010988024e-02
8.530347300977924041e-01
3.070779958255904218e-01
-5.806531985617562758e-02
-4.520609167441642651e-01
-1.709339404048888234e-01
6.741345127736304566e-01
-2.133373312390208221e-01
1.233264526702002040e-02
-7.261347490438515573e-01
1.368244197199713075e-01
1.983729035434329824e-01
-3.745562180989042145e-01
-4.164564377068518120e-01
1.855644094986438342e-01
9.809575325293899972e-01
-1.914273936965878165e-02
3.894054868210817810e-01
6.551834535007972082e-01
-1.101998551375118762e-01
7.776549477874182825e-01
-2.100358657099148929e-01
-5.464074839129315908e-01
2.022088123393612213e-01
2.215224156290140911e-01
-5.421037698738178090e-01
-8.768562698850523862e-01
-2.527621940858679195e-01
1.119549180036680247e-01
-5.220142548231872237e-02
5.039807123911656250e-02
-4.775832404683750254e-01
-1.851234254694627435e+00
9.484829338778331953e-02
9.800219815015711600e-01
-3.725615313624668357e-01
-2.363452303818864286e-01
-1.728365800367113847e+00
-4.658346729370281547e-02
-1.398880844049997574e+00
-4.214154284678161000e-01
2.250534753271903554e+00
-9.885552916874138507e-01
5.152154805428184048e-01
-4.666424978095196074e-01
-1.126023021987611950e+00
-4.693389232725719840e-01
-1.587301119775470504e+00
-1.138594500611491256e+00
-1.565135194216335401e+00
1.558468012071126729e+00
-5.821892093495879550e-01
1.018592383756975472e+00
1.836589772365173845e+00
9.745325557529313509e-02
1.061892456437208421e-01
1.276019692391082261e+00
-7.988570031459228948e-01
-2.945979086568253913e-01
1.063421152518072788e+00
-3.824672970471500455e-01
1.326008542945076529e+00
4.791026273966065840e-01
-9.419046914315745700e-02
6.760829876531124771e-01
9.926884221857318336e-02
-3.336746898051765053e-02
3.734407878259244917e-01
1.412775133870236011e-01
2.145210540901154039e-01
-9.799243057612373464e-01
7.134344329722358546e-01
-5.590366036709452091e-01
-1.858320112874670027e+00
-9.382514117918268060e-01
3.037453045976628574e-01
4.798133397441873282e-01
1.057582185938323871e+00
1.899283490079746173e-01
-4.465038144025162969e-01
6.550000055863159920e-01
-9.746265644475207712e-02
1.561217271814167862e-01
-8.681818986190364962e-01
9.886742309872948997e-01
9.576382359465740457e-01
1.266108236780209839e-02
1.253548422675134111e+00
6.953638571864633189e-01
3.014822252808069813e-01
1.905483700850806872e-01
2.117187011639957983e-01
1.714964354789365042e-01
5.536339837631663041e-01
7.830386692053199482e-01
-5.156876152740312858e-01
1.406855739611438394e-01
9.516669622030340947e-02
-2.977570403351988415e-01
-3.312783828247437001e-01
-5.336247010612338304e-01
-1.255789477009305433e+00
4.547832942087902397e-02
1.246828314750465794e-01
2.344148370693119043e-01
7.356939935005800679e-01
7.437012193058900600e-02
-5.623057905035188098e-01
-1.473355941385279810e-01
-4.765927396967764018e-01
-6.341826985916422244e-01
-2.454771085130986741e-01
-7.835752306681067481e-01
1.367747897347910913e+00
-1.080762902033529205e+00
7.834604097508500731e-01
1.655052243863971873e+00
-1.379437688392893269e-01
-2.603218195411249880e-02
-9.381368547375554257e-02
2.867614118058680606e-01
1.334788364283870654e-01
1.125358652110650670e+00
-3.393817186317717449e-01
3.202518404775658301e-01
-3.610608002018330653e-01
-4.526620868305133993e-01
7.965613652460727945e-01
-3.374127042254327913e-01
5.659085191205516230e-01
-2.088501102076175675e-01
4.908835045225224403e-01
2.067128005148092529e-01
1.214058144291387947e-01
1.999181434102830501e-01
7.538160939479475742e-01
7.703476281537671166e-01
-5.290926298749365486e-01
-3.820686085832669110e-01
6.936524699743374933e-01
1.381811177831999138e-01
4.660247722037429985e-01
6.334615097574058940e-02
8.653971677605425128e-02
-8.819156515909844229e-02
-1.391749513827266194e+00
3.180380768272975112e-01
-5.958599411265933510e-01
-1.162789188632673137e-01
-3.068912444657958399e-02
8.101436466907341316e-01
-1.935583813141483478e-01
-1.042829937799577972e-01
3.117091871175344253e-01
6.475878283636342658e-01
3.066420738857960071e-01
9.325836713880941709e-01
-1.556865234464790415e-01
-1.134367683476865570e-02
-6.634572662082851568e-01
-9.548999067714196431e-02
-3.821130820059039923e-01
-6.551756127636623184e-01
-9.483170388906559944e-01
2.997138259167362317e-01
6.964263925583775716e-01
6.678407660181291672e-02
-8.926667193813702106e-01
-1.314764748553642670e+00
1.294906192110281351e+00
-1.135673860421931414e+00
-2.350914607112618293e-01
-1.003248472853033868e-01
1.293486203389467182e+00
5.474876548078371624e-02
1.763637610876593320e-01
-1.122793639024470824e-01
-1.308222357148903225e-01
-8.370429196872184452e-01
-3.457320745801907291e-01
3.049638821584973458e-01
5.667362580313547449e-01
-1.612855922331789538e-01
-7.190476289782071762e-01
-4.648615240967558515e-01
5.982808229422427182e-01
-3.428748609037621242e-01
9.543003462449506369e-01
2.552689578685075622e-01
1.376501594380674931e-01
-2.931018391808766776e-01
7.991395099749770692e-01
3.149860904522351346e-01
6.447283170413111719e-01
4.184560413416981151e-01
5.982285118143607638e-01
-3.623614546376289769e-01
-3.304964024683831325e-01
1.187346478053858262e-01
1.399640713822430105e-01
9.231304816153764747e-01
-7.106950361647674796e-01
1.670667413799080681e-01
-5.921878484905093720e-02
-6.723007345489481201e-01
-3.858670260628707105e-01
-3.454047364841066337e-01
1.999315532895370173e-01
-6.117328687587674230e-01
-5.207469891770322157e-01
-1.168109393968219223e+00
-8.810627954703752207e-02
1.043497418897052276e+00
-8.779483849536346973e-01
-1.078739707152164051e+00
3.570626270451582873e-01
-1.277648632581157129e+00
1.768810441149354928e-01
1.049404099053452777e+00
5.977473812781626261e-01
-1.383247150699193906e-01
1.103627701933292293e+00
1.272696832984959447e-01
3.988593130541275289e-01
-1.054441331642401281e+00
5.404892260211118238e-01
-2.902999600347654433e-02
-6.406810882975527699e-02
4.304882218332574118e-01
-9.603944730408534580e-01
7.519760473711718518e-01
5.313427217496482502e-01
-1.372107613704963147e-01
-6.457464431585161480e-01
-9.393413835081667607e-01
4.773893336407580290e-01
2.502566372813192497e-01
-2.484232006403179482e-01
-8.297329149468848364e-01
2.021159823779302700e-01
3.765554982766849967e-01
-2.109576433555740427e-01
7.403550585527499672e-01
3.122673113057675698e-01
-1.861652077726101417e-01
1.190354724658062857e-01
-4.680334133200471092e-01
1.480565928273660237e-01
6.221691535528294237e-01
5.408612016897657027e-01
4.898358152818653721e-01
3.957335852090336226e-01
-3.973946721266240489e-01
2.155873603480820966e-01
-3.555186042426839998e-01
-4.328287708250488364e-01
-1.005204810815111482e+00
-3.431325140709612365e-01
-2.591377057427182162e-01
1.990190265012127813e-01
-1.030015940248012685e+00
5.815731554710458218e-01
7.281933088625198724e-01
7.094542237654677397e-02
-6.544191991647246853e-01
-3.998331669008493572e-01
4.440852062481495111e-01
-1.511314106522339440e+00
-5.974592770534864483e-01
-2.486078666244995738e-01
8.545124133517629783e-01
1.841735759001567330e-01
-6.781303096966333488e-01
1.465334834722466784e-01
-6.055467543779730066e-01
-2.647503036034414281e-01
7.019061683786362860e-01
-6.663460205912976608e-01
-4.235528594096564237e-01
3.213715398575065496e-01
-2.655366714219635216e-01
8.254892405322256099e-01
2.306107399219906873e-01
7.974334554495158267e-01
2.325783638792702779e-01
3.126067158827068315e-01
-8.889479749668275366e-01
7.619039705951127228e-01
1.451643433589213106e-01
-9.760490172964751965e-01
-1.801451147891072191e-01
3.605840817480757132e-01
-6.928239502144912798e-01
-6.095961359024399950e-01
2.057641462784082220e-01
-6.857500988046787427e-01
-6.306060215399247326e-01
2.179163209484979991e-01
9.680267628090505339e-02
2.432486103103121411e-01
-8.831435943285281809e-02
-7.003902897871290556e-02
1.731828486802638456e-01
1.103085366980782966e+00
1.814892569974586867e-01
2.163552385536695599e-01
6.662829753850976200e-01
-3.141463438793035690e-01
-2.519005188266559281e-01
-5.789847331740645142e-01
-1.128167980598092202e+00
-5.228342076868204291e-01
8.062304486490047273e-01
-1.035131435313384696e+00
-2.441467344581771948e-01
-5.883575743875202324e-01
1.386555335871885453e-01
-4.821577228768985507e-02
1.103986184419483152e+00
9.271137488718761421e-02
-2.215250966444791136e-01
-4.985626162197995814e-01
-1.022616446193657547e+00
4.189960304200789909e-01
1.354020249187959102e-01
-2.021720187225238829e-01
-1.200603698593257329e+00
-1.291708135822008607e+00
-3.163162210136345021e+00
-5.926028546587677748e-03
-4.436281092572572859e+00
2.529215734599065346e+00
-1.240365255147233559e-01
1.805286649981618030e+00
2.180090406608783948e-02
1.276761684278664211e+00
-5.639084577300492729e-01
5.568928353019970690e-01
-2.001209124291068786e+00
-1.005587741800053170e+00
1.482584060133317061e-02
1.306992750735432418e+00
-5.982628259142729332e-01
-1.419695154143879368e+00
-8.578178173008735863e-01
4.045490338815795894e-01
-1.048080481331037594e+00
2.715561906608350284e-01
1.154662952867977266e+00
-1.793744558985022941e+00
-3.428787965623023570e-01
6.945112582735082363e-01
-2.121153451359153230e+00
-3.237791700364578973e-01
3.259540280927614719e-01
-3.002293719778665326e-01
4.013780195539355944e-01
-7.769894850718059298e-02
-7.651706214087420355e-01
-5.376107063143111819e-01
-2.723504966068904576e+00
-3.253505200868606617e-01
3.310506540696122046e-01
-2.243517473409266383e-01
-1.029006230755855178e+00
-1.289583815188184657e+00
-1.961543364333208306e+00
-4.444735226772708603e-01
1.669156221476052915e+00
-1.337234488771241958e+00
2.087439432876164958e+00
6.209509945864120084e-01
8.621094867338339185e-01
4.913467825511761422e-01
-7.675047224740234597e-01
1.268103545476110039e+00
-4.030127853458189552e-02
-9.531067025181227947e-01
1.064927639183547381e+00
1.754344491822873664e+00
-5.246998369461910450e-01
9.517692234295835885e-01
2.063639194950055877e+00
4.319830516021183620e-02
-9.974573366711152467e-01
-9.121478524643871211e-01
6.723162097348933663e-01
2.138229480104950064e-01
5.761358596772622187e-01
-3.499674217815204047e-01
-1.531118591909120141e+00
-4.437427168812381750e-01
9.584333676946991121e-01
-4.199908982309719652e-01
1.683454810674505642e-01
-1.423336293922478735e+00
-4.802467591572521233e-01
-8.471934943757095660e-01
-6.261374211685062363e-01
-1.001700852800222474e+00
-2.719525502071875045e-01
8.337584026316428032e-01
-9.379098232411082758e-01
1.587554599601042948e+00
1.329635290657149360e+00
-1.189796597742170947e-01
9.644695428733104370e-01
6.621465370580336129e-01
-7.995769594989193818e-01
-1.008151967932639392e+00
1.029040766216520408e+00
-9.482592263000073629e-01
7.528712183878638609e-02
-8.077802355439973603e-01
-2.999711125819536361e-01
-3.920170530110852480e-01
-8.104180488001773153e-01
1.476915782372991925e+00
-2.594911366757995386e-01
7.517815278231084752e-01
3.539178435187194660e-01
-9.887259362861701151e-01
1.972597455258609245e-01
2.596928992134993397e+00
2.314180800084147949e-01
-7.165005944634408319e-01
2.552393501705927381e-01
5.098130663721566203e-01
6.226879442807939924e-01
1.424806793950101347e-01
5.684206218011750300e-02
-8.553396378537097000e-01
1.296412712599676720e+00
8.093632306561718837e-01
1.285858906046296601e-01
4.516689897597525594e-01
6.382418533973327479e-01
-1.787800437859327907e-01
-2.964698849845647244e-01
2.716375601057350320e-01
1.333811461652320007e+00
-1.432045979103234272e-02
3.300552188057738201e-01
-6.429716723097655962e-02
5.707627243553429208e-01
-1.790863952067363318e-02
-2.586344702985238220e-01
-1.365627834918158090e+00
1.358065968690160608e+00
-5.706653334931723887e-01
1.811333801910629815e-01
5.570935586764413916e-01
1.165119826978125023e-01
9.845592834286265305e-03
-1.716865203250255711e-01
1.790147848593298119e-01
-5.533998011650690385e-01
7.540467423305613481e-01
-1.216055321600733180e-01
7.968656057985250563e-01
8.527749242226014825e-01
-4.919757162856470689e-01
-1.431814586131773259e+00
7.727966042033019844e-01
7.859271165648507029e-01
-1.684618743233796678e-01
-1.090064521504160444e-01
1.650048092566991365e+00
-9.129297578731178364e-02
-4.135817548946830180e-01
3.763590330026088393e-02
7.457407003335331241e-02
-2.912866699138641491e-01
-2.882081819181656623e-01
-9.045036902442022964e-01
-1.065406929582332074e-01
8.088403194649589345e-01
-5.194221634478266569e-01
-8.652568211131146381e-01
-2.224390243645110454e-01
-2.346354602178725157e-01
5.530915882742098999e-01
-8.499594182711684986e-01
-5.119171357933961497e-01
-1.644115291318278604e+00
-4.300442208158245516e-01
1.415252792153939954e+00
-7.950962790243254474e-01
-4.126339416717186848e-02
7.358784997060122679e-01
2.705668399911752009e-01
-3.920187343347670272e-01
8.601606269782971492e-02
-7.078425414606490662e-01
3.486600796842670436e-01
-2.524696735470344233e-01
3.300048915090155188e-01
-4.634774913351183967e-01
1.919214633623528288e-01
5.595083982852426807e-01
-4.240076093527949119e-01
-1.094447433202618836e+00
4.302636301737425839e-01
-6.674636953888947177e-01
-6.144576664086358608e-01
-1.518910217502105198e-01
-2.265693032871318180e-01
-1.723704631683740995e+00
-1.257991588998067067e+00
-4.337511008340312335e-01
-1.913224658032411263e+00
3.918790859159130280e-01
2.031138745168791004e+00
-1.535152835862668930e+00
-4.183689459178129288e-01
-4.410567354757204406e-01
4.559802809968112047e-01
1.341636086724868893e-01
-6.534003607196595675e-01
6.995649987179631824e-01
-1.151237490812562880e+00
-1.525472796661300201e-01
-1.088245442296385423e+00
1.637916532242128964e+00
1.577353708889437378e-01
-4.110323112002227663e-01
9.646779983100947087e-01
5.105886504003004367e-01
-1.683509532785467944e-01
9.448656663573722359e-01
4.121998227726771380e-01
8.652327777586298341e-01
1.777569369790618636e-01
-1.487412012687043816e+00
-4.879788348467304498e-02
-1.637158148125660961e+00
-6.984712907603518595e-02
-9.207357744108458641e-01
-6.744666551967748447e-01
1.594985055694417841e+00
1.375742061276046257e+00
5.685945366847278137e-01
-9.710130893053255940e-01
-1.606475732487946395e+00
-2.656486068989423188e-01
-3.380280463050585604e-01
7.072826430138775544e-01
-1.001653668683690324e+00
3.695493213831002599e-01
4.349983303974758186e-01
5.303110391506786758e-01
-1.247741588589549311e+00
-1.093065727633652617e+00
-5.329221175647985698e-01
-3.370806348845908351e-01
1.163312130409951184e+00
2.529531213126246403e+00
8.115352208668703549e-01
-1.098270736971413086e+00
1.246344526667403363e-02
-9.681766980248973642e-01
1.621759253917518073e+00
1.211107516324645417e+00
-5.715611205827755281e-01
8.766040546432776193e-01
-3.057379181148215386e-01
3.691146586097063809e-01
-2.274530390113013445e-01
-9.220266298349141243e-01
-8.703792267679238970e-02
9.675833988875182090e-01
-5.886152577811480935e-01
-2.443532077682331050e-03
-3.510357513192339241e-01
2.120320734548805097e-01
-1.080436355946954752e+00
-2.383179661723699438e-01
-4.122563563830120015e-01
7.807016552770379425e-02
-1.065903825973222530e+00
-3.396755235277416629e-01
-3.212712011118868949e-01
-8.076198272183822136e-01
5.922892998148705512e-01
1.346197556353037283e+00
9.328070672334429214e-02
1.009655584487472613e+00
6.660200701483123265e-01
1.912531372698064391e+00
2.197709789072522790e-01
-3.760545210951149464e-02
1.087617585352328997e-01
-1.604740486537678534e-01
-6.834077476705142928e-02
-4.152865156481775899e-01
4.153747924579250239e-01
-1.370064206464792322e+00
-1.397818542323745750e-01
-3.928515400953218051e-01
-1.065371389456644780e+00
-6.437760386398363455e-01
-2.430994281104661980e-01
-9.274780998880249872e-02
5.025906191297297987e-01
-2.753917020119830417e-01
-4.600598369300843427e-01
7.281658053529658226e-01
3.527535701373015198e-01
2.026304032534432253e-01
4.233226457387685437e-01
-1.898103947485529908e-01
-7.116508417578464307e-01
-2.481632479376988387e-01
-1.442992956124101056e+00
5.359861920176465233e-01
-5.070429324066823007e-01
-2.718746092642731482e-01
1.135156629709968668e+00
-1.427950921367633907e-01
1.261653938584575529e+00
-7.460958122289220729e-01
-7.957094315865620437e-01
-1.789935501132294271e-01
-1.916408095690327607e-01
3.829986477308143233e-01
-1.153085692518583283e+00
-8.586723497119768123e-01
9.347686779274506641e-01
-2.556005538146816636e-01
1.249106893153109077e+00
-6.488120516787769798e-01
-4.424268944265437042e-01
3.084275152079449800e-01
1.226414505135025701e+00
-3.013122151538837890e-01
8.927847158056338994e-01
-5.341277666383266176e-01
3.858432182665987725e-02
-1.460806158872131055e-01
8.195386302362543951e-01
8.988891099680031971e-01
3.734241970387704446e-01
-9.589589198363203393e-02
-3.178165166259916408e-01
2.516388513653238235e-01
-1.425730007255034820e-02
8.224860162102313188e-01
4.305367711461785540e-01
1.704453514701874117e-01
-2.683745411541454962e-01
-5.074816531276938880e-01
4.630532251014409240e-01
1.414316435637277714e+00
7.468738278888594762e-01
-7.040165982065824668e-01
-5.154163439770653721e-01
-8.130249087931842311e-01
3.021325077365769607e-01
1.334911362158806153e-02
-1.742883383364697281e-01
4.552629868955495596e-01
-3.900445746577981820e-01
-4.708980353744132707e-02
3.112640877386398941e-01
-8.734502286145512384e-02
-1.908383597722293767e-01
2.231614578359644996e-01
-7.944354380113847203e-01
-1.060751679915389323e+00
3.887313412679764824e-01
-1.010842192870161860e+00
2.567973760748109013e-01
4.919739916588364848e-01
-6.336469927977511629e-01
-1.193287288020165593e-01
-3.486661630739795736e-01
-5.078338945361968726e-01
1.135247046301264690e-01
-2.640607688615118631e-01
-1.591238818408119426e-01
-5.240716230577522339e-01
-1.061429730217565037e+00
-3.829846442067813550e-02
5.683050254936796719e-01
-1.567981684737916603e-02
3.749616688259831410e-01
3.852917148534157343e-01
2.100989563340244226e-01
-4.823741571251869975e-01
-2.215065997030246370e-01
-4.468156743845527190e-01
1.973300342625908366e+00
9.355589703956911363e-01
-3.172149942726738003e-01
2.269119455501579230e-01
-1.895202445249575263e-01
-7.844200718722855736e-01
-1.206246810290994287e-01
-3.427754843589470024e-01
2.838631045228223737e-02
-6.187886407944768186e-01
-4.572605409457906056e-01
-5.794966476831570068e-01
-3.063671697558534857e-01
-3.197710550452999567e-01
7.300797178723630321e-01
2.965661773017910785e-01
3.630857762725816507e-01
-1.296187503673500663e+00
7.407573898659425282e-01
-5.457785989905945545e-01
1.894844065972264152e-02
8.604815670699097474e-01
2.060922151739208452e-01
-8.219575811605537297e-01
-4.778910199050581120e-01
-2.026761131513109770e+00
9.167891690474903044e-01
-1.083785469191203665e+00
2.576616928737298085e-01
6.932690786232861280e-01
2.415640809962790181e-01
6.086497100677428218e-01
1.764676924842777939e-01
8.509894522292366092e-02
-6.448165042978646344e-01
8.164239650659576020e-01
1.069612298661845040e+00
-4.883113035473777286e-01
2.501799953551114841e-01
4.648216471986621467e-02
7.505521211397698789e-01
-5.486839036548077919e-01
-2.398109116807711771e-01
-3.820081012208034754e-01
-6.789616626160842605e-01
3.509928476340742898e-02
1.939770760720637144e-01
-2.117686790043417366e-01
8.951430603500944994e-01
6.047327362027451469e-01
7.270854117201075439e-02
1.354918278672503917e-02
1.947003503147378689e-01
-2.332598046340990938e-01
-1.332686772299891631e+00
-1.135231888088962027e+00
4.368416180150990757e-01
3.030962658179310945e-02
-1.245715480465666269e+00
2.490262578537520699e-02
-1.358375156984064969e+00
-3.778249245805976320e-01
-1.638024936519926422e+00
6.935004077043207538e-01
-1.250901908901073556e+00
-3.341177683612075455e-01
3.511064165464378162e-01
-1.888312386920154573e+00
3.041107408274938417e-01
-1.284397048554313914e+00
-1.297611902454316013e+00
8.281025653935609743e-01
2.660485355891170078e-01
4.578441237294183508e-01
-2.271589113752948141e-01
-2.442341806007856331e+00
-3.346720897224236824e-01
1.381564333246588505e-01
-2.943044801407895261e-01
3.985862217717590639e-01
1.293204695201366494e+00
-1.428025050305777199e+00
1.252639559674440184e+00
2.932003725007943373e-01
6.964760705151246123e-01
3.776998950692661561e-01
-1.383785600839766428e-01
1.281506828019747468e+00
3.082200570073664325e-01
-3.131420047011776453e-01
7.042933007228073805e-01
4.169775899263131191e-01
-4.157023462238769174e-01
-7.208387031852135918e-01
-3.836533478157252985e-01
9.115334591675333664e-01
-8.696988490919392856e-01
-1.308612258021453201e-01
-1.261121848133216705e+00
-1.144055359715640124e-01
1.666681328491041558e+00
9.552093984582999964e-01
4.644201003135167705e-01
4.548663221004498602e-01
4.720610982645021547e-01
6.742577853764168960e-01
9.228308048072376979e-02
-9.964702688144037035e-01
8.562047362777436277e-03
9.711995686071653866e-01
7.452389888650642336e-01
-8.214660326722352801e-01
-1.303528501899931191e+00
-2.855709748630048117e-01
-2.278686250114858591e-01
-2.706430059783072883e-02
1.727968309790906876e+00
1.721966485596388152e-01
6.587666476142097771e-01
1.368626564085547281e+00
5.354527590115361058e-01
-1.148708087345146345e-01
-1.290257773059119706e-01
-2.160880975558343575e-01
2.821857587829827985e-01
-3.708629703143047351e-02
5.094498293016097579e-01
1.428793333585268055e+00
-7.227393995333202259e-01
-5.959094619605975751e-01
-2.452780037918472489e-01
-1.784993482929540243e-01
-5.238512440923498437e-01
-9.915572318406445929e-02
-1.508313192374481027e+00
5.793039292436845678e-01
-6.387222788479969271e-01
2.969120858057584522e-01
-5.459338167322477231e-01
-9.270334894908949241e-02
2.537084096857197824e-01
4.166747641918556733e-01
2.244720551222480487e-01
1.951904469003313602e+00
1.186488883161151087e+00
-5.315016983037429421e-01
1.890525041767257552e-01
8.367032257337747581e-01
5.119305039546893088e-01
-9.139022359519991534e-01
-4.888428455442567766e-01
-7.746501546916403358e-01
8.263758986437322873e-01
-5.448112571665681969e-01
-4.875990552182304927e-01
-1.236333559509287666e-01
-4.271029682211796019e-01
2.823498975694118673e-01
-7.297446866123019626e-01
-4.472832229627348166e-01
-6.636182891855703092e-01
-5.109698710333747673e-01
1.955850313823691566e-01
-8.694183719685848466e-01
5.452339984771634729e-01
1.352296242180352825e+00
9.015305347509527945e-01
-1.184491658022896576e+00
-1.092681067785857829e-01
2.391374681916272893e-01
-5.411939573723519858e-01
-8.935132614892682401e-01
4.511145849408906838e-01
6.008964007755474013e-01
-1.332506846952524526e+00
-9.477235102871632844e-01
-2.731435645294379988e-01
6.488030871398405841e-01
2.840301932231666937e-01
3.353051440923277005e-01
-1.685987342991757121e-01
-9.379888468565642512e-01
1.818476240661555110e-01
-8.709083925923974401e-02
2.433741894817384455e-01
-1.257850431110277278e-01
6.494227700440292628e-01
1.073233767211511092e+00
-4.624640056783574926e-01
3.542344591632908268e-01
7.558763306747637301e-02
3.101976457252331731e-01
-1.247328842834722895e+00
7.932918103536343857e-01
-4.714525604957907345e-03
-5.772585957056701744e-01
1.209757477338823106e-01
-1.380263635075703377e+00
3.360827221451281877e-01
-3.062612717167750853e-01
4.094436215660312572e-01
3.339684915432646894e-01
-3.609190446953687847e-01
-5.565011871564877755e-01
-6.682214622513495961e-01
8.791935258774998818e-01
-1.065545545122621451e+00
-4.678413495810335720e-01
-1.305121048928830629e-01
1.474937580371132040e-01
-3.763249199566928160e-01
-2.120400857555570229e-01
-2.429218898436996676e-01
-3.505645917737192918e-01
1.418341838253586840e+00
3.812527934793937257e-01
-2.409425740358060175e-01
1.006899155213793584e+00
-8.439652192665825226e-02
-4.522617622558189887e-01
5.362023786279876969e-01
-1.624753274294447491e+00
6.046039075333884405e-01
1.250349149082702616e-01
-1.531237184804958018e-02
-1.694080818787142839e-03
-6.659054983284299345e-01
-1.754090307070711174e-01
1.064925029478629437e+00
-5.539191160601200092e-01
-5.537093051799658605e-01
6.959393118658085964e-01
-1.064984458219806029e+00
-9.918892475785932028e-01
1.109163175924317291e-01
2.074979863962898019e-01
-6.118612009535429053e-01
-5.678644149371615546e-01
1.777427239809171167e-01
1.174958929253939299e+00
7.539885330963206345e-01
1.061342725758805949e+00
2.542517530113008739e-01
8.420076954030756289e-01
3.696322058737127048e-01
-1.199477796844767297e-01
2.039853813141274674e+00
4.679856439059297546e-02
7.039422689453256332e-01
-2.509586094498723607e-01
1.470320014321596647e+00
-3.229297970277880125e-01
-2.723637145060770481e-01
1.082145925490164418e+00
-6.566312008117566323e-01
-4.962136844675484326e-01
-1.439438269638278756e-01
7.074744579968867964e-01
-4.801249042714632598e-01
-1.109934420411608391e+00
7.336694179271485705e-01
9.194327645337033728e-01
-1.441173100638098725e-01
-3.572811255287685617e-01
2.861566663738334126e-01
-5.793621709707903467e-01
3.148241425830777124e-02
4.504070234736337608e-01
-2.178393292443349116e-01
1.417819776980089985e+00
5.621053152578835421e-01
6.264115419693441211e-01
-6.590163685665564319e-01
-1.390505616142235779e-01
1.012466760223333262e+00
-2.123236151436736219e-01
4.735878769551410405e-01
-5.504856130784421264e-01
1.384956691652240168e-01
-8.241201780812468236e-01
-1.096402986351022513e+00
-3.077594958518614643e-01
5.898364178485974163e-01
-2.866929771605862820e-01
-5.687831823497071504e-01
4.480585018290216825e-01
-4.484807782745353633e-01
-9.116260215216275276e-01
8.518872482554431524e-01
-1.630350908468887472e-01
-3.095341710607004138e-01
1.801515502303591809e+00
1.241580905034661342e+00
2.651251301142245054e-01
6.928499207712306429e-01
-1.614701523036017883e-01
-1.921430546255676053e-01
-3.184511731364809695e-01
9.468482541300037303e-01
-6.500949910992437353e-01
-5.428424938293709978e-01
-8.732555858068369314e-02
-1.065676644155338471e+00
-6.234921648906757013e-02
-3.963600760076472218e-01
-7.271756506559322319e-02
-2.851572033729248279e-01
7.716765520369426312e-01
-1.284677630453625041e-01
-1.173964972890902680e-01
1.030110080643470205e+00
2.778276707917187727e-01
1.047890815519819219e+00
3.518451514988201745e-01
-4.868210345854367960e-02
-4.824144701412236280e-02
1.459169480343353031e+00
5.503384596433867904e-01
3.768985737843186801e-01
-4.188325995274962410e-01
5.066951193544919629e-01
-1.978969718432322389e-01
-1.926634612055312390e-01
-5.231806726669138152e-01
-3.068686939004428016e-01
-1.074381994962277931e+00
-1.585425232585968847e-01
5.590224478759184823e-01
-4.637209400902231327e-01
2.809143079644866869e-01
-3.055967648253538060e-01
-6.669277843773991910e-01
9.764479207044428621e-01
-5.943138921084473170e-03
-7.508523625890156650e-01
1.950279773519684456e-01
1.146392685060160233e+00
5.144113025893537472e-01
9.384174128230874379e-01
5.471487553511809043e-01
2.024687934044061000e-01
-4.995634497383446559e-01
1.311007141465256209e+00
9.554442653828205956e-02
1.100631901416446068e+00
-4.970808423755836980e-01
7.936528491773148231e-01
4.444736841559974172e-01
-5.230717604329018777e-02
-8.137573362796988174e-01
-1.412008749962641307e-01
-1.449651451729301099e+00
-1.120231960623064404e+00
6.289936649049077122e-02
-1.513600018724520657e+00
8.572571521685137252e-01
9.873816654910018142e-01
-6.040449369425944515e-02
-7.319612459167649243e-01
-4.638996099263917317e-01
-9.382389705607520058e-01
-4.358742945686627235e-01
3.220787213316997910e-01
-9.428555406575773734e-01
1.189522460915869662e+00
-2.545097396111442034e+00
-6.832516310772831503e-01
2.964362597437255165e+00
2.842111426959015308e-01
-3.794641347604937320e-01
1.902344854678697517e-01
-1.843309475043739099e+00
2.526192501708476534e+00
3.975659054066648657e-01
-1.591006209441280239e+00
-1.648067864652331682e+00
1.336547033671409590e+00
-1.710647765888464011e+00
-1.695223303358219580e+00
-2.751121275204531091e-01
-2.432085821243141766e+00
7.341253955135517151e-01
-2.305874109365511515e+00
1.506987574865653157e+00
-1.605425068693695279e+00
1.029627639008280804e+00
1.970116975938162929e+00
-1.128427657538147999e+00
4.348312324479327584e-01
-6.544469041893778982e-01
-1.155533449094832354e+00
3.697282909410187779e-01
-3.588250436987980851e-01
-1.949732216856966960e-01
1.828605114500234108e-01
-1.378058199295312480e+00
-4.055688864029461937e-01
-7.225489510657014947e-01
7.704469041262418383e-01
1.213153753496813314e+00
2.486039016603028617e+00
-7.611114646476534462e-01
1.920828259413416006e-01
-4.826297968672068062e-01
-5.276104185948787828e-01
-2.501284487398675260e+00
-7.207118881320244697e-01
6.448308772283597445e-01
-1.136356832518077509e+00
3.489715933593178221e-01
-2.049612296970986680e+00
-3.333049228442811485e-01
-1.130079911192406916e+00
9.667669153438598895e-02
-2.497069835500927759e+00
-1.417648461662349924e+00
3.258529085835993461e-02
1.746088274182123978e+00
-3.670866750460014538e-01
1.247942866691650554e+00
5.739178849800954385e-01
7.465523996977605492e-01
-5.516903599647969836e-01
-8.156547726338297943e-01
-1.735875420934295255e+00
-1.163806013622821656e+00
2.015235368648346514e-01
1.274419675982034983e+00
3.427762793883905035e-01
-1.088871934140222208e+00
-7.404411252131726240e-01
-3.009874538109548747e-01
-5.887929783305512199e-01
4.377687465579408466e-01
1.149384790497957276e+00
-1.286554265945694553e+00
1.390711919237783478e+00
2.496461454747246900e-01
-7.848879817586125185e-01
-1.540829519479001708e-01
4.639478628732225662e-02
-1.164174010694450478e+00
-1.013026960066901599e-01
-8.741960701333536532e-01
8.178182177024563293e-01
1.479434984934766328e+00
1.959731412078196400e-01
-1.266094008732575327e-01
-5.161622628268461854e-01
6.708150439953681765e-01
-1.116509927115538758e+00
-3.875562777831393357e-01
1.501765042133296646e+00
1.117896009742529007e+00
6.507919390218311895e-01
-6.095033465789938959e-02
6.856438677922244151e-01
-1.516744194623662056e-02
4.025696524258483289e-02
-2.531631017675027850e-01
-6.446505765517608344e-01
1.729285143166406913e-01
-9.537388493514672438e-01
-3.312815364682093477e-01
-5.885099227166044056e-01
-8.546860491128039916e-01
-1.067462213319833486e+00
5.927369519369707351e-01
-1.607029766991401876e-01
-3.050395836669812510e-01
3.497225092619453690e-01
1.558931356999042395e+00
1.384560308527972072e+00
-4.666804140047017269e-01
1.345586175038300913e+00
-1.712485734299733220e-02
-3.081059444434071093e-01
4.266338705807954934e-01
-1.326993387585720496e+00
-6.330513552175137670e-01
1.135824189313829891e+00
-2.114723565963795848e-01
9.549074307848024468e-01
8.130447333107995167e-01
5.754494053383578667e-01
1.930334611803001532e-01
4.140758567521959366e-01
7.172220545168526973e-02
-2.064382693807029212e-01
9.653433794881088881e-01
-4.233664170860585996e-01
-8.106346575094381945e-01
-2.145824377209279987e-01
8.220558618196371903e-01
9.257843825214261413e-01
9.273994513718087918e-01
-9.990715119669013600e-01
2.370431367871531636e-01
-5.176365523878293518e-01
7.576621775310653506e-01
1.096128838423738427e+00
6.063269865893110566e-01
-8.871421654070064111e-01
-3.200244136836281061e-01
5.270497750871158682e-02
-9.630018135704547511e-02
-2.952384551552554859e-01
-3.778071139854595195e-01
1.157201581207089880e-01
3.476823209298999240e-01
-9.786529881209484749e-01
-6.886025257473294969e-01
-5.991429367816543117e-01
1.000960700348087346e-01
-8.663852926712997116e-01
-7.656210653850915593e-01
6.068709813902462002e-01
-2.442280902764509820e-01
-1.272321249680826050e+00
2.176286880584371863e-01
1.268511031586236459e+00
-5.473240693351548725e-01
-4.157296267544710044e-01
-9.184662649673910884e-02
3.026374621312797469e-02
1.225837334070891238e+00
1.383141435740534164e-02
-2.538528665702406428e-01
-1.590376163388619868e-01
7.184743498606203094e-01
-5.070785796649518451e-01
1.008115519694685824e+00
-3.988919762186775575e-01
1.524703435768282600e-01
-1.784362874259671772e-01
-5.953884959846070246e-02
-6.551937948055305272e-01
9.586255541727914942e-01
-9.506297213290679782e-01
-1.229391298269442157e-01
1.443351895181195499e-02
-1.019631004099730509e+00
1.991891471293754379e-01
-6.200250626487497918e-01
8.271710177161631927e-01
4.893839966596466584e-01
2.475890711182435477e-01
-2.882004095055133441e-01
2.580391114312219902e-01
-6.674131628094295277e-01
-7.554493272653702851e-01
-6.123074523418435555e-02
-6.338720950971123980e-01
-1.227985334577800680e+00
-7.592771196856263893e-01
-6.430116338387065200e-01
8.048188864581786728e-01
7.768065802218429017e-01
-3.182363389006976351e-01
1.096332996478820432e+00
-6.472633357468043913e-01
-1.313135497477843638e-02
3.651278005253016934e-01
-2.843148845915506873e-01
-1.583412006131398986e+00
8.364120465890391154e-01
-4.421750193553219410e-01
-9.435560132496570995e-01
-4.678825079535069986e-01
-6.671233168151854409e-01
-6.058324161599892843e-01
5.654362590185679771e-02
-1.001662898262961621e+00
-5.013666453569299436e-02
-1.035072681868887789e+00
-1.660339057046011702e+00
1.821992718557785551e-01
1.849774239807968623e+00
2.229769084780369504e+00
-3.091048732952119127e-01
-3.177737792741272549e-01
-1.192363467459729209e+00
1.392564339372268867e+00
2.618259105576418166e-01
5.012925295492115518e-01
-5.422242520667724941e-03
-1.319226585560430154e-01
-2.716143677310791649e-01
9.147865944757723744e-01
2.840297278315187524e-01
1.497966506994512503e+00
1.224127732498197091e-01
-1.636167005810916786e+00
-8.459457723345080726e-01
-3.659524797185631506e-01
-1.024358962163143039e+00
-1.303141043386381315e-01
-6.177604571993218219e-01
-9.187813588915707541e-01
1.158592224563266271e+00
2.471390443638042278e+00
7.141207504196083189e-01
2.975456404957437240e-01
1.500825228055937766e+00
2.288933616175498620e-01
3.061483125129132454e-01
-1.895873188047865421e+00
-6.785963330066911992e-01
3.692095691692578452e-01
9.146723896698508161e-02
1.755792700928680006e-01
-3.725890230774203116e-01
8.378069595832337013e-01
-2.899938975517907247e-01
-3.448539268436118244e-01
-2.664159833228960106e-01
-3.154036925359280930e-01
-1.298217219493816188e+00
3.912242766101839408e-02
2.315764909260948023e+00
-6.022593083693921212e-01
3.790012508578172734e-01
-1.400684606266014764e+00
-1.054335296297802982e+00
-2.044854354099494009e-01
1.130967087033606600e+00
-1.274543288421288723e-01
-4.426711735776286960e-01
4.136509047840660758e-01
3.112140797909082601e-01
2.029683130613217923e-01
9.065472024636903603e-01
1.735487765264730475e-01
2.513565020034211339e-02
-1.651465530974472351e+00
-1.234648565062117287e+00
-9.162310544967317005e-01
-1.921568657620695286e-01
-3.721459980800825296e-01
1.679034649035596516e+00
-1.273031547779223116e+00
-1.219103317188724722e-01
-8.571482005747366184e-01
2.023037618591764897e+00
-5.260713959837227671e-01
-3.058485931299985694e-01
-5.060112987644295179e-01
-5.894161807059372649e-03
6.368649699864455116e-02
1.890388961230050069e-01
-1.607214104155133105e+00
-1.005766476157600398e+00
1.249790178811510111e-01
3.093741679781687459e-01
-5.980813915236317113e-01
-1.551106240992534691e-01
-3.664664556277091312e-01
-1.718431127770878586e+00
1.953740048461181378e-01
-8.182796531925168315e-01
-1.310161859610655455e+00
-2.502145755393433979e-02
-9.811309068351572460e-01
-7.267346581236305836e-01
-7.525615199379572795e-01
9.517758858339182559e-01
-1.287060122749574154e+00
-7.482478401474077501e-01
-6.123696468532747739e-01
1.649693208816492840e-01
4.809458658486123750e-01
-7.323078716080740902e-01
1.288187559431908991e+00
3.749151652117202471e-01
2.633119398792933552e+00
3.358509565514973261e-01
-2.369269601043293871e+00
1.469519630830237622e+00
1.787300381958976114e+00
-1.659221440302219852e-01
-1.658523386250968734e+00
9.989993868695220547e-01
1.590126437948352844e+00
1.071905538777392586e+00
9.706411795464378600e-02
2.201053680953971858e-01
2.315110348426624221e+00
-1.008694814942596718e+00
-9.185001059979212013e-01
-5.875079432456560280e-01
-5.721239958129803460e-01
1.210009276981829807e+00
1.251019768493908391e+00
5.566026187016359650e-01
