-2.390648179584224930e+00
-1.807098334349672930e+00
2.857319886162009048e+00
5.276583864251411793e-01
-8.108363464982887292e-02
1.114839470158992540e+00
1.857557070339471261e+00
2.386489316691810636e+00
-3.212757995505180486e-02
2.567664421672327113e-01
-8.180635762326530225e-01
-4.665504641861284996e-01
1.706450574614279736e+00
1.362557202567740156e+00
-7.041634069552626940e-01
7.628592714533449781e-01
-1.466668654853736431e+00
-1.073219115323325479e+00
1.899479237246907148e-01
1.303825653152640873e+00
-3.312895248305334772e-01
-3.538896621932101361e-02
1.003681769076144148e+00
-1.682395438268480703e+00
-1.257522084369272264e+00
-1.289795469675084627e-01
1.658210326943058366e+00
1.170382356241571387e+00
1.286149368642222957e+00
-1.521144275414567371e-01
2.610316219535844806e-01
1.782954861831722859e-01
2.459503884781308325e-02
1.440256669888398289e+00
1.064840513348124934e-01
-2.324807880215282729e-01
8.789128525926452884e-01
-5.988628714363591898e-01
-3.959610808815728356e-01
1.123170170851069516e+00
4.889269679389551815e-01
-5.228324066003953163e-01
-1.568081340127377654e+00
6.211471475530869757e-01
2.219514500851633987e-02
-6.379986655189278100e-01
9.184146045124271796e-01
1.795675127458745468e+00
-2.728920713841096468e-01
-4.922040450576684600e-01
-1.234028181595501872e+00
-4.161997648172164332e-01
3.594060716842371189e-02
-1.134475612781048692e+00
1.470044301999131053e-01
6.426831404201938103e-01
5.736265212285182047e-01
6.505121217345337659e-01
-6.028108883197385026e-01
1.656333152921712626e-01
9.730897613489581932e-01
2.326371251541133889e-01
-4.460724140774128266e-01
6.498705830767343983e-01
4.421571108296908914e-01
-3.786222619695741032e-01
-3.344939389232440830e-01
-5.117171496369983252e-01
8.482968785165145853e-02
-7.511518994053324461e-01
-6.318656625961356355e-01
3.954696127837649122e-01
-1.256485500034281166e+00
7.215027995491163360e-01
-6.870718168995386677e-01
-7.275869209046238462e-01
5.261124942179001840e-01
3.831326736796009103e-01
-1.197355173443200027e-02
-2.104633561175131007e+00
6.599935868242096104e-01
1.145512274854137313e+00
-4.206935342298994129e-01
-2.010932280830352248e+00
-4.154360548088172900e-01
-8.115352842554882651e-01
-3.809943103276118292e-01
1.106586665391725344e+00
5.567370590450518852e-01
-1.410164679697576640e+00
9.415883324746927574e-01
-1.255989615889126165e+00
5.328448589056190565e-01
1.481551358477748659e+00
2.451860635871517813e-01
7.043838113876375873e-02
-3.910254766874972643e-01
1.622566804563001508e+00
1.786812171801726690e+00
-2.115425429459304452e-01
9.744588471089653536e-01
-2.334430925676839741e-01
1.802065030818775504e-01
2.997010085351468067e-01
-1.222383826162716652e-01
-8.776372516434953752e-01
-1.112098799208109390e-01
7.236744122522331679e-01
-7.174489355451026118e-02
4.050303069289272750e-01
-1.246375740898939988e+00
1.281108201976245975e-01
-5.378067834975832628e-01
-1.212582023500999862e+00
3.785055999072554633e-01
4.615039400329851715e-01
1.439889138826425385e-01
-6.364537204022155947e-01
-8.371947854829239200e-01
-8.730747901986371518e-04
1.854635229887047210e-02
-5.797618846465852904e-01
8.472507087438860829e-01
-1.900816649880213705e+00
3.584939323893884255e-01
-5.551604033871826438e-01
1.778920062125557866e+00
-1.015274523137988244e-01
4.414360590100968595e-02
-8.708219016109561283e-02
-1.129543045057934680e+00
-6.786787674744685361e-01
-5.292480614172772047e-01
-9.506519669627094826e-02
-1.251568649059743077e+00
-8.062146193952234308e-01
5.916806185442226029e-01
6.981113378434703476e-01
-7.557897390501582269e-01
-1.349285387846816286e+00
-3.423183484752769790e-01
2.896695574397851303e+00
-9.750271768931887406e-01
-1.123391267373867741e+00
1.170753746831965980e+00
1.602392768097095521e+00
-2.994676954927490420e-01
7.461457788922452039e-01
5.291083193115388994e-01
-1.793388703655477201e+00
3.888143108014658345e-01
5.619096940558141462e-01
-9.205824435483713764e-01
-7.089163749053851715e-01
-4.625551364812483524e-01
-2.317047947625906767e-01
-2.047150721756847869e+00
-1.934650958261682763e-01
8.381964100875458623e-01
-1.606148110298569964e+00
-5.253434990052543441e-01
1.230893066661121471e-01
-1.387470593072262615e+00
4.280149863520032461e-01
-7.016988461154247680e-01
-3.279041729090372836e-01
2.266604219529742892e+00
1.976485556761611029e-01
-1.129806857426517652e+00
-1.103003526940980805e+00
-1.674879621262224338e+00
1.990794525137823401e-01
-1.176789035762790148e+00
-5.037772295263016620e-01
1.397810097572756760e+00
-7.803879138804840909e-02
-3.316379525041921461e+00
3.622305298233737259e-01
2.668797086308522637e+00
-7.653473758493861689e-01
-4.173303880507291730e+00
-1.143664412547245046e-01
-8.265244320735245509e-01
-2.726209728034383883e-01
-1.488665779939225109e+00
1.996327085954489877e-01
-2.487278717366223635e+00
-3.149490454241297588e+00
-2.926794800765589066e+00
-2.817811166391268163e+00
4.349418359333419914e+00
-2.649736517054956941e-02
1.420935146276984140e+00
3.273910570350480498e+00
1.948383680874039015e-01
5.024013910086799761e-01
-2.114171149524047610e+00
-1.127923943629295156e+00
-2.775647489267331292e+00
2.152185425003140029e+00
1.237245192550432193e+00
2.555148688890578779e+00
4.942927069066211931e-01
-8.483866534562162220e-02
-1.568826289549772213e+00
2.737042232292874022e+00
1.706553307793597707e+00
2.738604281374468208e-01
1.804879664786383842e+00
-1.117462706763997726e+00
9.607415858083349081e-01
1.157215649154469395e+00
-1.740552711581881962e+00
3.864653859099045907e-01
-1.036254097424629261e+00
-1.701486767870711958e+00
-4.955937367580250386e-01
-4.629631526085048465e-01
-3.116727097428285909e+00
1.262736619923551684e+00
-1.523279305474097178e+00
1.073830809542984932e+00
9.316366264449094103e-01
4.733726156737690927e-01
2.578412487277860210e-01
-1.859491608328291745e+00
9.617918706962691466e-02
3.313913394978551530e-01
-1.528946180786007858e+00
-5.871486210490974855e-01
-2.180829550493622371e+00
-4.006060160111758472e-01
-1.234524898632441081e+00
-1.503572759557476379e+00
1.615354670011736271e+00
1.464705527650991490e+00
-2.311250671234697407e+00
-1.285435307227951629e+00
1.022522690434312542e+00
-9.714312022855413620e-01
-1.398545723999319534e+00
-1.720882448944452969e+00
8.510899134469515070e-01
-2.202603062549767898e+00
2.560354238725453424e+00
3.173740595431169265e+00
4.268726096162624550e+00
-1.627737711580746538e+00
1.937951456211112422e+00
4.392821636607377456e-01
1.243502426182463649e+00
-3.808715303650769823e-01
6.874399835156829175e-01
-9.422039262430789153e-01
1.018241086014030961e+00
-2.611758706033362465e-01
-6.445254533199044067e-01
1.061472392321769931e+00
-3.875377462749695079e-01
1.609174216562486048e+00
4.535852323401848851e-01
7.700011608707054700e-01
8.249511457920890578e-01
-1.400730821569437179e+00
-5.686242142703885616e-01
-1.397592148592819994e+00
4.809818641948296336e-01
3.140524995636889694e-02
1.905162833621448337e+00
-3.976327534470022740e-01
-2.733396951624063043e-01
1.490906490956920960e+00
1.769966432260527522e+00
3.869315795926531187e-02
2.328848442591350543e-01
-1.572702727240231635e+00
1.999226533059069499e+00
-1.147492850633728134e-01
-8.111086937000740182e-02
-1.143023341439515006e+00
-5.245693335664910473e-01
-1.124664100995660387e+00
4.447705852879058064e-01
-1.768635658999379245e+00
9.424083013210287074e-01
1.527624832825752454e-01
-4.675711790005836477e-01
-9.436130406305467400e-01
1.753989666327193886e+00
-4.806994370629237290e-01
-8.979187537348396475e-01
-7.754166985569059811e-01
6.956759395513858468e-01
2.808469854858248183e-01
-1.841160669568368879e+00
3.965539788408439237e-01
2.409733503767184537e+00
8.631451544048064639e-02
1.830162081315523048e+00
-2.399751986986705110e-01
-1.265986460532026570e+00
1.599212809537440494e+00
1.929880305930720130e-01
-5.472754519852547628e-02
4.443394296528867526e-01
-1.112199898921025554e+00
-4.841253798708834433e-01
-1.072210277502817943e+00
-1.538748089516077000e+00
-5.870221812974256714e-01
6.487144578053695154e-01
-2.504966092676628175e+00
-1.422835075366834179e+00
7.518250750307305941e-01
5.156162245116263643e-01
-1.617064141977817560e+00
1.383177830730372426e-01
-4.913579152837516117e-01
-5.529305062265207349e-01
-8.801370066594571551e-01
5.152260258763103895e-01
-7.440066445736465139e-01
-1.116649040664703607e+00
-2.164771007158945160e-01
1.579855327577532886e+00
1.543960752415731275e+00
-3.397842634323964273e-01
-5.674015667182709111e-01
7.113778167845020706e-01
-1.443680770228161769e+00
5.452211420422552468e-01
-8.718912727213610214e-01
7.612606723873083236e-01
3.456330908718547312e-01
-1.010164937400249485e+00
-8.656560810229423364e-01
5.763044642203222212e-01
-1.997121083264061792e+00
-7.138599664742862894e-01
1.804629926820351393e-01
2.421543995213639278e+00
4.913990219048183783e-01
3.043435285193541340e+00
4.548024525325399248e-01
7.922841653301830878e-01
1.523482317701249367e-01
1.885838988322464660e+00
-2.557407414155885128e+00
6.939868560633528638e-01
-3.650930144436790314e-01
-2.300316889057759107e-01
-4.518064551579313304e-01
-1.439768045641993455e+00
9.791578384579633365e-01
2.053370583451396669e+00
-1.300885455083637954e-01
1.524842860987176973e-01
2.446604496828401476e-01
-1.969906011315909478e-01
-6.886504923946877854e-01
4.154135389462623174e-01
-2.664752523435254816e-01
1.499629592716043680e+00
6.105006351555575250e-01
-9.391280371645620573e-01
1.277075438736005042e+00
1.593631131461449524e+00
1.017753888061188938e+00
-5.143423289266558784e-01
-1.190157681128919176e+00
1.157425748594131276e+00
4.113984263844060463e-01
-1.524769997675175515e-01
1.180687732585297356e+00
-2.634444064554298803e-01
6.046098065210698813e-01
-3.050356213256089077e-01
1.996270245376380315e-01
9.436289759777716224e-01
4.690197781382632325e-02
-3.473289867290043631e-01
5.956516372633550160e-01
-3.259993346427070282e-01
-1.807622961333067879e+00
-5.872325507797147154e-02
1.807482194004045306e-02
6.472484067122187268e-01
1.751018470445776798e-01
1.548087340054655314e+00
1.967875106356529180e-01
-2.799988055219557737e-01
1.142949674151507722e+00
4.200388693847676436e-01
2.717315492245669928e-01
1.527505584952032924e+00
-9.117918444852571302e-02
-1.007571413052160025e+00
6.828507646059309710e-01
1.006662070797321951e+00
3.005978787652965334e-01
-7.871906252160466577e-01
1.531709636778288308e+00
1.034454737236181476e-01
-9.013125922608863916e-02
-1.139090376003795591e+00
-1.097230164077080072e+00
-1.308870169907182524e-01
-6.401255703304450373e-01
7.615351395648081168e-01
-7.505022759400022947e-01
-2.088512923430439761e-01
1.471680646162591310e+00
-4.919901278528222566e-01
1.289323456881930952e+00
4.706792058330528938e-01
-1.269390996695993978e+00
6.740678764856162797e-01
4.333162140773718085e-01
-2.989776619366388277e-01
-2.937650075510309100e-01
-1.054500376853713339e+00
5.862114931573794152e-01
-1.044735194972612247e+00
5.726643316497793679e-01
2.075558591663023700e-01
-5.147236465098045111e-01
1.107639802496575676e+00
2.387814333979351722e-02
-6.979353401785075572e-01
-1.421447132086102461e-01
2.927437223473431938e-01
-9.492346286270805233e-01
3.111649515928461285e-01
-1.513652647308606936e+00
1.533846307406694365e-01
5.152670444757641022e-01
2.288079980928604540e-01
2.914208567127929417e-01
8.482677913485933141e-01
-5.009518714917042814e-01
6.575287242841392210e-01
-4.235235607477326469e-02
6.619444226493068628e-01
3.469148822389581666e-01
-2.150703536931907189e-01
1.919254320127248281e-01
-7.990367962004840674e-01
-3.136058402059314215e-02
2.690620179619500063e-01
5.166564383628148571e-02
3.182888096777410913e-01
4.975129452854337164e-01
1.008503583095966771e+00
4.895873986212718743e-01
1.736396999244493311e-01
-4.810139389765429874e-01
7.344808753590291728e-01
-7.067142642177708378e-01
-9.608964264206442119e-01
3.103167558091231015e-01
-1.886782830191672811e-01
1.091423808428380937e+00
-1.336395116431554619e-01
1.008433566227588507e+00
-1.920324518104249700e-01
-9.612713980148884785e-01
2.961795523327340751e-01
-1.399996791807586405e+00
-7.331553359922364788e-01
-5.204733724562091712e-01
6.473339148647384578e-01
-9.047429215187886564e-01
1.980136106221461301e+00
7.871468965741703627e-01
5.180300525789348631e-01
3.948369417107386314e-01
-3.695051526951037557e-01
3.198592338138655511e-01
-1.632368152717487975e-02
4.936251342428874533e-01
3.649068940329514010e-01
-1.883364296840636665e-01
7.954751785755839744e-02
-6.070989195578710973e-01
2.281425635341690350e-01
1.743903243756252386e-01
-1.156766824558701945e+00
1.378249740480363417e-01
-4.743664609021175371e-01
8.134937721395354981e-02
1.213153999091157731e+00
2.029623442764064145e-01
-1.423415042192895941e-01
3.246291525823374879e-01
5.198022736169125579e-01
-3.387361812923000426e-01
-6.905149142241347182e-02
3.226907702948618173e-01
-3.048814273959700172e-01
-5.606368150804039718e-01
-1.214354897036468567e-01
9.146602527783875836e-01
2.332551776081775996e-02
-5.488361361322062759e-01
-5.724400052829827779e-01
-8.316404300863742272e-01
5.131682223019208289e-01
-5.546177054295997610e-01
7.226313697044028928e-02
1.169469861399866417e+00
1.861813006360524825e-01
3.833310485475063256e-01
7.831543783914386714e-02
8.075373268298702278e-01
-1.410661226364859910e-01
-1.114483022145659474e-01
1.863099833540206862e-01
-5.828831873787867490e-01
4.635126811034417371e-01
-5.720363216758619362e-01
-1.464862853493744954e-01
7.828251217694671693e-01
2.947945216005108948e-01
-4.310142364879804289e-01
5.232718848316533222e-01
4.486148828380026599e-03
9.885577325478519528e-01
6.853036455749504652e-02
2.144386418874307809e-01
1.945864381797953457e-01
9.494959663950858220e-01
-1.109153721142997623e-03
1.069875443005705029e-02
8.601551486409175773e-01
1.259823341128085972e-01
2.410896290475501025e-01
3.002839168221263511e-01
-6.760500261763707774e-01
2.805219078307363278e-01
-3.871329450031215647e-01
4.963122241449455796e-01
1.367281821229593963e-01
5.054544782737906417e-01
-5.974275664422823429e-02
6.423005672385370124e-01
4.302935157613102524e-01
-6.741482216606461408e-01
-1.075872517296523334e+00
1.960825288930795884e-01
-2.682367334048243457e-01
2.359483373887938662e-01
9.469602684937633574e-02
-7.056347148104871181e-01
8.164828477018534758e-02
9.491974377845907584e-01
-1.237411891578795858e-01
4.229931562319623195e-01
8.352766419398607312e-01
-3.853511873198477433e-01
-3.740823567395872296e-01
6.236495266304914464e-01
-3.068352124136711767e-01
-2.632226105510517833e-01
-2.882140215654673820e-01
-1.809846165324197065e-01
6.552157022651329543e-02
-1.308802543722120335e-02
7.899081590348970838e-01
-3.991467621151823519e-01
1.403335637060339203e-02
2.198733976894056696e-01
1.875708151948811686e-01
-7.387459334591853777e-01
-4.492847078383849779e-01
-1.251601214973932175e+00
-1.287856599683137038e+00
8.165853847652377873e-01
-1.064421541648025604e+00
4.241448988013930554e-01
8.878487943356099255e-01
-4.627445740982839839e-02
-8.422602188991388239e-01
-9.696221683055352702e-01
-3.026185798299933505e-01
-1.100788207214680320e-01
1.166947287574017667e+00
-6.399474277129918454e-02
1.086845439674724467e+00
2.790819523797141710e-01
9.158128687123993916e-02
4.325644013261343845e-01
6.728020441175787125e-01
4.256108507635816274e-01
-4.050882792366081731e-01
-2.681990471686049871e-01
-7.724812231599220702e-01
-8.499961330724614683e-02
1.394051489202860483e-02
4.442723048937746722e-01
-1.672681318872590306e-02
-1.207470227623306247e+00
1.391078358752897648e+00
1.609099170315661520e-01
-3.473674908844737730e-01
1.945995446587567290e-01
-1.070330375293323977e+00
-8.088348964849794154e-01
-4.576894224243004405e-01
5.871232508482897572e-01
2.111256597800609258e-01
1.738712389694439808e-01
-6.382211615520786419e-01
-1.015249034794482474e+00
-1.010557453735148936e+00
5.731135565103948615e-01
1.740940443347846478e-01
-1.142074485263446931e-01
-1.659036269072453607e-01
-8.652032693694907683e-01
4.387632327591955983e-01
-1.192736287902581988e-01
6.424020328101273658e-02
3.012894595974984213e-01
8.967884353786530205e-02
1.133746741123177193e+00
7.724210453428511647e-01
-2.489529862912809310e-02
1.497994211856939761e-01
2.625116316643434367e-01
-6.953021159062027223e-01
4.029791229144234488e-01
1.183783802904865512e+00
2.095086811342081745e-01
-6.832885867713157646e-01
-5.307644035954233175e-01
3.465652238731250501e-01
1.504631267495814828e-01
-8.480794140304676043e-02
1.711461546706427028e-01
-4.320428649468086579e-01
7.933211851382462321e-01
-1.231961309646409097e-01
-4.010118142888838833e-01
-1.380375069644742825e-01
1.526817219299294870e-01
2.544769385429136443e-01
-1.031911520018674810e+00
-7.959220221586024158e-01
9.977943996337360066e-02
-6.451961723442957153e-01
2.386912658695868883e-01
8.975076267682291498e-02
-3.228545622235428625e-01
-3.151615275906333724e-01
-3.914579260480444689e-01
-1.456081398572059704e-01
5.848654628423587409e-01
-9.985532646436483528e-01
1.445494260304549528e-01
-7.974014725076072896e-01
-3.211270933467401667e-01
8.409498257987020331e-01
1.626467207850933183e-01
2.969038700479203485e-01
1.639560401980901250e-01
2.749936071362954482e-01
-4.550182036446999700e-01
-1.254637833125248070e-02
-1.379662697796387283e+00
-1.177117020247218315e+00
-1.771602266652397006e-01
9.524995728519078941e-01
-1.795819086283090005e-01
-8.259100449030574165e-01
2.530910929808551091e-02
1.056763905483397492e+00
1.884913875334823519e-01
1.063144452102755988e+00
-1.843744228507783467e-01
4.149797601250210799e-01
-2.094007602825893877e-01
1.171941285806872915e-02
6.275656294852036687e-01
6.995785753017184916e-02
1.713870050712783810e-01
-6.153534512379481569e-01
2.042327207567211089e-01
7.450315272999595562e-02
1.059172273152651611e+00
-3.363485447791639271e-01
1.538153699937159502e-01
-1.664961340424227221e-02
4.277367176540169957e-01
1.401601185553478512e-01
2.240447677986359132e-01
-6.043607891730409243e-01
1.668463691875524124e-01
2.667933808009584906e-01
-4.504311952682618081e-01
5.090459865336476319e-01
-1.091721593955759628e+00
-4.386475892138956834e-01
-5.719278960373788689e-03
-4.824952279176908942e-01
3.778768914232732423e-01
4.507445814750614677e-01
1.369617420851480860e+00
1.324723391611380419e-01
5.543145435348475480e-01
-7.657514151421980220e-01
-5.348688310923340739e-01
-3.676839471231263534e-02
-7.411171211092004718e-01
-8.669126317592975584e-01
2.279334972756027200e-01
3.577160201868022638e-01
-7.011313952791283777e-01
4.611016127945265913e-02
1.301600177823795390e-01
-7.470460539909917763e-01
1.077040443911698953e+00
1.034568286383054314e+00
1.586744095107179287e-01
2.624759262204621191e-01
3.291383908531415881e-02
8.803792018615761439e-01
1.324687317806230169e+00
3.778504869293392021e-01
1.320279332916211856e-02
-1.151804817230740186e-01
-2.749805063094599711e-01
7.727794422250342521e-01
7.933131803397854842e-01
-5.538624568591267172e-01
3.897697977592415319e-01
-2.990113686351922317e-03
-9.672263707869140914e-01
4.544965701492080790e-01
-1.257502669890995378e-02
2.987109916965060008e-01
3.315724705783566761e-02
-3.916392436569731128e-01
-3.620230413581880247e-01
1.220783372668772904e+00
-6.336004448391038824e-02
1.435312795400255637e-01
-1.502512189505340046e-01
-9.847249966073289285e-01
3.523038645061208340e-01
4.339887643999384981e-01
-1.127677213663413891e-01
7.541634815985159834e-01
3.055926650741144224e-01
8.569444920555988054e-02
-4.626690310664743899e-02
-6.637240120365323071e-01
4.102914491231384603e-02
6.772517389628981421e-01
1.678805572423517911e-01
4.743554513528856764e-02
2.157021437838518851e-01
-6.435351890564257327e-02
8.806031206604961192e-02
-7.631736012704406491e-01
-9.998066239390904775e-01
-3.932481293293442204e-01
1.404340255731382214e-01
-1.685663429281729353e-01
2.799482501288291791e-01
-5.005222073014836681e-01
3.091365894009457382e-01
-6.512756272223206855e-01
3.925449533991459128e-01
7.471304388464925506e-01
-6.614175157070563138e-01
-6.949858426939851119e-01
-5.756100013432658979e-01
-4.308087176406734109e-01
7.002229043488634730e-01
1.599605897006234068e-01
-2.699205071962532121e-01
6.494194978734056933e-01
4.708804279337912568e-01
3.582973866800333029e-01
-1.038407954001274169e-01
7.918265430584617848e-01
2.160049957292488887e-01
2.689704656432886920e-01
-9.879385808665988589e-02
-5.631400071716495814e-01
-3.232235922759389007e-02
-1.120040315793323416e+00
3.070057764131828848e-01
5.434228671520827669e-01
7.615258236838886585e-01
-4.403770566667729591e-01
4.728666855304496930e-01
-1.509537805387493048e-01
1.024417671347618297e-01
7.554243617782955278e-01
2.293226474103292334e-01
-4.319948852549824747e-01
-8.775050076865376081e-01
3.136226548846694773e-02
-6.164130900158343307e-01
4.463294252876064405e-01
-6.139116883900509469e-01
-6.144422213197667793e-01
-8.248023887491345851e-02
-2.729230450748657694e-02
-4.004077324784479086e-01
-7.047493968907040385e-01
-7.692760193050646178e-02
-1.223552087797770693e-01
-4.329998989117916364e-01
9.820482169809963136e-01
8.244338788953831099e-02
-5.114141720139040448e-01
2.079305962053965562e-01
4.923179721050164881e-01
4.827598770279181162e-01
-5.346841684313048404e-01
-5.252432519934722988e-02
3.496391542197800906e-01
-9.341708679341972354e-01
-8.474840383223083418e-01
-1.253480468468031628e+00
2.474112325994179407e-02
4.074770215039927868e-01
-9.522867526811238381e-01
8.818024586569407353e-01
7.096291166368080550e-01
-6.450173416433193641e-01
3.593938510070142089e-01
-8.870020468604190578e-01
7.256684986289412276e-01
4.497577429090846568e-01
9.664019920653356133e-01
-2.091590566562050446e-01
-4.536578961373610719e-02
3.624031264181178380e-01
-6.319408138964505151e-01
2.011634156036176124e-01
-8.343207250055454383e-01
-3.573568354389148882e-01
1.183256680231368652e+00
8.596083359371715638e-01
3.677593067246235359e-01
7.439044487758406099e-02
3.443876815234984679e-01
5.427197960966997220e-02
-2.659950998032310499e-01
4.898259279696018376e-01
-4.307399762502570617e-01
6.092701561807056798e-01
6.643551408801073865e-02
-4.997084137116531988e-01
1.702539142776476888e-02
9.947276116231987264e-03
-2.053864983068550698e-01
3.645151317931448753e-01
-2.518759471249305548e-01
1.256757259272156257e-01
2.638185592312676242e-01
9.404509389751326831e-02
2.900954177991413863e-01
3.997630079982215090e-01
-9.851728940505882770e-02
-1.366605860010576268e-01
-5.482052872240218699e-02
-9.239010728294264618e-01
-5.924520797389173365e-01
-1.875031692165046726e-01
6.675317000585995197e-01
-9.981842254099879130e-02
-5.399021310501588289e-01
8.199351270638098876e-01
-5.926328442461723522e-01
1.366938629525661641e-01
9.514191188991291126e-01
5.043887277426862825e-01
1.536169214149507856e-01
1.193566811298388264e-01
1.035943778364418061e-01
1.444549964284637666e-01
-4.285525654909135840e-01
4.904806982877772392e-01
3.973712944332505881e-01
-6.376255935421413223e-01
3.949963350714557064e-01
-2.477827340805906498e-01
5.046982935807383525e-02
3.728129556953337920e-01
4.689423280100907254e-01
-6.548269122671505071e-01
5.383606874133965714e-02
4.363358195848010546e-01
1.542892516455068586e-01
-5.812388050654271332e-01
-6.879468536770696474e-01
-2.914655926742877878e-01
4.233012122854110659e-01
-1.490008003661422997e-01
5.672739744326229516e-01
-4.332340480707982389e-01
1.333691756499792158e-01
-8.943304174954536112e-01
-1.678104151632708180e-02
-1.348880798206308074e-01
6.970437205992174867e-02
7.428039509382701466e-02
-2.967489862460379602e-01
-5.990601020279630040e-01
1.691492860565415313e-01
-4.027990225841889260e-01
3.970840197238987290e-01
-2.260261662048211051e-01
6.621726355832738831e-01
1.546602647954776755e-01
-2.182355858353087485e-01
9.673375228691373229e-01
-2.178815426632409180e-02
6.126700643273755853e-01
-4.161798965542987117e-02
-5.869174810665759301e-01
-4.066553519391131744e-01
8.365390478973325217e-02
5.160590813190577553e-01
-9.024312078953659055e-01
-8.419739949611431129e-01
1.422253361149060646e-01
1.900913316708301160e-02
-1.425509997180756175e-02
7.643987969863941245e-02
3.545612377852977448e-02
6.365900076896064963e-01
1.170796743273128937e-01
-1.277643868629292356e-01
-7.515423424152378740e-01
-1.239068516984652701e+00
-4.687829654003375923e-01
2.106658798845230662e-01
-6.389263613767416361e-01
-6.639469906159273238e-01
6.237620130033544319e-01
1.713345340633163072e-01
-7.169507817806204386e-01
1.155228939697981128e+00
-1.070541682089306779e+00
4.822657395636785471e-02
1.243669050020445699e+00
-1.487734327221571784e-01
-3.145270243082952666e-01
-7.711225558090832877e-01
1.132677653801899886e+00
6.510427313427624707e-01
-2.462980130650084254e-01
1.039806718085938719e+00
2.028678614686164894e-01
-1.290566483694352562e-02
-1.749823005541390475e-01
1.141674787319455764e-01
5.717535199815395597e-01
3.736062016415722109e-01
-9.255009271204862886e-02
-2.079040617893015142e-01
6.509795672055477267e-01
3.893033700947671205e-01
5.546934268322636363e-01
3.000753336285983397e-01
1.843232395750158403e-01
1.564479392532575341e-01
-6.788965714601716828e-01
-9.010998673628836664e-02
-5.279090596628037702e-01
8.785981938109681533e-01
5.054181156702776401e-02
-2.126865253465052286e-01
-5.058898132322783847e-03
-3.501556942905583725e-01
-1.599370771571496375e-01
2.398596473034486642e-01
-7.199253522269848105e-03
4.047077454335404889e-01
3.461903401032003780e-01
-1.840872136317081020e-01
-1.756097631439435813e-01
-5.015127442598499297e-01
-5.197527674290487038e-02
1.645047417660554789e-01
2.648740412449717696e-01
-1.199570473885067622e-02
-5.915360065298865822e-01
-3.395562249941284083e-01
8.942737972738235008e-01
3.168462547328523837e-01
4.140508437175684231e-02
7.260466453131925180e-01
2.394704676266811438e-01
-2.675457353778223912e-02
3.016523321474904318e-01
-4.906549500654532880e-01
5.720362663773855688e-02
-3.344153191588509766e-01
-4.182851939482448156e-01
3.888642372083039866e-01
-1.417966059518183330e+00
4.835626296011755199e-02
2.119267176660490359e-01
3.197622589860351083e-01
6.054812175288339926e-01
6.463835879366475190e-02
-8.092753047288606671e-01
-4.061204197302804020e-01
-6.204469936736712460e-02
-6.320549307696758934e-01
7.029885255562063895e-01
-2.111702567852936641e-01
2.038626275163435975e-01
-2.763854323688645365e-01
7.673956531597923014e-01
3.424799779736925620e-01
6.984759140203515848e-01
-1.735899559246721346e-01
-2.373200046004020902e-01
4.450802082330457821e-01
-2.634737589593414420e-01
1.283649223189446964e-01
8.176369250593837346e-02
-1.729027218491741569e-01
-2.019994827622449418e-01
-5.037169264243672728e-01
-2.997008807400244335e-01
2.131579407780636315e-01
-4.312150824815275119e-01
5.360730818090517769e-01
1.400217461815074504e-01
7.684228467690098485e-01
4.171578180235560041e-01
2.129043605266398853e-01
4.963715195272955932e-02
-1.069447144523939103e-01
-5.474838654649545333e-01
4.280912574490784439e-01
-2.320673716490680161e-01
3.472656105160683293e-03
-4.398175180571958776e-02
-5.632810548904203518e-01
5.309458711161201272e-01
-1.105769400224035359e-01
-3.503828953495436438e-01
1.471354424998227439e-01
4.332541485265005710e-01
1.143560780113531405e-01
-6.735826807504843305e-01
-8.213126493978389897e-02
-6.067091869404011018e-01
2.517371604284602410e-02
3.493477854222739459e-03
1.142883706732514160e+00
1.408054099441517215e-01
1.492933525587196997e-01
-2.058922357439491035e-01
-3.923054312993428105e-01
1.516206465565957395e-01
3.090436637497196437e-01
3.262776248744630320e-02
7.333207824765353156e-02
-3.731364097596924778e-01
2.119052641259577541e-01
8.291708966099858857e-01
2.617739721649620099e-02
-7.356108047398839112e-02
-1.043577972756906336e+00
-1.032895412912700595e+00
5.765487760993273647e-02
-1.267140197103369670e-01
-1.332416948230100928e+00
-5.865856559742075316e-01
1.135202438336353203e-01
-3.350512330669871974e-01
-2.774354339417612891e-01
1.136061232309994173e-01
8.954474595063310893e-01
4.709860434244496630e-01
-1.215373498026100396e+00
1.533248916728024103e+00
2.059177132735189042e-01
-1.342048726293681993e+00
-1.066424240346049435e-01
-6.092518124703413251e-01
-8.015735633322500220e-02
-2.025807709891872532e-01
-1.048340435659507186e+00
-9.834900690809393886e-01
3.000893832059053357e-01
1.279622323530499539e+00
-4.380550587922258376e-01
-1.129543934908918967e-01
6.027662876337485098e-01
-3.070442826345419207e-01
-1.535469762159492046e-01
3.529623043509380054e-01
-6.606471303318917077e-01
3.975288044428340051e-01
1.685476921611926748e+00
-1.234626915051428714e-01
7.166879448346111792e-01
-4.854025186581737983e-01
1.659228471319662834e-01
-5.315550554885601908e-01
-2.700590033271628443e-02
2.810987066716804095e-01
-7.008422211121138057e-01
-1.250165492776461384e+00
-4.747512112930369899e-01
-2.225196230361347061e-01
9.055659546974700880e-02
1.581754541473791020e+00
-6.256817983056511823e-01
-5.948912772551284700e-01
1.160831800192276164e+00
5.929713217586614071e-01
7.735093575402912647e-02
-2.441257616482806481e-01
8.484019536450811971e-01
-4.805794531853130325e-02
-3.868632427057792089e-01
4.359290130324136592e-01
2.248844373848049027e-01
-1.391324881577415962e-01
-2.040262801731571041e-01
-3.296770125392898820e-01
-4.506149840298960818e-01
3.698447485511879851e-01
-2.638985520175703425e-01
4.380842045011003327e-02
9.370361262314066408e-01
6.677448853511033233e-01
2.362030209054371555e-01
2.949984056772748109e-01
-3.526605448035369239e-01
9.784776768828433446e-02
-3.826237390218684142e-01
7.717872754074067698e-02
-8.527916291596954190e-02
3.465529987601241868e-01
1.408215362078010235e-01
4.607403520761463311e-02
-8.003644925171352065e-02
4.447352134534107160e-01
1.616577118952920444e-01
-8.171454789906684724e-01
-1.804928382808466125e-01
-5.829970818569692181e-02
7.974611417243382405e-01
3.261530651476932108e-01
-6.747617928442560531e-02
1.468115559874398068e-01
9.399008036935133092e-02
-2.280199435706997957e-01
4.521113309914749356e-01
-4.595807231273190685e-01
-2.599571778540213929e-01
6.395556288268449130e-01
5.322361849640834253e-01
6.074401399782572430e-02
2.173701638760411337e-01
-2.096363300760695214e-01
-1.433724877848297774e-01
8.812090827032011964e-01
1.697571535555746081e-01
-1.264795337414157950e-01
-1.705120613270610930e-02
7.649629061234922145e-02
-2.204023618159142162e-01
9.161132217931708954e-01
2.100704896540041278e-01
-2.235027848257870042e-01
6.218788500569033539e-03
-3.213369904510623987e-02
8.228278292096335989e-02
5.219555086301951308e-01
2.017594190744068094e-02
2.512256346622414593e-01
3.259882772490728109e-01
-7.118645386431382560e-01
6.975342082495271379e-02
-6.166758904870293101e-01
-2.966250527276113047e-01
8.344508116419703248e-01
1.685720984666365940e-01
1.094019207132701094e-01
-3.201496650781509579e-01
5.513004027011469271e-02
2.110648639187603370e-01
5.260323898542803578e-01
3.142580346503834332e-01
1.513890563305022308e-01
-1.665481011179430204e-02
1.473467298441822892e-01
-2.573618365130663777e-01
-1.068780190018720821e+00
1.988307956344485539e-01
6.493701279641574953e-01
3.731399441703010800e-02
-2.265562805468472329e-01
6.839874359065354348e-01
3.111391032942779078e-01
-3.119539849276115051e-02
-3.401939694151262517e-01
8.634176147609658181e-02
9.396014839741063940e-02
-9.975768834205603341e-02
6.467235092876860714e-02
6.341095706192999559e-01
8.260891637209133442e-02
-1.924459205917238569e-01
1.720199219698085868e-01
-2.220916815365712726e-01
-3.103959243080641750e-01
-4.140810679971856922e-01
8.089618847001422974e-01
-1.641329136617973306e-01
-4.343332612368645540e-01
5.589423818902979763e-02
-4.766320415966704971e-01
5.763766089148317229e-02
9.821943552324408078e-03
1.214820523755217041e-01
4.522767253314958213e-01
3.838542567350804458e-01
5.492022796874199836e-02
2.277722430843825974e-02
-3.170964137098182811e-01
2.093391733123886322e-01
-3.933895086789466200e-01
1.601568800316020280e-01
6.231387692695956604e-01
-9.140977171210147301e-01
-1.591198785060957688e-01
4.285669502157399280e-01
4.669233370651962312e-01
4.795658766172633536e-01
2.079768281049968193e-01
-1.737671762256529640e-01
7.225526695920836406e-02
3.906354449452850014e-02
-5.226412782871898977e-02
-5.385085263585362991e-01
-4.108006497392558964e-01
5.287689739021531610e-01
5.837750173977258594e-01
8.909765648837497665e-02
-7.172454585854665110e-04
1.172155848160159747e-01
-1.308172148175975602e-01
-3.032176173658655549e-01
-1.567611791074380312e-01
-2.659350732712892906e+00
1.886811570571710062e-01
-3.222569286035479319e-01
-9.262535743025276380e-01
-7.869710596762672372e-01
1.178120919594693339e+00
-2.431732467775092887e-01
6.770628673864158564e-01
5.205411381014592859e-02
2.681496568326677821e-01
-1.482291320583223548e+00
3.477667853341883664e-01
2.448373976074356972e-01
-3.261666526220200479e-01
8.174998035213919545e-01
5.894202680272409012e-01
1.374100742444016587e+00
-2.366401660035332560e-02
2.491022128585329287e-01
4.957086373563758530e-02
-3.659852054103499563e-01
-8.605640960153038144e-01
3.469632486406432070e-01
-2.745429354432838975e-01
1.820423401576850841e-01
7.549876316890470340e-01
1.073202310406880938e-01
4.835255691366739939e-01
-4.452831709727851361e-01
4.397138924019799999e-01
2.674836924980630859e-01
7.927398835712393677e-01
1.305829277636385288e-01
1.624782729433116024e-01
-2.411930631265187530e-01
7.571964083171571769e-01
-1.619029010028273929e-01
-1.466666587411497719e-02
7.522836386309333934e-01
-9.511214955948853189e-02
-4.492516167401422456e-02
-6.391208812523014871e-01
6.321127270227445694e-01
3.300332774866040486e-01
2.339049354223106114e-01
1.055424702856150587e-01
-5.383570851180660699e-02
1.111262886242661008e-01
-9.749923643654646588e-01
6.605384350426120044e-01
-1.854971583525716061e-01
-1.179580685180955241e-01
6.124890575901560386e-01
-2.790591404443636125e-02
4.016284009007682343e-01
2.575961883858902679e-01
-1.918147325419023580e-02
-9.177382217784268992e-02
-3.740495001903773042e-01
-1.996726384344028882e-02
6.905714506036524369e-01
-3.727208741768800460e-02
2.856263006776719182e-01
1.862616759393822541e-01
-4.667615333602044281e-01
-7.259571889444045301e-01
-5.255941307553738673e-01
-7.108154502981345324e-02
-8.296473296992245006e-01
1.065376768862826395e+00
3.780822977981672661e-01
5.770264174275381297e-01
-7.707230142351524649e-02
-8.467070591054841611e-01
3.477775102842570187e-01
-9.650463776568414254e-01
-3.832932730757592221e-01
-2.916283972432496263e-01
6.362395554590392077e-01
-1.017046202082338979e-01
6.071433347010180004e-02
1.024714814872668356e+00
1.628506890742565938e-01
2.948922168706148983e-01
-9.901597864525208958e-01
3.566203680084856775e-01
1.416683828086231056e+00
3.893551364203876597e-01
-1.226306729727548173e-01
-2.786171393566418131e-02
-2.992274372112913583e-01
4.040266876635001392e-01
-9.039121398676049912e-01
2.434484174497933140e-01
-1.555017296355670320e+00
2.002959741349892298e-01
-1.917808602742897106e+00
-1.341434753172274119e+00
6.008532402008113227e-01
-8.456390702981243512e-01
4.595035786730442551e-01
2.872394225248179334e-01
-2.019161740327911403e+00
1.748201634259745063e+00
6.670913971459695446e-01
9.530655226895334842e-01
-2.036186524389844266e+00
-8.813280491851495368e-02
-2.209632479446818065e-01
-1.264877918051305450e+00
-1.250632384359234184e+00
2.078075550235730096e-01
1.767581997644102287e+00
-1.275650602210319784e-01
2.921853478065312149e-01
6.986191652885869185e-01
1.655698614462057516e-02
9.749492842756194433e-01
-5.022492936720135415e-01
-1.967329664919889920e+00
1.494477166551714031e+00
-2.361020913457216874e-01
9.529576451299301976e-01
7.617682815337809554e-01
-8.043106502510204425e-01
2.651129247417540746e-01
-1.327034774641761894e+00
6.851132866246497644e-01
1.604957096280573980e-01
8.201536732776555372e-01
-9.164759480144801795e-02
-2.564662245441562405e-01
2.006851819597327058e+00
8.290109125180451510e-01
-2.920181409168405851e-01
2.862656379881606816e-01
-2.466741448397832825e-01
-1.471386097355786848e-01
6.997773811556543544e-01
-2.913897747612106959e-01
9.426639471122616465e-01
-3.176788837144998157e-01
6.744104532727529522e-02
7.607974248409326012e-01
-1.848747235039217840e-01
5.654878305212064360e-01
5.205681592941230340e-02
-6.379741365910462925e-01
-3.876545007348443095e-01
-4.574388689338252378e-01
-3.755343565675625661e-02
6.532247050851466841e-02
-1.798912454573634356e+00
5.328744130012346147e-01
-2.176755204228267848e-01
-1.605263226346945460e-01
1.160473761052301933e+00
3.659302780093002805e-01
-5.652720408016902454e-01
1.014849042304819315e+00
-2.050604282943930379e+00
-3.888634836494930802e-01
9.371506750025608845e-01
-2.296045803662174478e+00
-8.526216934549038506e-02
-1.241883748664440734e+00
-1.014557980127114956e+00
2.336639834641513147e+00
-4.430205038742361934e-01
-7.543708856587753031e-01
-1.218618883726397817e+00
-1.055767261637054810e+00
1.310118959535437000e+00
-1.568832399531059352e+00
8.523212464695957280e-01
2.338554607235198812e+00
2.197972709568318458e-02
4.653326902985208680e-01
-1.923139110082692227e-01
-6.824224025013103656e-01
1.314375991407769062e+00
1.366259418433940276e+00
-2.414292194475942122e-01
7.141746058830861221e-01
-2.027591788661800010e+00
3.403035199489289342e-01
1.502695385976972053e-01
-1.246225493438783527e+00
-1.094043845637380663e+00
3.915772483752173461e-01
-5.396214937633182496e-01
4.629332825979967092e-01
1.310677843592324976e+00
-3.404562555202826912e-01
2.034347341815995192e-01
-1.693173767451001233e+00
-9.262078863800171646e-02
-1.964366941148971257e+00
1.598330872093410571e-01
-1.489157364675257389e+00
1.041696477879769711e+00
3.949391348723607642e-01
-7.850714699706664579e-01
8.357239147468541463e-01
-1.842766791454531816e+00
-5.117180754394877740e-01
-2.266869412685776464e+00
-6.127582328653335964e-01
-1.085640869861736357e+00
1.826992699415901589e+00
6.579093305673155978e-01
3.596567746954733580e-01
6.229866454978306711e-01
-1.894570627995024459e-01
1.467828810981773202e+00
1.127469180982093366e+00
-3.623797896370094307e+00
5.093520389585456387e-01
4.700639538260804606e-01
9.095836968862812677e-01
-1.141493678796192679e+00
-1.539038824474785183e-01
-2.615968700515247103e-01
6.728475774120735720e-01
-1.013288486960834289e+00
6.498845030047434301e-01
1.150399507724331638e+00
5.039804724626000265e-01
1.433290868289682218e-01
-8.354133649148079988e-01
-2.158624899775711814e+00
2.881610625208546120e-03
-3.213281970815996536e-01
1.269484834638262560e-01
-1.654294162062027729e+00
-8.273544841501218050e-01
-1.194088360927961778e+00
2.769700881997160913e+00
-5.590396421194439025e-01
5.487892457693547277e-01
-1.582910027039524437e+00
-9.649172658528070157e-01
3.291749507730010738e+00
-1.539417476500685389e+00
2.002127962853176513e+00
1.483772229468764303e+00
-4.947100707483907955e-01
-1.123861874629668911e+00
-3.874410965120744232e-01
7.128299974220564383e-02
2.696651764029121434e+00
2.767787570972340960e-01
2.082334951515165677e-01
1.801630063229255063e-01
-3.859201468167990923e-01
-6.837457744198325305e-01
4.059448219664768542e-01
-1.923697615186472865e+00
-4.182877102764490096e-01
2.664532632692799274e-01
1.305017343869477209e+00
2.550069623752362902e-01
1.447510893855519010e+00
-5.966271294435366856e-01
1.758541835224142480e-01
3.098091136827182401e-01
5.978161640319969994e-01
4.997418875563493235e-02
-3.762329102493169874e-01
-4.212463827775420055e-01
1.423829594486833328e+00
-2.319378708472154826e-01
6.055027234450259810e-01
-1.185777458201255463e+00
7.316133402694691146e-02
-5.800339691173798107e-01
7.855405336605322253e-01
3.317566590043982133e-01
8.894025720292284554e-01
8.374548862414286921e-02
3.653308628229621352e-02
-6.773087706024231158e-01
-1.323619663336026875e+00
-7.841371122943914251e-01
3.462766535894825637e-01
2.633344524686665467e-01
3.092547784053269466e-01
2.325247689419357444e-01
-8.218218466521812759e-01
-3.942461152105099509e-01
-9.422453889385562498e-02
1.578829179660800719e+00
-2.329184521605015323e+00
-2.634534697840473783e-01
-1.533352904252958337e+00
1.821224019190532672e-01
1.134497432254174765e+00
2.721100794692639102e-01
-5.560703368027859472e-01
-8.061076831626371453e-01
1.247966692281894940e-01
-1.404257023766383838e+00
8.333155410927622908e-02
-3.796293900992208092e-01
5.332046724787193881e-01
-2.453469520271456705e+00
-4.390681776864567287e-01
-4.433646613639685707e-02
-1.008933773340258577e+00
-6.689640369099039696e-03
-6.043945978000948571e-01
1.081546280376388003e+00
-1.096661519631712212e+00
-8.082159952333634045e-01
-8.568389616851741497e-01
-8.841192578595741258e-01
1.678114268799297815e+00
1.223500873160656477e+00
-2.890867111231391548e-02
-6.706066962936696463e-02
1.150709279178344646e+00
4.109399109640278214e-01
-1.599179306364455044e+00
1.512242743924505362e-01
-1.465729096207258442e+00
1.675122963393322895e+00
1.259695915052452486e+00
-8.453926876526155487e-01
-4.401281065177831686e-01
-7.394266477758181244e-01
2.124492151917094507e+00
-9.750565760107767765e-01
1.989503838914210565e+00
6.526660056091965201e-01
-7.363242091902690856e-01
-5.100444754921233947e-01
5.072747360623931501e-01
1.652330962327736019e-01
-1.057087608866742245e+00
-5.915093050186105428e-01
1.473155533052469268e-01
1.340883635324177647e-01
-4.902270700033037887e-01
5.146859074024312530e-01
5.031774868135509005e-01
9.775635106455637935e-01
-9.534305621010636944e-01
-2.647408883833951565e-01
-3.712153684880084015e-01
-2.232058843293822203e+00
7.633718666343541903e-02
1.594265371522064934e+00
-2.686101146731433520e+00
3.262271384287646070e-01
1.068323940489154911e+00
1.324720440060753179e-02
-2.170302829612619000e+00
-3.637298834147653537e+00
3.051925144510877264e+00
3.233362837725977101e+00
-2.389615863012354069e+00
-1.211306666742990146e+00
-6.352362101027884123e-01
9.055524359726552230e-01
3.990617107044504563e-01
-6.401628640629053457e+00
3.121046119863897683e+00
-3.666240983138214116e+00
-1.508949259247596375e+00
-4.400141609734598447e+00
-5.491808404122134668e+00
-6.510761305807491794e+00
-1.908370455630942431e+00
7.580177829460139627e+00
-2.136103742976488196e+00
-4.959964391422698959e+00
1.412715505749402745e+00
-8.844888302014476400e-01
1.632480042590261693e+00
-2.791240773004948661e+00
-2.062997551700930021e+00
-1.514388330853947640e+00
-2.672921778387202352e+00
-1.288317682529526387e+00
1.045389400129556279e+00
-4.427412534056970883e-01
7.394037093550971385e-01
-4.659179054915074669e-01
-1.865565906483104275e+00
2.069326930955636357e+00
2.549797004265212941e-01
-3.285481799113397994e+00
-1.995731270929139711e-01
3.052331361349875927e-01
-1.641396249654510253e+00
-5.499309445857793577e+00
4.037911705187065436e+00
-3.238673990738900610e+00
-2.323187824422788594e+00
-7.528856264173071633e-01
-3.873005968810283584e+00
8.114420628934138069e-02
2.170039630287993848e+00
1.937620469037387716e-01
2.724309168382013091e-01
1.749465819915395182e+00
-5.431846187055162645e+00
1.369945761717471067e+00
1.829900161665107827e+00
-3.086089095388155901e-01
4.213821220994802275e+00
4.259889680827931180e+00
-1.358515612588147459e+00
-8.450507398254237801e-01
-2.620439556939734960e+00
6.225112892192748992e-01
-1.151766060032769490e+00
3.507408775650882049e+00
-2.677391767443115800e-02
-1.433993758260828866e+00
8.680957756649467782e-01
-6.151142507616123023e-01
-8.770071273960877711e-01
2.942195497089067358e-01
2.916971120915441862e+00
3.052826339533739830e+00
1.099561900812472626e+00
8.769226860259168310e-01
-2.149860802363786405e+00
2.784493327563314358e-01
-1.351869623867381298e+00
-1.798244579851032920e+00
-2.792910152643705013e-01
-2.799757341259013987e+00
1.300724465266607788e-01
-3.439711557823934562e-01
-4.133129936388401759e+00
2.504412420080457391e+00
-1.078854811136939595e+00
3.014455147131718249e-01
1.197874034161882761e+00
-9.604615384079060458e-01
2.862895440662076296e-02
1.291401212764313966e+00
-6.806509855003681775e-01
6.767927519276090154e-01
2.182557567249306718e+00
-2.262916509457924552e-01
-3.370779902275369722e+00
9.988418333854426345e-02
-9.240074423129006342e-02
-5.959496777329695849e-01
-3.700540171368150499e+00
-5.315258180073135774e-01
-1.122935268695218092e+00
-1.754234912044233763e+00
-5.744469881316016657e-01
-1.695704279902310097e+00
-2.008567523291923340e+00
-3.880601808677285547e+00
-1.036179112874025421e+00
1.272628147544544674e+00
-3.218846900632171604e+00
-1.494321533038251437e-01
-9.522782274016474702e-01
4.471296904087059154e+00
5.439235129397458346e-01
3.685820408781959046e+00
6.240570148926513072e-01
-6.618950032228907432e-01
2.136386228259965936e+00
1.611866481145187713e+00
-4.292327808834672798e-02
-1.287400746759889580e+00
6.060895575226617815e+00
-1.578301021626242751e+00
5.698300973194437846e-01
2.135867452413560574e+00
-1.191189833655597274e+00
-2.579236644070145523e+00
1.297063267069354264e+00
2.114320745657137124e+00
1.349993390397809634e+00
1.509874559427994312e+00
-4.877381923376494233e-01
-2.402982574915710767e+00
2.677115981535677092e-01
3.567709907499551747e+00
-7.871488437088467460e-01
9.547475756907657374e-01
6.529311042316019442e-01
5.512552476321552763e-01
-3.773815573762068887e+00
1.170197035450732947e+00
8.613893395977055834e-01
1.534307287939563169e+00
-7.845615877578437924e-01
-5.835404345508614643e-01
1.398314998693305444e+00
1.695535301971307640e-01
3.456374117477871266e+00
-7.243003212404558466e-02
1.358002782634694539e+00
-1.122502398350323061e+00
1.980956549823682966e+00
-1.825639626707343144e+00
-2.080015568762750566e-01
-1.924122257392988811e+00
9.382459201995683173e-01
-1.049591244232831455e+00
2.146996717127884757e+00
2.609586764598728625e-02
-2.705474019323655943e-01
-1.165557025736676522e+00
-2.174303917225174909e-01
2.080841668409382450e+00
-1.356180351800794215e+00
2.512959965333359413e+00
2.045947328120903297e+00
3.222727904068212190e-01
-1.335833513910905213e+00
1.256616226667729430e+00
-1.949389266535496434e-01
-6.013928057545606110e-02
2.436282215623867820e-01
-2.987444251587280108e-01
4.780746868809382932e-01
-1.606324846545704510e+00
-1.036636589970358679e+00
-2.674248088983630645e-01
3.861451670565899108e-01
2.390891215766896838e-01
-2.155384702436506927e+00
-2.533332689677047500e-01
5.221929714494406571e-01
1.784140584265383023e+00
9.501872971733529849e-02
7.204833151682107362e-01
-6.732722338738116319e-01
-1.853223380966239953e+00
3.803082545639185907e-03
-1.544982982499765845e+00
-2.051967856326045725e-01
-8.262293147371187196e-02
1.865531948062320478e+00
3.426316095460558153e-01
2.557103568634455648e+00
9.761812913114451540e-01
1.704645687010081512e-01
9.908022743599147475e-01
3.679255131525848710e-01
-5.292719678596501109e-02
1.802388489725227583e+00
2.742477980357471146e-01
2.703501779692323304e-01
-1.587243137928008307e-01
-5.131911102050784601e-01
1.052911153048023518e+00
7.709085083990729892e-02
1.218451173332066650e+00
3.079482101797573201e-01
-2.212992968852541265e-01
-5.883864072764817266e-01
1.191528788768633662e+00
-3.462097385669050120e-01
-8.650988025443181462e-01
7.600942960429887263e-01
4.484423645806880909e-01
-6.418292333589659115e-01
-1.843606146516874711e+00
6.511500450066458612e-01
4.484225568954893215e-01
8.728011433664681906e-01
1.479560832552670124e+00
1.098709218707475260e-01
9.357563292402149013e-02
1.385768071373536803e-01
2.618007130624744883e-01
-1.436307125050183264e-01
-6.520552016895425629e-01
-1.810128179215689359e+00
-4.238556726016642351e-01
4.167119917428457887e-01
1.128158292780020000e+00
9.396311128159977599e-01
6.373270782639496312e-01
8.033858788130759931e-01
-2.473840056748137506e-02
4.690038716405308672e-01
3.217360940643082534e-01
1.209998004242964109e+00
-2.755691863222559101e-01
1.757717674325274537e-01
-4.168351345024930987e-01
5.465886422765913188e-01
-7.379654813751230780e-01
-6.858036494847497000e-01
-6.808170260380516092e-01
1.253537633924379557e+00
-1.621122525211821097e-01
-1.828242538095394276e-01
-2.345130663874982258e+00
8.675866452307863241e-01
1.053828321199366869e+00
2.913192807161333331e-01
6.126241498416061804e-01
4.287086657960477720e-01
8.457540810736834114e-02
1.410941535419118820e+00
4.440785100309400102e-01
-6.264784721711446069e-01
8.663709246884461201e-01
-5.672725381050025550e-01
-7.186084954215923304e-01
6.946581228107203687e-01
-8.635123106754569733e-01
-1.138427869337532927e+00
-1.569705111132633668e+00
1.363470205428606974e+00
-1.979212794230368999e+00
6.707895102563559142e-01
2.042848341997260606e-02
1.502915583906974772e+00
9.674445037097167965e-02
1.885862948604012379e+00
1.039944218338487436e-01
4.346614603549676104e-01
-5.928471533810644178e-01
4.677732236443075120e-01
1.195918496351250138e+00
5.574100843049421133e-02
1.775074687613014957e-01
-1.105447175109641300e+00
7.381416248021960280e-01
-1.029103394054682874e-01
6.256560788535923123e-01
-1.465685120918779782e+00
2.942676782393246482e-01
7.906990882133015930e-01
2.046117876642452871e-01
-7.255060590821447164e-01
4.775617665638690057e-01
-1.490888682036787261e-01
-7.450517206120050862e-01
1.846974780496933310e-01
3.797293957787113428e-01
3.774076796307442860e-01
5.799490318589166638e-01
-3.978141780102623648e-01
-4.991437642538214953e-02
-8.713840200892030152e-01
3.952224354072604307e-01
9.086946844494953046e-01
1.828820034074218892e-01
1.265486420672282675e-01
5.789430271026948516e-01
-1.584115128998893063e-01
2.479780421811564675e-02
5.039165896965822622e-01
2.135236161694340495e-01
6.222200064825016141e-02
1.985085607404873387e-01
2.041799603356520831e-01
1.489355745335439740e-01
-7.084199385177157859e-01
5.891395458986302680e-01
2.020045701226445833e-01
-9.331591960942290376e-01
9.121484204956590292e-01
-7.907375460807033463e-01
-1.548981864482098736e+00
-1.803143116481679353e+00
-1.728017353366543551e-01
2.177300360695837433e-01
-8.150919512433416614e-01
-9.229544735089776353e-01
1.030951499566074459e+00
9.245790009252023989e-01
-3.291949794016422182e-01
-2.197292688452310738e+00
-6.657511347895356257e-02
-8.315679722879700808e-01
9.956886084108207413e-01
-1.639734884611931121e-01
7.502727961589743533e-01
-2.154519022817410756e-01
1.830477882581112770e+00
6.021760806024525348e-01
2.396631235007770366e-01
-1.789959401594939936e-02
-9.377517693991803682e-01
5.851945193101881770e-01
-3.136608163911036029e-01
1.445830189128892163e-01
8.650917653742430380e-01
3.020478513492327877e-01
-1.274630053849744316e-01
4.662276857759308779e-01
1.042705424852573337e+00
2.139960155359708072e-01
1.696952732626466065e-01
2.532051681281214384e-01
2.454588115205791898e-01
-2.501558647752011658e-02
6.685128056123415541e-02
6.069626458717209960e-01
3.946614620851945920e-01
-4.725363497711156102e-02
-3.767072943594846901e-01
3.182989880309113895e-01
5.039989751437565779e-01
-3.532198345299024100e-01
-1.710254875817899256e-01
-5.157896358397294490e-02
3.339944292711750640e-01
6.356378646046256797e-02
-2.552131125648182675e-01
4.928369986218089083e-01
2.830681687240583222e-01
2.651732402195629001e-01
5.473001818296930887e-01
1.134116498180235549e-01
1.787959291507707979e-02
9.193983927168400960e-01
4.649858691120388465e-02
-1.270978106596039270e+00
2.402659700391757136e-01
5.722184318757047583e-01
1.101435888334093560e-01
5.553698657132712935e-01
-3.417968454330733707e-01
-1.826493290864812158e+00
3.589905995038612518e-01
9.121817653081151223e-01
-1.179702744695790173e+00
9.879084883201413314e-01
-1.885338237963693819e+00
-6.852498134561322285e-01
-2.555947670671356864e+00
-1.383350053413003433e+00
3.350186547408863458e+00
-3.440703227781988227e-02
1.001905766955448751e+00
-1.017984637151274852e+00
-1.524639253174598252e+00
-4.709953526266984908e-02
-7.357517816490971585e-01
-7.361457375522058033e-01
-3.060985906901033449e+00
-3.745725707101474344e-01
-7.662570726199211535e-01
-4.566253146426988430e-01
2.447926621022132210e+00
-6.008156475291979159e-01
-1.189580584894341264e+00
1.705242336710834028e+00
-1.898270692355984668e+00
-1.084851484638286179e+00
8.280929193940430588e-01
-5.505381955125282500e-01
1.821646031249760433e+00
3.449030743558058609e-01
-2.653437395621145445e-01
1.886449104247010622e+00
1.593036946693264511e-02
-6.272102726911717163e-02
5.212561841559237852e-02
-1.593604910090801408e+00
-2.471554911537742483e-01
-1.173308125331930851e+00
-2.786694850192428241e-01
-6.886382751181377437e-02
-2.421944446600528877e+00
-1.219134912556891770e+00
-6.945717543224767532e-01
6.657877226408798199e-02
2.559198679406043286e+00
1.038644797580227541e+00
6.331220291417826163e-01
1.371874316872094157e+00
9.369969978859743476e-02
2.772718677013461530e-01
-2.030461828838648231e+00
1.552811045055374484e-01
8.677104930109582615e-01
-1.018683165865021278e+00
1.636767017000149371e+00
9.313795187178132151e-01
8.856929047676623812e-01
1.268924681624634121e-01
-4.054673111469508928e-01
-5.453955168392893293e-01
1.704799671256401195e-01
1.745540470325208426e+00
-1.813216057758324229e-01
4.396896583114859869e-01
-2.914571160710999198e-01
-1.519594814496920687e-01
3.332495828746679933e-01
-4.774444639931786916e-01
-2.213159291475529589e+00
-6.007159979911723680e-01
-5.116578503750832674e-01
-4.770064373841747390e-02
1.026857473652391661e+00
1.709930604868294124e-01
-1.285683623726071367e+00
-3.656983527942101464e-01
-4.875139345550029146e-01
-1.119620170122097580e+00
2.774326372045323730e-01
-7.187747656909969640e-01
1.254108724755352622e+00
-1.195474218330949023e+00
-1.219422663546771216e-02
2.379372539994988323e+00
8.423352641311984135e-01
1.027190769109575186e+00
-1.835653226225839041e-01
2.399060299875243052e-01
3.810967363956391241e-01
1.078049442404554581e+00
-9.540694543827481222e-02
4.085051946087129293e-01
-2.102331518212527117e-01
8.167103981913952093e-02
1.191836668301452962e+00
-1.827468545218637330e-01
-3.170837227038853512e-01
9.955807655713050375e-01
-5.844502149340876640e-01
2.646126378842737492e-01
-1.161379454713605264e-01
-2.892086812056865464e-01
-2.607454476772790852e-01
1.544480707332855474e+00
-3.833561365411621014e-02
6.587310554992287237e-03
4.165420359350437418e-01
2.917274511829569261e-03
8.708445594707800996e-01
-2.858985233641076484e-01
1.400242017520278714e-01
5.681715471315714749e-01
-1.260927124099600727e+00
6.305099397431316310e-01
2.555608145162913680e-01
7.325970249025243186e-02
2.772628223912615986e-01
3.979015085823172510e-02
-3.686961140438673734e-01
1.443250289170256995e-01
-6.216596779967639014e-02
8.700475540190028001e-02
9.087988424141504318e-01
1.426668123169732683e+00
4.937568610500442379e-01
-1.205645680984057805e-01
-6.749873556461687407e-01
2.914162140437994708e-01
-3.433161026683466122e-01
-9.937820234352233717e-01
-1.438771523519664974e+00
-2.129192741097888641e-01
1.097425411174669518e+00
2.987193612898729755e-01
-3.146853938554607100e-02
-1.118106422298179581e+00
1.080224272779836792e+00
-6.044230001960250176e-01
-1.271499407628305933e-01
-5.630283941538307690e-01
1.687177698647187807e+00
9.804945850393751439e-01
3.699035391976742693e-01
-1.604252655362519431e-01
1.238745858828912277e-01
3.228889025098693466e-01
3.246417273955744531e-01
4.232967541026581015e-01
-9.792228429321191141e-02
1.280715678633543297e-01
-4.575185325553172699e-01
4.660029770232311241e-01
-4.396431324280122843e-02
3.220814903491331371e-01
4.584659028588695673e-01
2.611223790044467363e-01
-2.813280496689843924e-01
1.808331285950840472e-01
7.243584163335872739e-02
-1.169194494715528332e-01
8.002883739099101446e-01
-1.350129083050254919e-01
3.935170357900662497e-01
-1.897259846690155793e-01
-1.577412995487450231e-01
-1.505257835760193119e-01
2.879051492090874964e-01
6.051689492615763832e-01
-3.394717303918606821e-02
4.987255390549759637e-01
9.929048140320978488e-02
-7.529588256662138601e-01
-1.943053842901201755e-01
1.821665733981405466e-01
3.572553848095441631e-01
3.790393830805888209e-01
1.399279577019450493e-01
-1.385104362092276942e+00
5.064952174853392108e-01
1.278750763481397934e+00
-8.352857062397667232e-02
9.208269562751313364e-01
2.946210976078079691e-01
-2.608335094454390379e-01
8.324733905838826997e-02
4.028025430982069000e-01
1.934676264264016676e-01
-1.615130849181350969e-01
3.164574799789100501e-01
2.260057862606029699e-01
1.247746446773887880e-01
-1.568592371825637821e+00
-4.718558351276643248e-01
-2.388822404245815600e-01
6.627463780038258534e-01
4.665027404929817378e-01
-1.127115900564299444e+00
-3.669660968965499093e-02
1.324220794887277064e+00
-5.010716930770844346e-01
-7.739851936765199114e-03
-1.463106569337658591e+00
2.940567009518721964e-01
-4.861810295670384585e-01
-9.690662846455549984e-01
-1.618048793978898559e+00
9.629440511513861489e-01
2.322918492059223017e-01
1.252076699768620127e+00
-2.401423486003245733e-01
1.470465455421030576e-01
8.493738989175984022e-01
2.972984213160685396e-01
-2.399827852766643066e-01
5.622373316665058018e-01
5.260029706893449841e-01
-1.487763169160052912e-01
4.362510029191601912e-01
-1.500990836367473436e-01
3.047036905595140732e-01
-1.187588040104685938e-01
-3.163815174101157757e-01
-4.082296178255214736e-01
-6.345479103844737789e-01
-1.090160952626385155e-01
6.840183833080110132e-02
1.829181368840250843e-01
-8.793677930256740272e-01
4.186249265157052091e-01
1.007907555851832448e+00
1.044591184845760967e+00
5.625678787919154988e-01
3.593415196910872966e-01
1.448335672352756842e-01
-3.978359939816699109e-01
-5.810647576439798012e-01
-7.589463877966283745e-01
2.133125176726002881e-01
2.567411592941982734e-01
-2.076803427434685267e-01
3.130146929712278592e-01
-5.945600794319492177e-01
-5.000500657226847334e-01
-9.234067396290693286e-03
5.840195486859471874e-01
1.319632985305425332e-01
-5.633436346902154224e-01
-1.032912104156659128e+00
-1.709747054316632653e-01
1.832011035004536548e-01
3.633381996713541673e-01
4.092067884949769363e-01
7.781239607841201611e-01
-1.764171036025019346e+00
-1.805500711284931392e-01
-7.993343153464349538e-01
-9.560933503113224763e-01
-3.773297556361402405e-01
5.011439891634861254e-01
-1.213362854307231231e+00
1.513220480681476410e-03
9.606291281733783105e-01
-1.199756835625726659e+00
1.959532264127403778e-01
1.310099143612034611e-01
4.202104193339220028e-01
1.049251078000532633e+00
-4.178019560428667956e-01
-1.187120682377139635e+00
7.341416856667762891e-01
8.686299617664566819e-01
8.785776767320010450e-01
9.313356532552562461e-01
9.579461379735345616e-01
1.666225431098184717e-01
8.741792293411915216e-01
-5.713151962506215487e-01
-1.327173096887239279e+00
-4.658567911663925587e-01
3.727832452654961104e-02
-5.938481608681508428e-01
3.322917130796594343e-01
-6.339211074255810541e-01
1.293348699350014286e+00
1.683873593713741679e-02
9.920665678955109534e-01
1.600732683980770621e-01
-3.877641073477092748e-01
-4.492272312395137468e-01
-1.562097663603624564e+00
-4.786357945361143784e-01
-5.666340695462107613e-01
-2.993821791493413431e-01
-2.131466998919549383e+00
2.872070119013696576e-01
-3.805267232163803914e+00
-1.728076152445990610e-01
-5.163015148608686822e+00
3.480871545104002873e+00
-3.627861545979528479e+00
3.370075732938152324e+00
3.331312896964386816e-01
1.257473600210610609e+00
-7.074145784048991858e-01
-5.478086308590418563e-02
-2.974361957990946159e+00
-1.492510299235624505e+00
5.893769029233616452e-01
1.948797873198682140e+00
1.419681237782698169e+00
-1.369292647786197081e+00
1.473996624550560686e+00
2.128308068894274818e+00
1.079838338902800454e-01
3.592688822968732043e-01
-5.915511478328001616e-01
-1.854395232935597271e+00
-1.275148306289814126e+00
8.462995588733385199e-01
-2.290617120399676132e+00
2.062162824883508327e-01
1.671003298718976682e+00
1.426501305653346652e+00
5.547889789579184550e-01
-6.412076626896849874e-01
1.990071488803313304e-03
-2.281635395923996779e+00
-2.566765842583825119e+00
3.206001275376859638e-01
1.886791345088522753e+00
8.145339282668091485e-01
-1.299318381491119778e+00
-1.368453042619584448e+00
-2.503725789595374174e+00
1.691746010612199091e+00
3.165967852869670196e+00
-3.833662680881162466e-01
2.506662497939890599e+00
-3.634762012278325988e-02
5.156856850205840948e-01
1.477409474773846432e+00
-1.475728888216688128e+00
1.670133022772840370e+00
-8.097921754146821804e-01
8.973826998318548687e-02
1.291225024934907983e+00
1.319729562063737482e+00
-1.386908114884045196e+00
1.064861401341150593e+00
2.649013301911821383e+00
2.274339423361396439e-01
-1.355276531871212775e+00
-2.175015878383047774e+00
2.951206440325144786e+00
-2.136566974674341535e-01
6.353539978696030044e-01
1.099137703052263326e+00
-2.860761934420933628e+00
4.030674455235624398e-01
1.738475695312468039e+00
-7.288687685080220691e-01
-9.441927516625555628e-01
-1.205812902965230249e+00
-2.917339992898401180e-01
-1.534430975111585438e+00
-4.309520923361510047e-01
-1.648287881337882288e+00
-3.234489307159742477e-01
1.785442913978897872e+00
2.056890423758326591e-01
3.527137125446524912e+00
5.494013741487030478e-03
6.352284480899814678e-01
7.539274231429552442e-01
1.415413036132813496e-01
1.024770426210423746e-01
-1.368917310288111810e+00
1.135808223045906562e+00
-1.369262731823099877e+00
-8.153707955915077132e-01
-1.112229625625801743e+00
3.778874883290270770e-01
5.626737805514722690e-02
-9.334275458441342321e-01
2.287464561703983268e+00
2.246337612571754072e-01
1.056014187357779077e+00
9.308382869408671212e-01
-8.039502139011035498e-01
7.035047690552010957e-01
1.057637423458593240e+00
1.161683517689712647e-01
2.367601004406884868e-01
-2.883696906128664361e-01
8.727938744683540195e-02
7.865448314631076077e-01
-1.742874858462126891e-02
1.735866431861859682e-01
-3.089726805195431858e-01
5.077897215928761643e-02
8.277856774406542328e-01
4.776655424867639055e-01
2.424689122794625867e-03
2.972529306904915791e-01
-2.121147341467838066e-01
-2.648548201506907285e-01
-2.689928925244769453e-02
6.393625049516954428e-01
1.580676677249912843e-01
1.089093414274189264e+00
-3.324573646922752285e-02
1.734661675732802333e-01
1.618056740721725006e-01
1.494860199996753958e-01
-5.689706850244597991e-01
4.403871742366797792e-01
-1.763893273313120735e-01
-4.233590701519087673e-01
8.252012610821449767e-01
1.608732650027411559e-01
-1.477236610933986005e-01
3.158518024320227657e-01
1.013794150600484251e-01
4.961010997904680836e-02
2.900443286523142761e-01
-4.458164212519257763e-01
5.187360808880000507e-01
-3.183310450205487085e-01
-3.553596164313012618e-01
-1.189825092916087179e+00
4.085129962845259199e-01
6.794971561753663236e-01
4.321456498631193188e-01
-2.370262661812103100e-02
1.405807537253170647e+00
-4.969845198794872743e-02
5.048924038428203032e-01
1.444990022084838843e-01
2.520248394079198651e-01
-2.483575789579707815e-01
-1.837555460539598562e-01
-6.591239349800792624e-01
1.614755316140608077e-01
1.062442252696559786e+00
-1.219092745488723484e-01
-3.127633777033183571e-01
-3.238658672229311475e-01
2.659950833772454226e-01
5.731636203070973323e-01
-2.493321119085278315e-01
-9.669278731418898820e-01
-2.235148104455679796e+00
2.725746718632806043e-01
1.050604836705213874e+00
-8.649803275597517382e-01
-6.794699909984687480e-02
1.152099203751600243e+00
-3.615057503113719428e-01
-4.327176944895640420e-01
1.040093201790588950e-01
-6.796366440308856394e-01
2.991552655648090919e-01
9.619577889846001595e-01
5.307472462476537922e-01
2.598979883846454508e-01
-2.496175795967413846e-01
2.948520183284590312e-01
-5.590279081983529075e-01
-1.450849214136449516e+00
-1.524617814396318771e-02
-3.368305771232404378e-01
-7.176111990998192969e-01
1.128172602062540858e-01
-2.741335481911918448e-01
-8.870523596711746839e-01
-4.346170334711655925e-01
-4.316138952611628388e-01
-1.216310246368970116e+00
-6.772493479258827609e-01
1.134788288155754943e+00
1.189092567490173391e-01
1.279640426329358149e-01
9.774459862339501814e-02
-9.869236111111200083e-02
8.490352501747161496e-01
-1.030415920897621573e+00
-2.518572783444598118e-01
-1.940852972663626108e+00
-1.946863596495432558e-01
3.583413517230443768e-01
1.962196378445161704e+00
6.397693933160991664e-01
-7.609258011762767282e-01
8.678334818573919529e-01
-5.226865205497857048e-01
8.814021539357674850e-01
8.978817369708046447e-01
2.635528061249463594e-01
5.902043229106341826e-01
-8.260480946248423273e-02
-1.861730646908394293e+00
4.861900380606529182e-01
-1.313841206824106767e+00
3.131276405694664589e-01
6.701382688452205416e-01
-2.961066638384987071e-01
1.907218884794849245e+00
9.999457469884072136e-01
-3.769287233910331714e-01
-6.466406931268113834e-01
-8.462556892167815148e-01
-2.844751623250842409e-01
-2.558923391995636676e-01
1.024816550485735611e+00
-6.718353060207180039e-02
5.893324461378224299e-01
4.486291054022507607e-01
3.523118623478375122e-01
-7.823349863256972014e-01
-7.235624310827288852e-01
-7.952211673515977575e-01
-2.034308723869964197e-01
1.200724595689465435e+00
1.584855341264311379e+00
1.501038491993751944e-01
-3.435788615562069825e-01
-2.966969135403609847e-01
-6.317586196508175878e-01
1.482011146817560521e+00
2.390399903425001749e-01
4.396689100564685759e-01
-7.525823998931742420e-02
-3.051456111940671970e-02
1.125990440721374164e-01
8.284421442492720389e-02
-6.637792965310565507e-02
1.073536474678324359e-01
4.048551031027899927e-01
2.719868842271475073e-02
9.992852134591001523e-02
-2.893169110388248422e-01
3.879632181259382029e-02
-6.867458151570843272e-01
3.936169730080277263e-01
-1.069093399123366706e-01
-3.338850058277577360e-02
7.990030113262731187e-03
-5.952132401374252701e-01
2.730001630499317433e-01
-4.049450184722239166e-02
-1.022924926431823117e-01
1.585222704426922480e+00
-8.810457036353551430e-02
1.637969443307380479e-01
2.708160895665262524e-01
1.221863321468203534e+00
3.990417994700465876e-01
-1.232339712837230428e-01
-2.548875024887563567e-01
5.799382287280768072e-02
-1.402688613423619390e-01
-1.816949161238041316e-02
-1.290297278644418622e-01
-9.418261066471231846e-01
-5.269040993698086428e-01
6.522268225064399294e-01
-3.545882039599975721e-01
5.259116359665799711e-01
6.309293973009616474e-01
9.967899538093571987e-03
-2.762524876119776263e-01
-8.182839734673844623e-01
-5.349209764259925670e-01
-1.127747135086564455e-02
3.101350799766767197e-01
7.555745403838970420e-01
4.055691427130813098e-01
-2.270212522892555707e-01
-1.193701544857284969e+00
-4.550397478084027697e-02
-1.428921882528406906e+00
1.439783484886089093e-01
-1.148611966829207603e-01
-5.837198894504509739e-02
7.865669499585026259e-01
-4.561393590131616604e-01
6.057810580443955262e-01
-1.682150736264942603e+00
-1.044275776474529627e+00
-4.544496911165987751e-02
1.633660916626500023e-02
-4.771715680408272209e-01
-9.314847017462175582e-01
4.953224474412387668e-02
1.553503133968673788e+00
3.663075977047701715e-01
1.080071441042072866e+00
-2.146134267745025692e-02
-4.691027958675192400e-01
5.419326819290147812e-01
3.856349942242924822e-01
-1.113003864710352363e-02
-2.944609194183453460e-01
-2.192993289920195932e-01
-6.725395087451650766e-02
2.686354842510384477e-01
1.723974019442044148e-01
2.055065517179930079e-01
4.480677258087712445e-01
-7.844087209857937559e-02
-5.069858897003375331e-01
-3.607919867010356829e-01
8.812854404385292995e-01
9.386116663242857205e-01
-5.548500079265671348e-01
3.392173881778418609e-01
-7.703653399603882512e-01
-7.058434714422744394e-01
-8.889306024479756152e-01
3.311739530059019554e+00
-7.832890486770317795e-02
4.842581265000113211e-01
-2.958586801651092446e-01
-2.834510841995440678e-01
1.484445802082400290e-01
8.039571983669194788e-01
2.530836835715905009e-02
-9.562034278837547308e-02
-5.672565936104395634e-02
-9.159891551606585969e-02
6.114153538274476052e-01
1.390384094187294417e-01
5.058489379404250696e-01
1.418795873963692999e-01
-9.484077728199494239e-02
1.384547681424304622e-01
5.528775600425167580e-01
-3.529308950817621748e-01
-1.539729213976181454e-01
6.386613067455653159e-01
-8.955778658355713073e-01
7.696121685537079538e-01
8.006589478900555390e-02
-1.528473647825968618e-01
3.994338541364015893e-01
1.900281212231525185e-01
-1.679364217392022574e-01
6.583116103238007000e-01
-9.963310097089508321e-01
-5.355055639625648789e-01
6.361303042512774786e-01
-1.521963745930922318e+00
4.770850956554338329e-01
9.679136562472282490e-01
-1.134077845122552358e-01
2.354929692615158054e-01
4.032359166890194246e-01
6.569642653085245865e-01
3.229085946099387039e-01
1.104035369988431159e-01
3.552508104957980972e-01
2.673397156566398314e-01
-3.292972910202129344e-01
1.820232616750344645e-01
4.059889441916667563e-01
-1.932687752348178079e-01
-3.945605904317411317e-01
-2.394507342953431095e-01
3.885387861507851870e-01
-6.316403434013846407e-01
5.411041955628596023e-01
-2.652621086548059837e-01
5.190577943620302559e-01
-8.194121469622571430e-02
3.794406052570693522e-01
-3.173486874436609595e-03
-7.967034272940971551e-01
-1.573521015995258676e-01
4.915703831182546280e-01
2.352466441720344192e-01
9.392126745375375396e-01
4.129255019557285245e-01
-2.678655484107473894e-01
-1.729274019832839127e+00
9.326666504784975054e-01
-1.062936904734912646e+00
-5.661100238097102055e-01
5.589240940832034266e-01
3.322076594756547818e-01
7.799103159500677673e-01
1.505467370137537897e-01
3.680671876849509472e-01
-7.869651155442469737e-02
5.953602979087980751e-01
1.001803869202604613e-01
1.341467656237004258e-01
6.190259799071449187e-01
2.648215676512093442e-01
4.333939634888396841e-01
3.249042661600466397e-01
-3.012806775396931203e-01
3.741001333471556944e-01
-5.044125154989223536e-02
7.149584521800591563e-01
4.275375903012836876e-01
-3.677746836946855225e-01
6.983329130277959873e-01
1.647390031571733804e-01
-7.050691990413577859e-01
-2.575949782861129966e-01
-1.040247446199333015e-01
3.567795971256041421e-01
-4.892672234949476673e-01
-9.331200725698107767e-01
3.565502731729686126e-01
-4.398744318573514223e-01
-1.132328405114810588e+00
6.476612145343850768e-01
9.121838591831016307e-01
-2.339571512262112601e-02
-6.579851911761587235e-01
3.692968488145673689e-01
-4.990249151524049354e-01
6.098578974662050012e-01
6.415306698637111005e-01
-1.006221520764575716e+00
-2.108999860854817499e+00
-6.288410450417419861e-03
-1.007553095788351616e+00
6.687882729956524663e-01
7.601401567075146692e-01
5.332289928162279313e-01
-3.036863898555952623e-01
2.748459732809723777e-01
4.027659832517621608e-02
9.883650577003522120e-01
4.546563422008904620e-01
5.349243991313747948e-01
1.058850625491834618e+00
1.359438284724523993e-01
2.394161306715445470e-01
-2.044103795398882484e-01
1.854190045276359611e-01
2.937347357772937539e-01
1.825005431213403417e-01
1.914861733227621321e-02
-9.043838587892941150e-02
-3.924917245054540538e-01
2.032511412530240980e-01
2.949354592034243716e-02
-3.379968731705842444e-01
-2.183684387091761395e-02
-7.839605216024883583e-02
8.956148854165167927e-01
1.761745788612358310e-01
-8.750291222860805129e-02
-4.479912157727000133e-01
-3.687185659549313543e-01
1.598870972307591121e-01
-2.266886808769003059e-01
-1.565336869628674299e-01
1.840729509784019002e-01
-1.514724883476002093e+00
-4.181265610904825181e-01
-4.785747166542133613e-01
2.105556145860541517e-01
-3.898438484866477705e-01
6.470355150545240575e-01
2.099270421447610169e-01
-2.404090554472884111e-01
-1.241671883648504338e+00
1.955405507270371601e-01
9.981841002789010320e-02
-3.125416672168491727e-01
3.272052306726735416e-01
5.846753138381208803e-01
1.039638320447966446e-01
7.688966247809508880e-02
8.634517776199063244e-01
5.686689456178140034e-01
3.125956132449571045e-01
-2.998908343987961578e-01
2.188615327860512494e-01
3.077581814128811377e-01
3.769941555434677127e-01
1.011021449470647315e+00
-6.746702979126559252e-02
-1.036210685336671933e+00
-2.874224280321068803e-01
-2.911468774448833785e-01
1.873377500302105259e-01
-2.877310539641095843e-01
-5.427754351990946580e-01
4.542997262759786437e-01
-7.388460902930162888e-01
4.875574302791223502e-01
-5.309563218701331966e-01
-1.019757160374255234e+00
-1.394977397320861234e-01
1.683808157467056699e+00
4.593329898434616587e-01
-3.756709696277418797e-02
1.076641838949703223e+00
5.621561461099231494e-01
5.880074245067862249e-01
2.157744843580344449e-02
4.835495389018533152e-01
-4.143964119021759651e-01
1.756576894666232735e-01
2.430381775066230432e-01
1.614567514050342933e-01
3.548038489623900338e-01
-2.576785745930342264e-01
-3.539160751631260093e-01
1.014741898887384364e-01
2.184354933044968805e-01
-1.536838053349841582e-01
3.425208671002341054e-01
-1.155319106469700374e+00
9.444793631365224762e-01
6.163631022621013367e-02
-1.649354140960760662e-01
5.969078263493545755e-01
3.955589065233211521e-01
-4.609220098701482388e-02
-4.765533095916849038e-02
2.472526040741377662e-01
3.932883065527868482e-01
-3.118320778495012324e-03
-1.236033200546226840e-01
2.251089683611861569e-01
-1.679665503620530465e-01
-1.963275169467769143e-01
-2.417368403753263895e-01
-1.793822765461264845e-01
-4.375211058852077062e-01
8.814131705342980183e-01
1.334043901895733131e-01
-2.252378900286424734e-01
-9.363947943061300405e-01
-3.561465427103471804e-01
-1.042996205823934763e-01
4.716631675268517787e-01
-2.421970543123741770e-01
1.305283705688417895e+00
-3.164003518408271820e-02
3.641529213083451455e-01
4.897199458088735691e-01
6.049306563039752449e-01
3.409430680442623873e-03
-3.525648233962174749e-01
-1.923704146911763835e-01
-2.808157259964754737e-01
4.617401090713735834e-01
-1.424154121165299713e-02
1.181696033803665696e-01
4.227592899221528644e-02
-9.476215147778346282e-01
7.369468776054644010e-01
4.645161078361101925e-01
-1.210212900919441781e-01
-2.654471600780033969e-01
1.482267748649698513e-01
-7.019646983895669323e-02
-6.184811697963410460e-01
-1.662878214305978819e+00
-5.233117004605107869e-01
3.406086674246178725e-01
-8.589998257091694400e-01
8.983088600331561313e-01
-1.649351680184200086e+00
-3.025886276691305832e-01
9.606437824052721508e-01
1.075512954983032010e+00
1.054967849846765032e-01
1.029966777805084943e+00
3.207249728529401600e-02
5.998904449544296691e-01
3.923523213442653979e-01
1.185462578238459519e-01
-3.374923593470582350e-01
3.310431802229703013e-01
-2.675822034756056844e-01
4.684143668545741601e-01
-7.494275362939015195e-02
2.866776506358227616e-03
4.707872386988636859e-01
1.081485591306743099e-01
5.955093391092368682e-01
1.734108460099194338e-01
6.593474495740957175e-02
-1.079211643394165365e-01
-3.997314446614045336e-01
-1.386661476487595912e-01
-8.557005025077146776e-01
-3.509626385186530584e-01
6.956933633226569658e-01
5.421212235258433543e-01
-4.421381777071395902e-01
4.901014779422936951e-01
-2.466957293952048436e-01
-3.999280811035880734e-01
3.184584554832767256e-01
-5.815006098815476143e-01
-2.186371642719680541e-01
3.063035516276015335e-01
5.638982437747568355e-01
6.135343099371015629e-01
2.960853337147966169e-01
-9.951362754891561468e-02
-8.764497851393719952e-01
-1.016071842220628740e+00
1.593007695674458768e-01
8.650426648737621349e-01
-1.578446456558066036e+00
-8.654938765580854065e-01
4.568224839163033679e-01
4.670028252065652752e-01
9.423075849513887770e-01
2.751623994111290772e-01
5.978151568945103689e-01
-1.689503853415195156e-01
8.421312057666732742e-02
-6.239628838188339133e-01
2.764739253084527171e-01
2.547588222704955108e-01
3.162161630115001287e-01
-2.099473845519536641e-01
7.110750489512977779e-02
-2.349153609001052856e-01
-1.123956366553474640e-02
5.518452951979803400e-02
6.461384669810835701e-01
4.315034288518587030e-02
-3.606973727385477391e-01
-7.550417900676013039e-01
1.551674676558821298e-01
2.966113477009597599e-01
-4.629816797588831023e-01
6.157914751411732723e-01
1.051837883082701597e-01
3.085786813820724506e-01
5.057645615671804151e-01
-1.200889586373939111e-02
3.605734127369708553e-01
2.064447169507296342e-01
-5.131760582283539235e-02
1.436333507795740649e-01
4.578159440106572831e-01
3.548975848887271911e-01
1.829603367177139173e-01
-9.541486675781482574e-02
-3.455317600910486342e-01
-3.273322646204727127e-01
-4.455888284761726215e-03
1.285443641078364840e-01
5.635393116234543864e-01
2.246324869304702487e-01
3.323851486121881527e-03
-5.214716163008050742e-01
3.157490473546745724e-01
-9.441795865228796991e-02
1.497454371210661384e-01
-8.214703499499462214e-02
4.951127891584193308e-01
4.005666111335919877e-01
-2.480302948630218607e-01
-5.622208466561351425e-01
-7.247473245855270974e-03
4.938187256007966347e-02
3.413728416883183292e-01
-1.338111159604478129e-01
2.366364769150962055e-01
-8.982303802452906716e-01
7.308379991680670207e-01
-1.559897959930020006e-01
3.740241271058362682e-01
1.302131518976225866e-01
4.573447947503257727e-02
-4.668524388509225909e-01
-3.969158261483200084e-03
-3.993187674784482444e-01
2.539195806192669214e-02
-1.536275117739659857e+00
-4.628412510716437556e-01
5.012074466005924656e-01
-7.873903454239078448e-01
1.879611303849950538e-02
-4.315335960956541705e-01
7.981253095400139275e-01
2.334619142598970964e-01
-1.385259236164559926e-02
4.373004578080510463e-01
4.703025848821631438e-01
-9.926123542119502652e-02
7.869075435629898640e-01
3.638006715348571785e-01
1.745826804986540526e-01
3.270268518237881006e-01
-1.878351465980336310e-01
3.002745376282315304e-01
8.734978267406129371e-02
1.076163036162686507e-02
-1.292029246767033290e-01
1.800884008875378861e-01
-1.618547295131438357e-01
2.829695184902618343e-02
-1.962310991499352508e-01
3.536530096702054649e-01
-2.578717561547962389e-01
-2.713098607518980576e-01
1.117882075659422034e-02
-5.060357907493944207e-01
-1.161491353303387986e-01
5.699426714343918121e-01
8.761515930309279887e-02
3.618509567831699192e-01
3.144819059405931649e-03
-6.597804388463478498e-01
-4.631428840349463560e-01
5.152718090650716398e-01
-1.235090883306779297e+00
6.215656483328936277e-01
-2.722983197814745626e-01
-2.675312522529312287e-01
-2.821719569830218877e-01
-1.180053422591430756e+00
1.237882877128942960e+00
-1.440262455934087971e+00
-1.034941528835636504e+00
-1.395486885925032672e+00
1.303369433080821260e-02
-8.160507918796099380e-01
2.220732040856942258e-01
8.362498120901202814e-01
8.199143245689026749e-01
1.644402634276947328e+00
-4.056510142945669584e-01
1.074555343641953709e+00
5.840181016213386034e-01
-9.470331443135610039e-03
8.860872555434282649e-01
-5.588853349915698376e-02
2.870454566615276426e-01
1.034735460938946305e+00
-3.157296680034257091e-02
-2.210442471162502864e-01
4.575556455196816974e-01
2.203056481071883621e-01
5.023206970080418970e-02
1.817595558684109991e-01
-5.319362267987256393e-02
-2.456508316264146424e-02
-2.753477315299474731e-03
-6.741929406775118427e-02
7.823210523814633222e-02
3.314670648588515789e-01
-1.087464799786838632e-01
5.521446188957556123e-01
1.647911124458873722e-01
-7.604177204080410368e-02
2.254235498032454155e-01
-2.147660206538455629e-01
-6.304391552339906335e-01
4.518695715487268671e-01
2.544729336771608397e-01
-9.174529064091305197e-02
1.396382966448723451e-01
-6.258387850438118516e-01
-5.735513268230633260e-02
-1.278222463910952733e+00
2.217340447695834160e-01
-1.270278726160644078e+00
-5.946703726187638761e-01
-8.293694413301810897e-01
1.609526327212594143e+00
1.868723633129724337e+00
5.925215622023081163e-01
4.122643784867775496e-01
1.798298779607330478e-01
3.278384847837507721e-01
-3.309562356770459068e-01
-7.500464289589326983e-01
-1.624398344525423088e+00
-8.310321243628340238e-01
6.829859746866535630e-01
1.444699690116007851e+00
-5.669831797126566597e-01
-5.346698766666357905e-01
-1.958271195880642579e-01
-5.203446885617759587e-01
-8.556177004065149694e-01
1.067491883146346687e+00
1.293886877375698963e-01
3.401179019057978814e-01
1.110508380258509620e+00
-3.837508070070828614e-01
2.826599033158292973e-01
-9.591671004301850489e-01
-1.109694020132911296e+00
5.369360112718964961e-01
-1.082460042593960114e+00
9.224223428017085391e-01
1.341820086744069718e+00
-3.813192640728691463e-01
7.870088103979782090e-01
-9.802637791902038544e-02
-4.592704236670979712e-01
9.348746548140396406e-01
3.080617046806816833e-02
6.499497204451005761e-01
4.637505232882146444e-01
-3.961092248085924805e-02
4.652866436176502640e-01
3.036747754065354798e-01
-1.899306781519626286e-01
5.984818721070928049e-04
-3.480602236251618686e-01
3.044788830318905237e-01
-2.874560374770254167e-01
-4.540952865423181217e-01
9.873066931607385466e-02
-1.121242181687302164e+00
1.485140994279067206e-01
-1.296064565284347214e+00
-2.950943872334703677e-01
9.061319293382342765e-01
-3.863135747663659081e-01
9.559176780810162422e-01
-1.054352092151852049e-01
8.780774057073065242e-01
-2.356016609253372418e-01
7.677920981155246238e-01
-2.544660716322425520e-01
-3.463543622900607799e-01
-1.334381491427467425e+00
-2.270919270224503184e-01
5.670027898880626582e-02
9.110504148500578880e-01
-5.680299332945331070e-01
-3.546178271491715051e-01
1.668992796654771571e-01
5.384184655083325000e-01
4.542106455669567278e-01
4.563512275995473821e-01
-3.717411899311493517e-01
6.451182712662206775e-03
4.081285780767370253e-01
-1.298109814059583700e-01
-7.590509636130871041e-01
6.098731581822320891e-01
2.802084159254948359e-01
1.312715411902575235e-01
1.704254498995094735e-01
-3.088048473685282014e-01
2.426207198530933584e-01
-3.304222640430702351e-01
-8.691620967657976982e-01
9.854840194688951893e-01
-8.790897536851981497e-01
-4.540414162031705114e-01
3.047746612615295225e-01
9.289240820368629414e-01
-3.194235290374394243e-01
-8.557898853733492128e-02
-1.543540820174750250e-01
8.062085623352270858e-01
6.886968129088705259e-02
2.632778086866239819e-01
2.083551893281165857e-02
-2.054620820729791131e-01
1.488595411099054855e-01
-1.325077302518057054e-01
-8.396318383702787713e-01
5.928328020309717727e-01
-3.253686253140911089e-02
-5.921532284824433390e-01
1.225499472312388677e-01
-1.675973037431760237e-01
2.288743170622886125e-01
-7.486357392830192969e-01
-6.457854458184620894e-01
-9.621697569726592181e-02
9.433952231941685751e-01
1.234002643199063332e-01
-4.073830675539589219e-01
-5.062222281244069810e-01
3.906440788311253409e-01
1.867079217866287610e-01
7.976037773765324301e-01
-3.874210363806130930e-01
4.321350781821520215e-01
1.469478314993309317e-02
-5.891896278302743983e-01
-2.800515086411720089e-01
-3.339341073055966669e-02
-1.643831328331613939e+00
6.629394572571702116e-02
3.861245574477308318e-01
-3.469629945296460738e-01
6.121133445957146479e-01
-1.247050064115790002e+00
1.029802130743502797e+00
8.892684788706226584e-01
4.064871017911727002e-01
6.844009034226342103e-03
6.854292535900120553e-01
-9.481055983077277260e-02
2.647301951938142994e-01
-3.937221637259905038e-01
-2.216321851419748856e-01
-4.168628672975827065e-01
-9.573500185667653817e-01
-5.781982427477520003e-01
8.730701032612666612e-01
6.096762288435392252e-01
1.257277038664229019e-01
-1.437154513247948795e-01
-3.496872237753186896e-01
-1.434959237920887254e-01
2.440935430977209664e-01
-5.756710622928498111e-01
-3.630205587209325291e-01
8.874452080043212510e-01
-7.444036421059893049e-01
9.850413891045477210e-02
-1.167468871699861716e-01
2.956140215644257330e-01
4.409234815206161673e-01
-1.908757794059638691e-01
-7.950761706195318412e-01
-1.594429582960199765e+00
-2.635048962618272927e+00
-3.209370629461110624e+00
-1.318225303060946763e+00
2.834907670750708597e+00
2.165961526226809930e+00
3.008494593346149326e-01
-7.578000263750601651e-01
-2.241120689248737641e+00
1.327645936517837022e+00
-8.378576771022916425e-01
1.989815054832428709e+00
-1.066991261074910380e+00
2.588475936626645768e-01
1.300925338426004441e-01
-1.228963829598464230e-01
9.882242580348253869e-01
1.024582100151604891e+00
1.347438186750383460e-01
-1.416146876145895961e+00
3.404002362030696394e-01
-9.333860930965161007e-01
-6.075715082115801247e-02
-4.621662416109802995e-01
-3.539280745122678207e-01
-2.184436781796102789e+00
1.358458546839679482e+00
1.243036164356292161e+00
1.688804448343581788e+00
-1.695106966396747183e-01
7.297807186400893098e-01
6.401198093280059398e-01
1.070254929927497850e-01
-3.724997646484904390e-01
-3.399510744011681740e-01
1.129846543325817132e+00
2.639871145413656417e-01
2.172373636492773430e-01
-2.044336999240642661e-01
9.320704807562500971e-01
8.858635449278904339e-01
8.047215741066648942e-03
-3.473033505011419164e-01
8.837422732180233442e-01
-1.336462359252457016e-02
-3.050859582937768266e-01
1.035268123175264288e+00
-3.017255532896988557e-01
-7.072651051332332073e-02
-9.816831149251387112e-03
-8.799697865913086448e-01
-2.460404978185801173e-02
-1.963456064787910127e-01
-1.158485904857350368e+00
-9.153239074704127010e-01
9.185553960403942675e-01
-8.857315730471526649e-02
1.442433959165733137e+00
-9.574707388932940377e-02
1.738560725890875014e-01
9.035568154615120084e-02
-5.981284429569463240e-02
-2.185339002996834409e-02
-2.761865223524741508e-01
6.873885982905458825e-01
-8.031979615050847121e-01
-1.159499124829252104e+00
1.403511513521716214e+00
-3.315441466546005245e-01
-5.272617292076484663e-01
-5.733833655410695007e-01
2.100726032891425676e-02
-1.511755188251820092e+00
3.122924290006959813e-01
7.251698433724631521e-01
1.201761357556716536e+00
-1.128216999515226249e+00
-1.459665656803663669e+00
4.740159082667570467e-01
6.013472861505638756e-01
1.089163163331817064e+00
-1.010811913977285870e-01
7.271749599888005511e-01
-7.314524221488271083e-01
-1.756907945186329645e+00
-4.160632810192391173e-02
-9.741557312515122247e-01
-2.026421839222328547e+00
-9.571972415552055802e-01
-2.252159574037651546e-01
4.643652212620513753e-01
-1.669942511063329249e+00
1.333441226343772268e+00
-1.639764467468111109e+00
-1.956731541799243412e-01
-1.047407467709427609e+00
4.604896792012352913e-01
1.417135754463135111e+00
9.248347120166533486e-04
-8.336479261626177362e-01
2.146071550512054227e-01
1.944863258218622493e+00
7.784772247288589131e-02
-1.182873920537614199e+00
3.536758636834669289e-03
1.656470630719429626e-02
-1.458171365914747719e+00
-2.251977521235636548e+00
1.141415371422677794e+00
1.257984240891892869e+00
1.292301806771396944e+00
-1.630611850233218696e-01
-1.124184204487872069e-01
1.065300543646564568e+00
-7.107899166144089342e-01
3.100192118188053181e-01
7.547265169159054210e-01
-2.134476135141704090e-01
-5.327962519146646203e-01
1.875240638427439155e+00
1.181758464132273423e-01
