-2.430012068979806594e-01
-2.637965395422295689e+00
3.421603225513833446e-01
-3.953835892244871864e-01
1.781763521453020305e-01
-4.944548407537415757e-01
5.408261608570874568e-01
-7.418651945935043068e-01
7.200379429976095924e-01
5.570056613185456751e-01
-1.179231279254802367e-01
6.140802332445629563e-01
-5.425954300904729521e-01
4.594626903746967805e-02
3.791693985479094309e-02
1.891487325218765003e-01
7.035380330206872923e-01
3.042709896823214133e-01
-5.495299042442225446e-01
-1.494181046218574727e+00
5.674914835828148707e-02
-6.474592773025246162e-01
-1.477551123381806719e-01
2.512250707821498397e-01
6.715717299615764357e-01
1.069000555606005154e+00
8.573773248587656104e-01
-8.426202709729286866e-01
-4.211130613824856095e-01
-1.173304791630034094e+00
4.588803440612173046e-01
-1.246761752932836337e-01
-4.546911965036132264e-02
1.445576175719377909e+00
-5.644856378553744780e-02
-1.131347205262101530e-01
2.630822182853932434e-01
-3.128897758329008960e-01
-4.516220272782809353e-01
-7.561626921430666393e-01
-1.113103135105531827e+00
-5.031413804017387248e-01
-3.560349326893819111e-01
7.591180179173551146e-01
-1.481336633259919267e-01
5.007124622969856276e-01
7.298645706895470764e-02
-1.412515191975682871e+00
-1.245322620756876386e+00
3.171644333320494669e-01
-1.753842712904551071e+00
-5.125535124628851635e-01
3.763436207987468363e-01
-1.759305731064472411e+00
9.103395095501159995e-02
5.433325790271399391e-01
7.010921172631006115e-01
2.084498311523205860e+00
-1.224016924752435731e+00
3.102737642661710926e-01
-2.072249111335061844e+00
3.883185796890150088e-01
-5.638120904589243310e-01
4.036310643328747672e-01
9.273781376405649812e-01
7.849157429261655050e-02
-7.770286156773364983e-02
1.076832544374439760e+00
2.601739951745074553e-02
-4.885642952617457180e-01
-7.912212948360570763e-01
-4.283893426442370034e-01
6.702196040880703531e-01
-2.133336168899563068e-01
-1.575660063722033599e-01
-1.615993024251640708e-01
-4.759695360176607437e+00
-1.510470787256207315e-02
-1.077447719172065721e+00
-1.549925897001984465e+00
4.236578809378018784e-01
4.980715646186069101e-01
-6.457893769622295999e-01
-1.079472928440595447e-01
2.342932675380113849e+00
7.640166434209283430e-02
7.491374993929702519e-01
1.801793399097857407e-01
-2.485634639670716517e+00
7.019840548395885893e-01
5.308603145558212777e-01
8.514583906433289551e-01
2.226079956705560026e+00
-8.200332620557322372e-01
7.488268416743060207e-02
-1.473860311143773805e+00
-1.391324587459997542e+00
-7.486630324623674282e-01
1.109623122041676790e+00
-3.758447514726633298e-01
7.116771107476790315e-01
5.072376245091229086e-01
-5.755033522592464812e-02
-5.771920955853134805e-01
-2.459334607874879008e-01
-4.334725307605666322e-02
3.592515126891213106e-01
-3.043995092868381214e-01
2.025584321553210443e-01
4.089523223798616769e-01
1.265987628660625863e-01
8.328893955977087482e-02
-3.572909997270313998e+00
3.641126477284309937e-01
1.655109522906084152e-01
-2.566318115923974519e-01
1.478391537634876185e+00
4.743924916436146333e-01
1.070688993686092494e-01
-2.847144930931919116e-01
-9.067172405531248591e-02
1.502565368244312416e-01
-4.487176457892839698e-01
5.520630010504815749e-02
1.113099432923430471e-01
3.224298429068528371e-02
3.312569988393070930e-01
6.747470111921059777e-02
2.293825410125344133e-01
6.400554495743188133e-02
-9.073412023013990302e-01
-1.584077754704943941e-01
-2.341171692965658413e-01
-4.149759552792305767e-02
4.406198874302683643e-01
6.574211739542784594e-02
2.301494685511316085e-01
6.702758827967457700e-01
8.276842278368252703e-01
-1.223905059829756559e-01
-5.537689331349511246e-01
-1.809661974528312955e-01
-2.182861055441615294e-01
-1.731759017012980961e-01
1.755726697339826947e-01
-5.982036105880660370e-01
-2.914036214460025587e+00
2.032885844942343423e-01
-1.590486964528846081e-01
-7.912760505613120054e-02
8.584576387117770491e-01
-3.688608827733153461e+00
-2.205220695272342990e+00
6.881824709319628308e-02
6.458581293638625542e-01
-1.505237578293437961e+00
8.098675665630117315e-01
-3.459959745611147497e+00
1.054989869949193304e+00
5.620326833847297809e-01
1.517747030046060486e+00
1.363625341366964672e-01
-5.315674665027432244e-01
-9.799523043960052249e-01
1.687961012150432372e-02
-5.215123375460896105e-01
-1.470191233361214600e+00
-3.282348559072676975e-01
4.938418889218802454e-01
1.762669381922450651e-01
-3.027098711638709916e-01
1.663904158883421636e-01
7.742436971645427768e-02
-1.144760337240370518e+00
-6.231739930615728396e-01
-7.643975353594711919e-02
-2.306222918595296212e-01
2.348726581647540890e+00
3.346123347009326565e-01
7.072540164633960291e-01
2.496953781970958186e+00
-1.126774561270284414e+00
-2.474455108467459585e-01
-5.387456978188813750e-01
3.479675424838010844e+00
-9.957691843535316778e-01
-5.155125161911717768e-01
-2.718808380199709607e+00
1.786994294689928431e+00
2.393336528745261538e-01
-2.953896522919706169e-01
-3.656904111553899162e-02
9.784831124672142000e-01
9.751245515986541879e-01
-9.715339470828755486e-01
4.094159566220725854e-01
-9.467033389323009640e-02
-4.835352755124336377e-01
-2.810640921721305752e-01
2.634894111422384499e-01
5.351813957413557171e-02
-3.526344963329749671e+00
4.570684620462234227e-02
5.444756838553265199e-01
-6.886447415026461516e-02
4.942294880161973714e-01
-1.040996167773367453e+00
6.720114764292990372e-01
4.259306841008619338e-01
-6.460062264876716975e-01
3.635823245794672087e-01
-2.161882078222815695e-01
-1.713438267978312224e-02
4.487682979526422256e-01
-3.884362366260546429e-02
3.031127620550871371e-01
-2.119170397499940406e-01
3.244653374180023753e-01
7.828521280757927414e-02
-2.148064571064962625e+00
5.832879206387500681e-02
1.386832225353440973e-01
-2.411326138842929678e-01
5.200197976982847692e-01
1.540656878519442441e-01
7.507899688364740032e-02
1.425268633916523808e-03
-1.163290762697643532e-01
-4.513059583117020601e-01
1.482184157711368133e-01
1.847305648967507707e+00
1.596305571966949999e-01
7.275023511430447898e-02
4.580417630877208213e-01
-2.387525322043539400e-01
3.916257733640546856e-01
-6.272110978906882961e-01
3.512703147129060399e-01
-1.910655944852851507e-01
-1.975857021176193884e-01
2.651556656876607132e+00
-2.872014493329775320e-01
1.642917890487487487e-01
-3.484025355253373979e-01
-8.543961307707065300e-02
-1.514807445027626653e-01
-3.462477250647742477e-01
-1.582266610613348057e+00
-8.672297915099502763e-02
-4.627199285192326594e-01
1.038730969345485811e+00
2.721169151450537615e-01
2.432558673705000341e-01
2.748452714919977918e-02
-1.764478020968341276e+00
1.664388987371873796e+00
-4.199228686135499933e-01
6.230031475031654331e-01
-5.167619002727150690e-01
7.904863417821107741e-02
2.390435538751317646e-01
-2.908427005324478731e-01
1.181077725955496371e-01
1.682429505464103081e-02
-9.960447982809925160e-02
1.424735232461629586e+00
-1.317144894258009402e-01
-5.503916937629430017e-03
1.241620371059715261e-01
-6.861221526974259355e-01
9.147399683701291917e-02
-5.847866061165468698e-01
5.842134856001131027e-01
-7.945685688216927445e-02
1.438519214667557389e-01
-6.273454112193099785e-01
5.138508364405156570e-01
5.969614126573219437e-01
-9.574657211781546773e-02
-6.513988811385762467e-03
-3.224250325493787511e-02
-1.924443230087918844e-01
6.543065412911046319e-03
2.054624426642322810e+00
1.963782608680677333e+00
-2.375600628744968468e+00
5.787394239122215511e-01
-2.250813102592961468e-01
-3.513894378682372865e-01
1.731764139664109692e+00
-2.918648392615806331e-01
-2.261373338212773754e-01
-1.176241945886749019e+00
-2.235763954729984848e-01
-3.171612520317875633e-02
-3.392523229742248625e-01
-1.279563245004466665e-01
4.827066785423400619e-01
3.189288329843820713e-01
9.921817900786898958e-01
-4.750417228550816162e-01
1.273236611417818132e-01
-4.426214638749384478e-03
-9.130215483438310076e-02
1.649375038083572276e-01
-1.079946234890053702e+00
3.207595425382877563e-01
-1.638481947437746555e+00
2.167106885478687628e-01
3.428430439230943372e-01
1.288933670572693924e+00
-5.123185097770941443e-01
1.135769424309087894e+00
-1.069413083355681193e+00
7.166253361026083679e-01
-1.771527417976132279e-01
1.774905951768200943e-02
1.629289457775513927e+00
-1.012267516454580241e-01
-3.467157181456269610e-01
-8.541843630107202046e-01
5.300889218418478599e-01
-1.507932292513143591e-02
-2.503958468006089316e-02
2.175049672977050541e+00
4.863404847747561655e-01
2.204830979909726985e+00
1.043219634040788657e+00
-2.353417187816259304e+00
-2.898502346608878288e-01
-3.583222376330397752e-01
1.232999889695536311e+00
9.070462495853786056e-01
-1.055128131912085987e+00
1.348928150276551552e-02
5.051401093431169276e-01
1.833811890380842025e-01
-7.538310167610748347e-02
6.543750831502235243e-01
1.214138870910638213e-01
-5.848244124386619003e-01
-4.163333885724669892e-01
-1.837534063520234739e-01
-1.232771545985975603e-01
2.817485742782570579e-01
2.499365767771672131e-01
-1.351974850386921334e+00
4.518226118040273298e-01
2.657719104666587118e-01
8.279382667050583233e-02
3.419354753773012900e-01
-7.375989863083928788e-02
-4.254339626638771465e-03
7.042577464388699582e-01
1.755831992378808493e-01
8.142303580546719766e-02
-1.258852140356004901e-01
1.039686705122017940e-01
1.088051331319720205e+00
-5.807786713514037080e-01
3.871364221291177521e-01
1.171906843064428327e-01
1.248611422541003213e+00
5.207882700025265321e-02
-5.339995804596205792e-02
4.763371171513164914e-01
-2.664266225905787544e-01
1.201561635644685655e+00
-3.333230462640287772e+00
7.541562284559606422e-01
4.287167717173808179e-01
-6.064735416462516682e-01
-6.092055703517630372e-01
9.140739667983381611e-02
3.888353568187939424e-01
1.477236955591373357e-01
-4.770334927747812426e-01
6.206896954788143628e-01
5.193715713260210753e-01
4.790609553354553962e-01
-3.821367645017446635e-01
-1.112105563733826186e+00
-1.201165381017893496e+00
5.035168540711082441e-01
-5.106715111197156487e-01
-2.163161831027327509e+00
-6.419511923125942321e-02
-2.395711958156681032e+00
1.229196039734309576e+00
1.214735415321835932e+00
-2.078367433290352062e-01
1.094805549827678748e+00
-7.570979384267974011e-01
-4.185679153860376589e-01
-9.923091527869062900e-02
-3.776817913787702818e-01
5.689435396092714647e-01
5.588402315945187326e-02
-5.029267273660209536e-01
2.814811512565810192e-01
2.009397329642560737e-01
6.043527293625422514e-03
2.593821722273274011e-01
2.294456157030674293e-01
-3.578405277559587039e-01
7.216095672263916905e-02
-2.466942834085683045e-01
5.626774499386715256e-01
-4.759274032429913759e-01
4.304134153836274013e-02
-5.406933730308906005e-01
-9.130611013932100617e-01
-2.008808369835245189e-01
7.062241416435939279e-01
-8.428487413334176392e-02
-8.749024666100560510e-02
-1.922843470389473897e+00
-1.715527917243968026e-01
-3.021144658154295004e-01
-1.535752207831160288e-01
1.418863527051564599e+00
4.820809982304310459e-01
1.562193413347414683e-01
-9.467594568586663595e-01
5.921547453236435388e-01
5.599464950396695895e-02
-4.090936689854762220e-01
-3.056517688104281039e-01
3.382110558592935079e-01
7.057026627777421290e-03
-1.361944613879769506e+00
-2.438174129200586515e-01
6.794179123237967244e-02
-2.482714398358775165e-01
6.205467762142407029e-01
9.728425193731894405e-01
3.534501417875318685e-02
-4.908158006206627677e-01
-5.719138977809168356e-01
-3.864332908542593148e-01
8.889598471248565392e-01
3.071516465672974316e-01
5.148872243216015554e-02
-9.618968779797651414e-02
3.817764318030759940e-02
3.388824114279877509e-01
1.094529392503606480e-01
6.307455335055380807e-01
-1.653603951412852546e-01
7.218620831263714566e-01
9.987791662907077317e-01
-3.629283952570508953e-01
6.208119013750167392e-01
-5.400678107713456910e-01
-2.584806941068736874e-01
-7.039109593021601885e-01
-4.425585047786142479e-01
-4.858587675513019732e+00
1.950181782764926153e+00
3.525553934661392330e-01
3.399809295869425374e-01
2.409646895383363574e-01
-2.785376133255792475e-01
2.009615250562292732e-01
1.743036540740969531e-01
-7.362468998656475083e-01
-3.452940569702935836e-01
-2.530200495925880033e-02
-1.261888140135198455e+00
-6.132563353822223506e-01
3.108997497433989565e-01
-8.603837292606297815e-01
5.031535533166652252e-01
7.996986907435931213e-01
6.506030780822826820e-01
-2.169403918837279066e-01
-2.974294688117498642e-01
-4.639961919636392262e-01
-3.637616677321141578e-01
-1.356904148820411993e-01
2.376423856730285750e-02
-3.046092370017477458e-01
7.529942870541916911e-01
1.448622430795938332e-01
1.690708007696120341e-01
4.417610527740022386e-01
-5.986491470184561736e-01
-3.889669780801977561e-01
-6.668724899905876802e-01
7.381280296057166068e-02
-2.566501164674667712e-01
-2.414434897922488332e-01
3.904833636334040792e-01
-1.383852589379535925e+00
-1.366442613349789115e+00
1.135889904575617670e+00
-4.697506638647139798e-01
4.407681432279079714e-01
6.243275733067821243e-02
8.215708619390962308e-01
-5.943913436130587868e-01
1.121812053114216584e-01
-2.176621771411813011e-01
-1.440968303215261481e-01
3.221981925124289825e-02
5.143097111221224260e-01
9.179160559407709696e-01
-1.809170261803681456e-01
-4.306555531868107023e-01
5.612390202586952093e-01
-7.097768254963463530e-01
3.939208058568430815e-01
1.238902201325143282e-01
-6.991178647064502649e-02
7.958929684589418629e-01
5.148825720876151757e-02
-3.122794502099172087e-01
-4.542520787989549058e-01
5.319322525739457186e-01
7.507997018502010622e-02
-5.879726864284878785e-02
7.948092017269370313e-02
2.046110452980569594e+00
1.190399390950765968e-01
-9.827433940889770958e-02
5.910582079070686445e-01
3.000494347950092289e-01
-1.516096481221731906e+00
-5.081292905108997227e-02
4.264835584180004524e-03
-1.558660638097335571e-01
-4.944445840350011889e-01
3.884480313915287808e-01
-1.456228027694259075e-01
6.407123884150851545e-01
5.533959854618939467e-01
-7.988651958829730282e-02
3.016645520767908817e-01
8.163985799550876887e-01
-5.324039651454931521e-01
1.001405976520880203e-01
9.544229486176978305e-01
-1.949855901884021692e-01
-2.991537393290306934e-02
1.658241309098584582e+00
6.549099454695749278e-01
4.980769305219748810e-01
1.792017048921522582e-01
-1.299082531479866520e-01
-5.610981564065011806e-01
7.362202107530324557e-01
1.879741995579456759e+00
-6.689430361240065182e-01
1.231128647063158832e+00
-1.185091880977006351e+00
-1.554345109668279878e+00
3.808754426854945585e-01
1.236893831333230942e+00
-1.310572819754381557e+00
-4.197540404852397045e-02
2.472236609863717460e-01
2.934114859330478470e-02
6.455048900141640011e-01
-4.611422095715419500e-01
-9.384368413758865657e-01
-2.323856461034921050e+00
2.058606296428750759e-01
1.443298664395684938e-01
1.307700470270345972e-01
-2.781201514981508360e-01
1.838998597366068743e+00
-2.686797285816158731e-01
-1.592947356572979589e-02
5.962635230201038805e-01
6.184510209036095940e-01
-4.707523908189761297e-01
-2.418259879705017212e+00
-1.058041503400645844e+00
4.237247158378052436e-01
-7.873311493324743893e-01
-1.024362085857147342e+01
-4.853434247272441215e-01
1.116511122949002122e+00
-2.202702464962530415e-01
-1.878143261136798969e+00
5.427172457686246787e-02
4.443707692416356547e-01
2.014185549085261595e+00
-5.388701815305263487e-01
7.945918846620261267e-01
-1.126048574385147827e-01
1.352643897796907968e-01
1.559219569084754120e+00
-6.794334413436332598e-01
-5.196609395271617471e-01
-2.864670973408864896e-01
-3.979567574776561312e-01
-2.764549098989687592e-01
-2.142753720263288475e-01
1.057805625501864411e+00
-8.236933671048132233e-01
9.038289855521350891e-01
1.281510117519665815e-01
-9.572848905351388771e-02
-1.421447168756889423e-01
1.891614287401712113e+00
1.466868683383712457e-01
9.303769664923811078e-01
-1.797304913986017549e-01
-1.516719023361355889e+00
-5.107274397670387156e-01
1.028144382612632191e+00
-7.037286526237696016e-01
5.269140777833996037e-01
-1.548607532759054273e-01
1.643183602338036842e+00
-5.563179399780966705e-02
1.113855872765511901e+00
-2.864190878308016108e-01
-1.485712700816450127e+00
-2.885654255474423557e-02
8.092937957661175963e-01
6.812288936649575355e-01
2.384892301016353910e-01
8.014547585718980738e-01
4.919575084346290428e-01
-1.745456989722237728e-01
1.482320413673272608e-01
1.430873553847570978e+00
-9.035166357062278664e-01
-2.648216931931864360e-01
-2.337206312109212814e+00
1.850920932368975702e+00
-4.177170980764458030e-01
-1.388287337141954347e-01
3.688114930118354118e-01
5.445151385828574941e-01
2.466041671693251502e-01
-2.066154846588823257e-01
-2.678087339554954927e+00
-1.477402368889144113e-01
1.213175451178200026e-01
1.182669390965353173e+00
7.617354469110094728e-01
-5.956033484191356475e-01
9.470416489784097003e-01
4.928994182018635595e-01
6.438434423437675580e-01
-3.835062885198001204e-02
-5.272525858205667770e-01
-1.267254298337448626e+00
7.028824152499977274e-01
6.690158991232697527e-02
5.011898787684823664e-02
-1.173361625573402234e-01
-7.986725651299339535e-02
4.664128571595563266e-01
6.684158845974160768e-01
3.025897980702619838e-01
8.183013636363295484e-01
-2.509729807615322383e-01
4.890972152913815041e-01
-5.502142689453209945e-01
1.642403400351238885e-01
-1.018915219905879022e-01
-1.181366159043045067e-01
2.734933257287634478e-01
1.080329641622620185e-01
1.875022219754318709e-02
7.358306430610853099e-02
1.348250456889688864e-01
-1.265601188183302472e+00
2.024238385639810789e-01
-1.832297908099115857e-01
-2.393157761700263619e-01
-5.631848521256592466e-02
2.816108268677813276e-01
-6.111890351626760032e-02
1.131379973455307608e-01
1.429724701945586096e-01
5.456240185937941134e-02
2.970989988874769838e-02
1.277593180642748072e+00
-2.428197264886225448e-02
-5.913762901462781274e-01
-2.326271772684488509e-02
-4.995931781664750826e-01
-9.264282870247522172e-01
4.953159044542418954e-01
3.690404519398554628e-01
-1.097810409781604934e-02
5.986879101323313579e-01
-2.445672532156407952e-01
2.115646534896965802e-02
2.273974923051863550e-02
-4.207155859957674715e-01
8.972075251272424445e-01
-1.900156834231880865e-02
6.429822525411582612e-01
-3.140259800974559701e-01
-1.908382659403880244e-01
1.016726034965386022e-01
-1.107285464741181863e-01
2.188396991275860098e-02
1.703442468671005905e-01
-3.939838395630673729e-01
-3.222040223515643675e-01
-1.119608006528979571e-01
3.676844751716100146e-01
-4.671021328320615340e-02
6.277480131797308349e-02
6.949248975057232824e-01
-6.236994000083587175e-02
1.826785688664017249e+00
7.697656048239308602e-01
1.162576633217689892e+00
1.981310818759752235e-01
5.244498947794408172e-01
-5.819197215603955087e-01
-2.067955344609871127e-01
5.517149906254104064e-01
2.553403231751140146e-01
1.091631370065339546e+01
8.574055524955098706e-01
-2.614537644406789152e-01
1.432578186938928244e+00
-3.586265383922837557e-01
-4.367123384047413848e-02
-1.664736987316537686e-01
7.676402862713074260e-01
1.392404551359361919e-01
-1.259038948011288017e+00
-3.045962934275981970e-01
2.633870554824938037e-02
-2.787197950987193029e-01
1.159674650398742624e-01
1.916393935643600777e-01
1.620201765927460347e+00
2.755827094893436580e-01
5.446814745138603975e-01
1.613500899086968143e+00
-8.554528781209805866e-01
-1.638393205730227065e+00
1.372176691727079456e+00
6.938702903507496522e-01
1.142786464074790453e+00
3.737053081588881387e-01
-3.352735838698671089e-01
-3.233785700225163540e-01
9.231981099692740389e-02
6.412788919276657396e-01
1.049314243953484382e+00
2.658104222437662756e-01
1.091323552452664464e-02
2.840106116907006317e-01
9.833287585492724858e-01
1.718049404934848812e-02
1.782597312290582936e+00
7.109346012756508904e-01
1.588358107984465251e-01
-2.230897305619691240e-01
-2.696765755923782315e-01
1.111040690101351425e+00
5.792807432472085738e-02
-7.013754131873740916e-02
8.662531388506546914e-01
-5.551105180056263855e-01
-2.173345205450258000e+00
9.514715676431914071e-01
-1.065869419596459977e+00
-2.368612062790091066e+00
4.454590953264569442e-01
3.374172194020598203e-01
-6.281143032683175420e+00
7.468473755622608845e-01
-3.271956936788581238e+00
2.979987500436195313e-01
-2.723159491030516133e+00
1.278447301387250601e+00
2.132719671911246451e+00
1.621706704858421055e+00
-9.215132683921989365e-02
-2.230333183334419100e+00
2.312989589979017602e-01
3.259869370782153553e-03
1.404114572400314565e-01
4.248291314541731145e-01
1.078983128107008582e+00
9.663693690094484756e-01
-3.526272219899436733e-01
-8.984782192650581090e-02
6.223947219113229457e-01
1.457946889390656864e+00
-1.142130216142095867e+00
3.741041526695314534e-01
-6.491360072658445279e-01
-5.925401522402051757e-01
4.309342621418941199e-01
9.074120988388402198e-01
3.193135428597833059e-01
-1.920248076312718322e-01
-1.172034274621640559e+00
-7.505123908858668536e-01
-1.498276756691833800e+00
4.417320311371075725e-01
6.434848731255748966e-01
-2.796576101718406093e+00
8.282315281800636808e-02
2.954654353250670829e-01
8.772453011506482490e-01
-9.908916595257200033e-01
-9.539151020791397650e-01
5.435644756777625597e-01
2.401441331384503552e+00
6.710949016076084295e-01
5.134967380802296644e-01
-1.281090091861425861e+00
-3.557069191323349866e-01
8.453748819398870795e-01
1.103100475595765628e+00
-8.999719037918356701e-01
5.484876438467687354e-01
3.910319930233988051e-01
-1.937589726996260975e+00
-1.794181302950034196e-01
-1.655152516919515537e-01
-8.436513970615250324e-02
-7.173633036501235738e-01
-6.044772782967332558e-01
4.276381089558375370e-01
-6.500653901398300016e-01
-2.275873336921753198e-01
2.901664219375315601e-01
1.298231550389999378e-01
-3.650742192091084304e-01
-2.549017285320510084e-01
1.485935805130822018e+00
8.301359493667502809e-01
4.935077361254534001e-01
1.295798284752600171e+00
-1.256282140451558393e-01
7.342579399781637983e-01
-4.371468331792103257e-01
6.150174727251278561e-02
-5.248318040369498449e-02
5.848833055446648332e-01
5.692291153368423950e-01
1.053764829530818847e+00
-6.589507318320586560e-01
-9.957321400735461570e-01
1.023323156354461361e+00
3.425165473144350936e-01
4.258055254972561432e-01
8.422250919494677079e-01
-7.989491942104569588e-01
1.435388232877495840e-01
3.687887205301100257e-01
3.974999964080002668e-01
-1.072017717812164594e+00
9.041646224734634085e-01
-2.733906770344107229e-01
4.714366011221152175e-02
-4.823641556316221601e-01
-5.379846481551273651e-01
-5.340819988819200947e-01
9.816689266905730404e-01
6.678546939675883420e-01
3.549485124592056950e-02
-5.186764629574606156e-01
9.517628477467511283e-01
-7.540896192423176547e-01
3.500388639847064332e-02
-4.004621496501614142e-01
7.006831277365572763e-01
2.249353660705989688e-02
1.832783299612559258e-01
8.692532780975101847e-01
2.630115571212071068e-01
1.584795921254716911e+00
3.845446031384682217e-01
3.868816153602399055e-01
-4.280495122631265970e-01
-2.592355273531494197e-01
-1.638878466688634405e-01
-3.121848800283553604e+00
1.296347884009360352e-01
9.776474541338259217e-03
-9.994740077119300681e-01
8.074130109330299732e-01
7.942846446726260501e-01
-4.686093052726856834e-01
5.032706288532629024e-01
8.073627092386455040e-01
-2.960137278889254375e-01
-1.062004805321475231e+00
1.874947469198918748e-01
-1.823100743289572945e-01
-2.010742012223937447e+00
-1.301150270957500465e+00
1.726589402590994693e+00
1.066732018586890707e+00
-1.060544305318960712e+00
2.128231603985698828e-01
7.505557691807415721e-02
-7.687496488515817017e-01
-6.007604633592842358e-01
8.898279136753146634e-01
1.560603635281504253e+00
8.173437918683039705e-01
5.082196064562309878e-01
-3.881966502568183763e-01
4.981810303535064710e-01
6.868907358150694309e-02
1.143726072320806197e-01
-5.203926030700516403e-01
-5.163296843168535544e-02
-4.681172047865650443e-01
-3.369647013286150017e-01
-1.555113008472439606e-01
5.356155078288907800e-01
8.769031040070947025e-01
3.884107088744569447e-01
-4.187853715845709646e-01
-3.241425899464559501e-01
-6.482136050016977791e-01
1.279462708103756285e-01
1.443251073504209225e+00
1.645325854435855106e-01
-1.757633592269127742e-01
4.324968840318019203e-01
-3.255954496356874839e-01
6.591808139192070204e-01
3.334879303523108907e-01
-1.385130616163149364e+00
9.762301173745433491e-01
4.942773254574734931e-01
-2.952742361075184063e-01
-3.252844570248847322e-01
1.975412728929006878e-01
7.748213435789161885e-01
4.395796540773383443e-01
-2.824945520276355149e-01
-2.968890512760188893e-01
-1.833983451772779882e-01
5.581527765245695161e-01
6.632930289116037992e-01
2.645937629160062254e-01
-9.607785741222615306e-01
5.094568934128025361e-01
-3.787488070132314921e-01
-2.505666679685199932e-02
-3.634887472714679602e-01
-7.367312247512539103e-03
-1.370340647266121259e+00
