-6.504624287580432762e-01
4.317197000214288982e-01
-8.075180938693626853e-02
-2.692251199764416625e-01
-1.509242538617211471e-02
-2.026950950498265236e-01
-2.868279125168658794e+00
-1.884897474099864467e-01
-9.890003336365700282e-01
-7.751728722836506158e-01
1.794272439347027071e+00
-8.817246625827044326e-01
3.322273018047909310e-01
1.595408858074263136e-01
5.846953047548433258e-01
-8.603438532452054033e-02
-8.542694545628604086e-02
-2.483263293561052409e-01
-2.868771194095574462e+00
4.037793884232308561e-01
-7.347751485322513432e-01
5.789398688680669203e-01
-5.813232440211877350e-01
-7.095422242532003487e-01
-7.713911453183366351e-01
-3.423241783408020877e-01
1.844689647645006758e+00
8.836648293170310531e-01
1.865675171190840587e+00
-3.486989576671147839e-01
2.270122889964044655e-01
-1.430655200700426066e+00
-1.020001215625365720e-02
-8.139654145954029474e-01
1.018029311664105041e+00
-4.186779650743117642e-01
-1.676816258092207690e+00
-1.461290735697187149e-01
-8.192724450522633761e-01
-8.483136982472960774e-02
-8.892911023721378205e-02
-9.990934967252343424e-02
-8.309166076350746333e-02
-8.362985744899001372e-02
-6.548307565671881991e-02
-4.902716956782959823e-02
-3.427377688360394581e-02
-2.117645362306269652e-02
-9.650309272042439934e-03
4.133106899466831852e-04
9.135995971410709737e-03
1.664442382844377039e-02
2.306480206701754659e-02
2.851905815686374412e-02
3.312234678938828780e-02
3.698154152286694391e-02
4.019445045924915916e-02
4.284955488860945488e-02
4.502611651847606561e-02
4.679453571186303895e-02
4.821687206012911786e-02
4.934746120654293078e-02
5.023357940199414673e-02
5.091612084801996896e-02
5.143026330039190963e-02
5.180610533374920001e-02
5.206926464165032020e-02
5.224143119199723545e-02
5.234087231679004915e-02
5.238288915586417072e-02
5.238022551225916812e-02
5.234343127859599626e-02
5.228118329349257243e-02
5.220056688591925842e-02
5.210732154671397082e-02
5.200605418799242319e-02
5.190042336578171156e-02
5.179329768000444367e-02
5.168689136040170024e-02
-7.999726032722826119e+00
-5.798051674762277896e-01
6.327739083074710447e-01
-5.524557072453706308e-01
6.288967249285080108e-01
7.432005252538400608e-01
1.608333770847838462e+00
3.798652187297625327e-01
-1.095232735144228142e+00
3.830021416717690474e-01
5.771503027323837687e-01
-1.290485543376523880e-01
1.949961348581787796e-02
4.557740102765070467e-01
-2.943028472564708231e+00
-9.301739306357659220e-01
-5.215954032210275981e-01
-8.889105411257578471e-01
-9.374107044878195183e-02
-7.624148145404101573e-01
-1.503168696246672598e+00
-1.303850505054518827e+00
1.182444834265859335e+00
1.390743957129333408e-01
1.787726019885093887e-01
2.726566542735429088e-01
-1.142817773159691130e+00
1.085720078483436213e+00
9.346947874062003780e-01
1.174683480332876506e+00
2.188470743854524780e+00
-7.627556999757238998e-01
1.191992541892434421e+00
-9.529626195382379095e-01
-1.736925202880391650e+00
2.478616943648178361e-01
1.089232429362400945e+00
-7.439353680800860902e-01
2.198270916749440196e-01
-1.171495726309024210e-02
3.014816609554456517e-01
-1.786528823135477007e-01
-6.271249985068781951e-01
1.915312597175779577e-02
1.590163017055835626e-01
-7.639679980848280982e-02
4.053467161095962723e-01
6.315645462959911249e-01
-6.940918216386197936e-03
-3.925127629147956432e-01
-2.597367756290739127e+00
-1.697749836878773566e-01
-6.847520423072479823e-02
-2.401716573223433016e-01
1.358722548161462595e-01
6.810213540625970063e-01
3.848205805305739968e-01
-7.984588225693259878e-01
5.200188376953207570e-01
1.175923641287993093e-02
5.413463944778778431e-02
-1.801416312720507257e-02
-2.898200104476154199e-02
-3.346052218822308522e-01
-1.744327015426084537e-01
4.803276825873723510e-01
-2.822381725283628073e-01
-8.670479593053428968e-02
-9.442378813955193406e-01
5.153120518158598173e-01
-9.816660349516254103e-02
2.600726774267355101e-01
3.809754237662631993e-01
-3.119367426923738140e-01
1.079835487826836582e+00
-1.327620138908689462e-01
9.262126187475691053e-01
-4.127195266910776983e-01
-4.527005872728536162e-01
-4.920630422037833851e-01
2.482909007729794393e-01
1.805368946036446376e-01
1.078723179508429136e-01
-7.257917551760948438e-01
-3.498129225882748106e+00
-2.072047460298072075e-01
-7.107281098076817516e-01
3.355502050052353580e-01
3.048815748545548598e-01
-2.027424538345334870e+00
-5.152530271940683804e+00
1.562161422176320258e-01
5.260753288131428951e-01
-7.036692165873390525e-01
-2.652329230754105982e+00
3.893239047865544311e-01
-9.233099317710902199e-01
1.474447072206691134e+00
2.262841131598954281e+00
3.714117847209106871e-01
-7.532590114669180936e-01
2.284511425902324422e-01
-4.291438755173783148e-01
-7.297002668263492531e-01
-2.006770316140621624e+00
-1.019001117030049031e+00
3.487627529192345310e-01
9.841099676402327301e-01
-4.612536368519644658e-01
-1.367280569848170202e-01
7.710976137679432796e-01
-6.290787683754409665e-01
4.546709598776571548e-02
1.222355304963590183e-01
3.654136608275840858e-01
1.734011211413249764e+00
8.904915119937100165e-01
6.750170661616957668e-01
1.879009424764113811e+00
6.686416764324024653e-01
4.360544311697774067e-02
1.199585461556959665e+00
8.024473750326311938e-01
-2.197894821106988417e+00
5.329388492861658611e-02
-3.253588374529555516e+00
1.267457464113495469e+00
8.286247839599786280e-01
-3.065710249667816800e-01
-9.968796198669311881e-01
5.358371290746978266e-01
1.522701481403874180e+00
-1.032655465856352262e+00
6.225246066015701629e-01
3.400930454183804241e-01
1.663164564260633194e+00
-2.362634363404008120e-01
3.366534364729897311e-01
1.335236408731105495e+00
-3.511804641901647539e+00
-1.615476559325944028e-01
-1.340884510121745365e-02
-2.024805272055617777e+00
1.598244653461542653e+00
-4.837644592294294554e-01
1.045536624647365187e+00
8.042131349628160730e-02
-6.809137380543083262e-01
6.976493255919358205e-01
-1.119138721900989175e+00
-1.631273446332084376e-01
3.268734266930372057e-01
-2.846788078559799318e-01
2.335097666620156720e-01
9.957269562465116686e-02
-9.796474884388045590e-02
-7.399588825916597612e-01
-1.350670743736768653e+00
-1.223467496585049219e-01
8.969443638666172447e-01
-5.691145666575312401e-01
3.139180596598259432e-01
-1.858037520558240840e-01
-1.133192008000001860e-01
1.181445614477949074e-01
2.981218051649311973e-01
-1.063349447861396513e+00
1.919410651154947467e-01
1.434725116466454065e+00
3.953218438787441946e-01
6.231503034173324629e-01
1.087232795721207457e-01
-2.401763038173911902e-01
1.206330562741066564e-01
7.704879482905636900e-02
-2.380782379453688646e-03
6.997803569448984851e-01
-5.453443789879297565e-02
1.456987682357091751e+00
7.712657927427664095e-01
-4.357003350293320310e-03
-7.974865560913910745e-01
4.932297706831822448e-01
1.013140475734485735e+00
-2.486534051725586725e+00
4.737620622647699120e-01
-9.902517999616110289e-02
-5.693419403923463129e-01
3.134817697259240643e-01
-3.040175639151280751e-01
-4.841376171515160420e-01
6.905070785110796194e-01
-1.409172904446698293e+00
7.777402208017865082e-01
-6.737510800531382182e-02
-4.098367160192790959e-02
-1.042993747159239037e-02
1.041373850396836387e+00
-3.668980838531436806e-02
7.264002465771073336e-01
-3.705341748275798874e-01
-3.471031526326413541e-01
7.343951471065875980e-01
6.837930464467028013e-01
4.130086560104930804e-01
-2.705993462897265944e-01
5.100613820326857506e-02
6.957966836366616947e-01
3.884409150107790420e-01
1.080588398893140706e-01
1.493441111999672666e+00
1.539796253080708111e+00
-1.099134960816390727e+00
-1.099197026200944061e+00
9.234654271114950408e-01
1.312989089662635944e+00
-2.487459298863881618e-01
1.197257534896238429e+00
-6.208334331501749737e-02
7.137490517956535108e-03
2.650524354011050132e-01
1.984648823235617865e+00
2.456120286581313206e+00
-1.668741543157006291e+00
-2.770832748561524728e-01
-8.087114693672249333e-01
-7.074142533668537070e-01
-1.126687906586103960e+00
-8.998851242539795958e-01
1.508776536934032242e-01
-1.669841623804239283e+00
-1.533869490059108776e-02
-2.677755367562941746e-01
-2.152232426061270187e-01
-5.937522161271209242e-01
2.359530739709333746e-01
-1.713247815724973089e-01
-3.181355009461118710e-01
-7.647987440466261777e-01
-1.041082829424032630e+00
-3.266557700347731963e-01
7.797656919090253380e-01
-4.857517065051836780e-01
-1.200753406702173898e+00
4.240882139213311142e-01
-1.735400086741554215e+00
5.151645981169237221e-01
-2.608907708812058246e-01
-8.347440004150019632e-01
4.967245648389065904e-01
1.501429104205822540e-01
-1.368018679237015256e-02
2.354176755030224499e-01
-5.591483374973369447e-01
-2.537095736173215488e-01
2.475821625154893402e-01
-5.322989970726691444e-01
-2.098068619118642897e-01
-8.522344039957654438e-01
5.500489787155963262e-01
2.840347195774624023e+00
-1.476963480686591002e+00
7.454567335770173608e-01
1.339134359626316995e+00
2.162653141252608435e+00
2.846360191491670300e-01
-1.583877779224732274e+00
-2.227021868769000768e-01
8.699918221489780779e-01
-1.737764733349257684e-02
-4.793893284332186033e-02
-1.562862666329836170e+00
4.089044017501811124e-01
3.832516833080073515e-01
-3.812815059287171238e-01
1.246547349611597522e+00
6.993014657986743599e-01
3.978805500017369434e-01
4.796980033224161610e-02
-2.196959451814705311e+00
9.362447819597824461e-01
8.032773720404189355e-01
3.609613608814776775e-01
3.698124304561722919e-02
-3.206230569585941659e+00
4.945620766083079767e-01
4.257645526818373272e-01
-4.586579602478992879e-01
-6.793655516250848292e-01
1.041251615859658752e+00
7.681606820265912683e-01
1.157055232881083473e+00
-6.372909740778842647e-01
-1.655417360325866505e-01
3.971498598153012094e-01
4.092083750311397705e-01
1.020405578871186464e-01
-7.140845359910801271e-01
2.475757216547913031e-01
-5.837094231407125022e-01
4.586865694154408368e-01
1.081219161801076023e+00
3.787230301706994706e-01
-8.472801687820516459e-02
-1.454508292146556858e-01
3.914039954834596657e-01
-2.275373106054775274e+00
4.895415758010380758e-01
2.164238261340379055e-01
-1.003932666721557565e+00
-6.747336309535671706e-02
-6.682212898963224568e-01
2.332464528975308760e-01
-4.257197948722228897e-01
-4.215732522423181750e-01
2.214555357200457819e-01
4.001884437361818980e-01
1.296673174073351836e-02
-4.257070472473855061e-01
-1.777053644713553648e+00
-1.695775945076201330e+00
7.970039135498914185e-01
-8.408237016272697151e-01
-4.033884693041162040e-01
-6.096221474756275960e-01
-1.982983571478883933e+00
1.329360623306570677e+00
9.339445296319521805e-01
3.761136639967531115e-01
1.928375392021195012e+00
-9.534544732293409597e-01
-3.865106207934181359e-01
-1.323224477915437292e-01
3.246798646574335367e-01
1.060275572887604545e-01
9.051375188075788669e-01
-5.405419701637346197e-01
-5.333839907875453923e-01
8.565065833022935671e-01
-2.847019166055509976e-01
1.215203210779948750e-01
-2.312648695234009177e-01
-5.624576290411149593e-01
3.661629942980375030e-01
-5.856999910677751497e-01
3.938336919596862051e-01
-1.309781110528905446e+00
-2.850582129101993378e-01
3.642130927710679478e-03
-1.469667112145730092e+00
1.667496220837208165e+00
6.269470372998539043e-01
-5.866006930388754093e-01
-2.641697409154833975e-01
-1.094282538456427867e+00
-3.434032695465771279e-01
-3.391657492071469271e-01
5.991012330267021097e-02
1.346084797277148581e+00
-3.444668500548354051e-01
-2.797179426488214937e-01
-7.287214476660794915e-01
9.791109660481961408e-01
3.687844391377786968e-03
4.154257116090911417e-01
-6.638909886443150610e-01
3.830032099895686049e-01
-3.316106315203986021e-01
-1.092589461532198714e+00
-3.298212747987619986e-01
3.395606081950752753e-01
-3.344251635842541148e-01
1.033444712540179944e-01
3.961464153480864225e-01
2.281040376276872311e-02
5.862416765538255858e-02
-3.530086298318982907e-01
4.146237513399028685e-02
7.490794895185359792e-01
3.902153310063583569e-01
-6.871709871423983262e-01
3.903534187818316625e-02
-3.955846361403027034e-01
4.119730469533702810e-01
3.003947909439937808e-02
4.044011591186236210e-01
2.447958336481775160e-02
3.423442779634355837e-02
1.033765081402400421e+00
1.231077019112666315e+00
-6.131559240357978835e-01
-1.255816720710291323e-02
-2.859027045242580611e-02
-1.072536409549319281e+00
-6.655489312028067816e-01
-3.882453890460091817e+00
1.628473201579129892e+00
9.046625080406436314e-01
-1.937768968919251211e-02
1.103202880968112254e+00
4.526611753467463251e-01
4.787915611868476251e-01
1.129344575961443553e+00
-4.837587049647054105e-01
-5.108528220319514812e-01
-1.906063124945183707e-01
-7.545088689278819372e-01
-2.449583294048501558e-01
-3.014826219875340052e-01
-3.220630191060791514e-01
1.508509765773722866e-01
1.099124648829394590e-01
1.376260058714401824e+00
4.726611109859406024e-01
5.055695562172477509e-01
6.241412987157110570e-02
-8.310430046762136147e-01
-3.580133313543967244e-01
5.595416676895058339e-02
-3.784306089594049460e-01
5.749025657447557336e-01
5.859552939269563332e-02
5.171796890971566141e-01
5.592716041407908706e-02
-8.923926978241850660e-01
6.101614848514025358e-02
1.766752610045704830e-03
6.018901161681069339e-02
9.194655137950757950e-01
-9.467621075018719523e-01
5.000407884869769726e-01
-1.544712847039179326e+00
-1.719009297279358695e+00
9.018302831645058637e-01
6.666449389741019305e-02
6.945074765748505685e-01
-9.030804181261162800e-01
1.055954355559304059e+00
-1.038611395795462355e+00
5.604895389817512452e-01
5.251165349938565763e-01
-4.727629440577124087e-01
-4.306327272613720281e-01
5.247693334648934060e-01
2.637426862291956248e-02
9.683290544515184284e-02
-4.696131600481021628e-01
5.448131324740994597e-01
-5.037280928152360060e-01
5.775905788775375083e-01
5.114061614750766704e-01
4.662199647350685761e-02
9.752230934544656726e-01
1.357785853710270080e-02
-4.149677518772948437e-01
5.078219873352637914e-02
4.794170280802248496e-01
6.506363840250882491e-02
9.491201728717976183e-01
-9.186153947773615380e-01
1.651879421830675154e+00
3.657386457719348227e-01
-4.105306904168191107e-01
1.468468466869123468e+00
-1.339595856047363920e-01
-8.175676099372153338e-01
3.310787170995748152e-01
5.940303787285963200e-01
-2.741123275067719467e-02
-1.215919746414689806e+00
1.042256824739201893e+00
-9.335456147128410320e-01
7.106139178463505290e-01
6.763632730133806170e-01
1.522239515780960728e+00
9.666818588301233639e-01
3.280199107719139473e-01
-1.015356107549475029e+00
5.697375404052320569e-01
2.356264049483261791e-01
3.039897657944995446e-02
-2.591350788445278552e-01
1.121427136744292508e+00
-1.448077052685670107e-02
6.671966285806966990e-02
3.128669842652112010e-01
2.153974072740887091e-02
-2.168024679059701865e-01
8.587109453544927717e-01
1.445530784372446309e+00
-2.016083175988100107e-01
7.646976257236698382e-01
-1.654508980603372592e+00
-1.508939748230108568e+00
-3.758834498308366578e-01
6.709097176946734464e-01
-8.569972440475168707e-01
-1.730990638019893058e-01
2.982768358182460444e-01
-2.558214767089408981e-03
6.116903624641244486e-01
-9.095606888131640977e-01
-2.816636732108500074e-01
-3.055824059357302946e+00
1.504996666284285078e-01
-2.759093101184464381e-01
4.076293592099611285e-01
-1.929822300045896055e+00
1.614493786315198243e+00
-4.135058569759206826e-01
2.238593313816544250e-01
6.677224579772333968e-01
-2.868283101546646729e-02
-1.030523892026413924e+00
-2.050363738825185411e+00
-1.933746464887705185e+00
5.155007229933210589e-01
-9.816731141605130606e-01
-7.403607747831724595e+00
-4.301781131324741714e-01
-7.478878778616343537e-01
1.163067597866947578e+00
-3.220366851671387920e+00
2.160393156916522450e+00
-2.243264961481938879e-02
1.977142286020260764e+00
-7.728227034646217852e-02
7.857237887565107770e-02
-1.049961629620308479e+00
6.014523304643949464e-01
6.248965264416059817e-01
-4.948534331316191137e-01
7.041022196441582004e-01
5.785559737293272109e-01
-4.896627902326308179e-01
-1.153410639238926949e+00
1.149309985153344371e+00
5.597411623722921004e-01
-4.545324167789209779e-01
1.595839368095748112e+00
-6.138395175652673341e-01
5.392228187965680819e-01
-4.998078289211944081e-01
1.442630434675209461e+00
1.445613255247426426e-02
5.304058058929761454e-01
5.285442647968074947e-01
-1.514094205908349977e+00
-4.423139593115674728e-01
9.255639617781844519e-01
-9.790434429330715504e-01
7.908451557306648283e-01
-3.697900707603129500e-01
6.237674429679599397e-01
1.015122695495088156e-01
1.429576731828435809e+00
-4.226584527590828699e-01
-9.728477428306494534e-01
4.926918790629770117e-01
3.793506542207224497e-01
2.304116318571979516e+00
5.061348297653764372e-02
-3.477147540381957114e-02
1.048126293082488836e+00
-7.290665693319381413e-02
7.825551617904342727e-01
1.606867468876473470e+00
-1.063002201572684324e+00
6.427419141359778099e-01
-3.862997530135967583e-01
-3.841578812834572920e-01
3.408545225459769235e-01
-4.378718067697962013e-02
3.543852985253924115e-01
-6.235671963458117029e-03
6.392592333132843807e-01
-3.422959893002901488e-01
-1.465178569338747128e+00
-1.391964453037998484e-02
5.606714385027303793e-01
6.630429136108919597e-01
-2.701515528264563648e-01
9.635335777742892738e-03
-1.545656151462959649e-02
1.991316054957982529e-02
9.685110856193696049e-01
8.834435477336454179e-01
4.377194159526559547e-02
-1.319300061422058912e+00
8.696048089434067485e-01
-1.143092244600547591e-01
-6.503011593387127975e-01
-1.014282083120292277e-02
-8.827331152171691286e-02
2.910949499888046965e-01
2.022432691239153257e+00
1.875117001315443344e-01
2.653578805085818892e+00
-2.293863279070356143e-01
8.843562390000651030e-01
-7.586292692855699515e-01
6.890148320612434762e-01
8.991944232007573756e-01
-6.226626139265895032e-01
4.361897268534760674e-01
-2.208839068909785874e-01
3.755462655923264004e-02
-5.878826155101686268e-01
-1.755735455142526380e-01
-1.134102640559448094e+00
6.608688245526576077e-01
-4.432222018260788543e-01
-1.687934011744093021e-01
2.287694768897219344e-01
1.857522359874560491e-01
6.278771543804619881e-01
-2.244893312061880808e-01
6.929601189755378587e-03
-4.498657364941963110e-01
1.272402771645000930e-02
8.201254273035615272e-01
1.021744125634624356e-02
-1.461331399017661847e-01
2.257631728444069175e-02
-1.984473636214790226e-01
-6.175769735186512621e-01
4.780544748437914326e-01
8.111702139422455327e-01
-1.584958678276919275e-01
1.824443595504875670e+00
3.047784999593722288e-01
6.858315350246683151e-01
-1.363436788639944830e-01
-1.274394149703868551e-01
1.052359345750930819e+00
1.632527982001958256e+00
2.096281766185544626e+00
-6.259632097742571233e-01
-1.346280886791439535e+00
9.664220850737227364e-01
-7.114414948413154693e-01
7.353863569678675827e-01
3.277826702408904724e-01
-3.097913327506425230e-01
-7.083796549326458747e-01
-3.126040837903939495e-01
1.065656542282800018e-01
8.787685220969357336e-03
-7.125743192427345107e-01
5.563633387971382849e-01
-1.923644212168238721e-01
2.906699597615288733e-01
-2.928809591967413417e-01
1.866632316870644015e+00
1.143703381104602901e+00
-1.544302608506360697e+00
8.746024018891012108e-01
-1.264683627891336037e+00
-7.242315079208782036e-01
-3.785175614571191782e-01
9.291990892485832987e+00
8.912228354437156108e-01
-9.453426020765353099e-01
5.434561003691797954e-01
-3.491046111019657783e-01
-3.305212517317385745e-01
1.611842890123468264e-01
2.873392561137132484e-01
5.034184979020176476e-01
4.023520277764118525e-02
-5.201605771578864390e-01
-3.791851671401139795e-02
-1.534165318422939239e-02
8.090146204232127047e-01
3.282392334401990075e-01
1.146185874701407093e+00
6.282390356539446774e-01
3.925088643684208067e-01
-6.520819820266700040e-01
-4.876253238331021977e-01
-1.715707617313170230e+00
-7.055595537864851607e-01
4.402213030923776138e-01
-4.370530400998195453e-01
-1.161861724342476920e+00
-2.146568779813899652e-01
1.759298057723002462e-01
-1.398877284524411291e+00
2.382351642877088338e+00
1.073387722245437992e+00
5.146350792477883962e-01
-1.838755512804950143e-01
6.590048544837603384e-01
4.355126086177774081e-03
3.012608124465416815e-01
4.148078289477938885e-01
-4.991431665074155255e-01
2.113545050640328160e+00
1.751880106108662627e+00
-3.367430049091938993e-01
-8.478737671698677314e-02
1.730365697582718409e+00
-1.131688312766470528e+00
5.779401967534624207e-01
2.120048388587206789e-01
1.729504679707715376e+00
5.036721176510600140e-01
2.195164401534864584e+00
-6.409763416426143001e-01
-1.235644460819728785e+00
-3.734650759604793979e-01
-5.765624162223589977e+00
2.281441967151181860e+00
-2.277954890827457834e+00
-8.219596902925642157e-01
-3.165693797244117924e-01
7.809520306110706578e-01
-4.603852002054553694e-01
1.490005920551321639e+00
-5.872358274137098322e-01
-2.856770952216877824e+00
-1.613308249368680336e+00
1.028740770389720671e+00
6.997474609085936326e-01
9.370491440852929399e-01
6.491163871640857064e-01
8.312863387928798309e-01
-4.487518956133947912e-01
-1.070130870367884679e+00
8.450083586792264123e-01
-7.116504759490634990e-01
-4.722071261115468044e-02
4.626329546548345606e-01
-3.840007009222513590e-01
-1.313729668190823041e+00
7.238442710994188456e-01
8.807096679568277020e-01
1.004486758739792235e-01
1.269829901272818418e-01
-4.402357591731086428e-01
-2.855835296495990994e-01
-6.209301624565044531e-01
3.759081703272108832e-02
5.523646751947645095e-01
-3.565485115673101557e+00
-7.931786000649850843e-01
8.806057387676262671e-01
2.220193149148365297e+00
-4.526009541507534095e-01
-1.145273381398210777e-01
8.919889667748026607e-01
1.105530593856515420e+00
9.916876062745318965e-01
7.470779087426068776e-02
-2.031421201659037445e-01
5.849498964115560362e-01
5.907101607242196684e-01
1.121891004036099648e+00
-5.950213169966489524e-01
-1.874886627976931619e-01
2.614078677588287380e-01
-7.385717295496322388e-01
2.369445368595301804e-01
-1.580007438557984867e-01
5.025199366160099101e-01
-6.734054322102728252e-01
-5.520312511543992162e-01
1.595580897973240264e-01
-5.157895391184518230e-01
-5.228230803115158087e-01
-7.289934135954556638e-02
1.848930954716025976e-01
-1.059254741877926786e+00
-8.911884988589384715e-01
1.163447017230166303e+00
4.680338969517195968e-01
6.635587274503576549e-02
8.829541580498728726e-01
-8.517390944917298257e-02
6.659153126219442553e-01
1.131551904176616163e-01
3.994946506374634776e-01
3.691883203165940985e-02
4.618079634711595438e-01
3.194467254168888437e-01
4.275367830808812220e-01
-4.269896773441992921e-01
7.877261228985606989e-01
3.750000029726652806e-01
1.556267131294136741e-01
1.167180384262646448e-01
6.830436039909152379e-01
1.808765072532175777e-02
4.271566424506019755e-01
2.186146210567719184e+00
1.230900549508946007e+00
-5.665873484213346245e-01
2.012553804843522531e+00
8.558105572625243074e-01
-5.602515456179292253e-01
-1.056873728642104382e+00
-1.567715485131422115e+00
8.053628060425924717e-01
1.885186042223635505e+00
6.471651734408326861e-01
-3.570941350627099276e-02
1.016986008429514587e+00
1.805384006350213122e+00
-1.134723146291682472e+00
-2.590841841801501122e-01
-1.052729298520433288e+00
1.538438849357440130e+00
-2.599641829990066988e-01
1.257639590207963731e-02
-3.603532736718575435e-01
-4.280842587130966881e-01
6.270004730386348202e-01
7.994323618421814714e-01
-2.971649632706312438e-01
-5.342609403247318145e-01
3.681986143710390125e-01
-5.456759760093203848e-01
-3.682848167900147462e+00
-1.094069234080882191e-01
7.240122651571703205e-01
-1.020310660420073567e+00
2.770029758723074664e+00
-4.843035707612513008e-01
-9.707705747622401571e-01
-3.122974995200665238e-01
7.476060506211053003e-01
-6.162247268962017799e-01
-4.114787622992810423e-01
1.239917546746875238e-01
-4.515471532611149419e-01
-1.759608288284452593e+00
-6.457121048050995515e-01
1.459092118394500259e+00
3.024238132539986967e-01
7.567233072504840896e-01
8.580350156908929105e-01
-1.351622977725878139e+00
-6.726685644531684716e-01
-1.724380011561541526e-01
6.170080139156545185e-01
1.202235468062954338e+00
4.995038788907228966e-01
-3.475348515092108181e-01
-4.688429740578920479e-01
4.867107505036436521e-01
-1.926961599907740796e-01
6.482020866997707520e-01
-3.007537925610520579e-01
2.917283217630344261e-01
-5.864042173762775700e-01
-3.632592902251093325e-01
-6.045548633927136026e-03
5.049545277236684448e-01
-4.778531497109853032e-02
3.662018190682224117e-01
-2.298399585006769830e-01
-2.190620840373460609e-01
-9.468823078191121456e-02
-2.017976139386195022e-01
6.601470201087007439e-01
-1.570120973268009090e-01
-4.587124966705658641e-02
1.207545068888544459e-01
-2.181057378694754578e-01
2.140227330248609117e-01
1.238577736721270112e-01
-1.724911895864867040e+00
3.040328210335290771e-01
1.746370819837897992e-01
-4.426351022236565402e-01
2.643691965099582153e-01
-3.881309474091828582e-01
2.312953664342823623e-01
9.253151192547800497e-01
-7.928430870765439398e-01
-1.070066213465354077e-01
2.561070413242175214e-01
1.990083651961066791e-01
7.605657382880134376e-01
1.289630715673413253e+00
-2.231958576930326288e+00
3.803155141915589010e-01
