-2.939470438070657110e+00
-6.096367557009978455e+00
-8.184195555324121907e-01
-2.633897187273303686e+00
-4.144695901188067744e+00
-9.006469416440173736e-01
3.541873158449530212e+00
-5.766984315427627905e-01
1.283258194425869636e+00
1.832098896763531215e+00
2.173182682880846706e+00
2.374320872815082861e+00
1.533760243140996460e+00
-1.334249785533413002e+00
-1.605867533850054429e-01
-8.118389503928578055e-01
1.057377577028086435e+00
9.913019188908059887e-01
-2.384772358355172095e+00
1.240165454892983909e+00
-1.904261982403188946e-01
-9.168871426091576016e-01
-8.588956780658736356e-01
1.510118362480683540e+00
9.756827359379841580e-01
1.480475706643155975e+00
-3.098811541795513935e-02
-2.366298810245923256e+00
-1.785893593542883462e+00
4.028356999382958215e-01
1.222679924699453080e+00
1.660540668501733430e+00
-5.650861551202465138e-01
2.095504956441115674e+00
1.628889512961318564e+00
-7.787227931973754735e-01
-8.315034716737274012e-01
1.650740795424299856e+00
-1.467561807515749550e-01
1.527001149023404558e+00
1.528253624938954447e+00
-1.371427742861921706e+00
-1.314845109465222484e-01
1.157646560514540734e+00
-2.567936785320132365e-01
-7.164672590108182026e-01
-1.822948466548159230e+00
1.611907788368046046e-01
4.936435840543119680e-01
8.880640735380948558e-02
6.161916574401384850e-01
3.008288527344655794e+00
2.241985988000626262e-02
-6.112325551218522612e-01
-1.075005824323554737e+00
2.625593438971079996e-02
-1.063155340113446812e+00
-1.204159753129464550e+00
-9.168847742719709037e-01
1.759240025306416433e+00
-1.065984401959827466e-01
-5.035221099173839976e-01
-8.855948864552867228e-01
7.932267453406360858e-01
1.261800147165235586e+00
6.312146905921171003e-01
-1.249917963854664249e-01
9.460430345630652660e-01
5.879350879734184243e-01
-8.408311651341942028e-01
1.114565259709837108e-01
4.644854367831459108e-01
-6.801439829674558180e-01
-1.947101321789815043e-01
-1.869374178194258329e+00
-2.099287676221666676e-01
-9.310390176252174577e-01
2.082164460331918043e+00
-3.273450883499563480e-01
-1.060699415590129924e+00
1.470876111114050477e+00
1.601239621292285115e-02
-8.652508005393719226e-02
-9.223520727152114684e-01
-5.311373888779761243e-01
4.612006997369555439e-01
-9.163626172963479366e-02
-1.269005966082083603e+00
-6.333011760149281910e-01
-1.870876910960062922e+00
8.601698792242318259e-01
-4.169797716693696144e-01
2.175458143602297389e-01
-1.552802431089513213e+00
3.891699397824485707e-02
8.017455298415011589e-01
-1.392086297634020031e+00
1.718513252298743188e+00
2.533388396170440093e-01
7.261528759916722198e-01
9.136181759585302320e-01
7.811840488590480192e-01
1.825035385006153810e+00
-1.874971981930390885e-01
8.448639275000222604e-01
-1.314650555743975546e-01
7.313436256415173364e-01
-8.413692469950703745e-02
-6.190765934405584314e-01
-4.679456928654570635e-01
3.352750011048962198e-01
1.638667448439108165e+00
3.741485340296165640e-01
4.422547728454995219e-01
-1.281885295895666355e+00
-1.606298306305907753e-01
2.312377577940287199e-01
-4.830124039581461526e-01
8.753865983222124392e-01
-6.737297869332875555e-01
5.465945030154162332e-01
-1.053801073795660681e+00
-1.614485663298365903e-01
-2.820808105918359843e-01
-8.656963596136935113e-01
-1.769993658141041093e-01
1.068907730313559457e+00
-1.385972721780569517e+00
4.061010533883639417e-01
6.218432386720381677e-01
1.228411708954594506e+00
-3.141767774779539724e-01
-6.425322322018124366e-01
8.299290810681267394e-02
-1.189590320161348247e+00
3.986378841948384766e-03
-3.512196560022341485e-01
-1.455787904136484290e+00
-7.760010826552511398e-01
9.150925171432609806e-02
3.715495501401340772e-01
-1.001503234826987665e+00
-1.058082951272600436e+00
-1.545724719548978443e-01
-2.931084857856758319e-01
2.127401879418687969e+00
-8.007422041304474991e-01
-1.378357635383730351e+00
1.169718376912742608e+00
8.831052616194718929e-01
4.497741509367644275e-01
-2.766828108182415868e-01
-2.413889710915342324e-01
-7.849390161212156380e-01
-6.937752726618733323e-01
-2.540487559006930351e-01
2.459537919064296030e-01
1.546953007050996531e-01
-4.487006000488024671e-01
-9.339970145787096500e-01
-1.080281799759748917e+00
-1.588366577580109462e+00
8.331837954129089896e-02
3.715869425551768246e-01
-8.293539093214621349e-01
-3.912907766568037848e-01
1.119409963341345127e-01
-1.403937497315164151e+00
-4.464950746268899762e-01
-2.368637239479414180e+00
2.548296796365829398e+00
-8.527368483187347525e-01
-1.226459521160645938e+00
-1.713249461945703267e+00
-3.629393493712601559e-01
-1.573253564914332658e+00
1.093044619656691196e+00
-1.899958765980405140e+00
2.210313359209624462e+00
1.849033153873762547e+00
-2.653507352287859167e+00
-6.916919948615103397e-01
5.357192720434858835e+00
-4.776092539544043447e-01
-3.269624354390483933e+00
-1.376160841688728542e+00
1.084788333595294446e-01
-2.826702234102349998e+00
-9.384907132327253709e-01
5.679334077173991968e-01
-1.294872597725737762e-01
-2.816239869662339412e+00
-3.365199338090902881e+00
-3.351503002129517572e+00
2.058477196872120274e+00
-1.415812989469919625e+00
-4.106312857360927548e-01
3.605233838578262073e+00
4.348085494203107748e-01
-2.029626092414157590e+00
-1.468995703814707898e+00
-9.018896488623426855e-01
-3.164116246353255057e+00
4.136394970079302347e+00
-1.517886601495419097e+00
2.338932067057094333e+00
1.832852947759981088e+00
-2.692948525351510192e+00
5.167887053839762546e-01
-1.339636331009292025e+00
1.784325619115754158e+00
1.902482052396281542e-01
2.698424781347586787e+00
-6.711814338832995386e-01
1.162470536367580909e+00
5.753400785619670055e-01
-1.335115784892258795e+00
-8.786759408195972121e-01
2.653224765028497911e-01
-2.879069200524323691e+00
-4.112209123775608655e-01
7.283043578534336149e-01
-5.571515000619812419e+00
8.183852062490402091e-01
-1.215113799692360885e+00
2.930757137070413521e+00
-1.449723771224245450e+00
1.025118801500272792e+00
1.533747284437719793e+00
-3.307053456232737609e+00
-4.780819157056158675e-01
-1.155866918452678416e+00
-1.129462214176437662e+00
-2.207276536252017252e+00
-1.996449731089247948e+00
1.256935017438807423e+00
-2.039093396676411096e+00
-8.246524833811137434e-01
1.052929363578042787e+00
2.239146492332197980e-01
-2.656199241955495616e+00
-3.034870050518212459e+00
3.393062937648492650e+00
-1.882302810796685932e+00
-1.309273116476016074e+00
-2.096722735119324277e+00
-1.379261824653214230e+00
-1.689496070033620345e-01
2.033370485192369070e+00
3.570180683146860545e+00
2.178251462992263576e+00
-8.412688386700970522e-01
3.198192013236011544e+00
4.815163719327779090e-01
3.559201736763888846e+00
-1.921739876363611543e+00
-2.119380180866557328e+00
1.290447239174807859e+00
2.525618566424555622e-01
2.457235297170385024e+00
-3.874199123351858898e+00
1.797300855854602641e+00
8.714824138856402946e-01
7.191948745021662370e-01
2.571421359332533463e+00
-2.554325904420319260e-01
-2.357926453031793379e-01
-2.473001505494855312e+00
-1.540667734804089362e+00
-7.956059128089729704e-01
1.882483022480939461e+00
-9.509363884365129582e-01
2.320851430185258302e+00
1.471926104918672706e-01
1.508173001703879690e-01
5.052552458509160793e-01
2.136629400628659692e+00
7.382518966338399435e-01
-2.396389364882293982e-01
-2.231212143546576154e+00
2.502210654192579486e+00
-3.113649521492828365e-01
1.597959681911597540e+00
-1.943018194061564285e+00
7.296709358386953559e-01
-1.868223440813088221e+00
-1.844767988480686127e-01
-2.952843383493398477e+00
1.984251570685920063e+00
5.292081177015163229e-01
-2.030989752157887018e+00
-9.394123880158545825e-01
2.266249826571574477e+00
-1.261384865395295041e+00
-2.398490891779657908e+00
-1.539663507331435088e+00
8.914680647081991705e-01
-3.705681362945172364e-01
-3.887643653108336927e+00
8.076913588580800774e-01
4.457045681495898748e+00
2.412867851481900194e-01
2.331448487885024790e+00
-1.122841225847111213e+00
-2.358334050701254903e+00
1.432998647282615723e+00
-5.869492554506679227e-02
1.573572870002609703e-01
3.486559717719026619e-01
-7.914331233215525785e-01
3.790508649737284186e-02
-3.094760447313203322e+00
-8.234581183269266136e-01
-1.489189926889485482e+00
-2.596883199170172407e-01
-1.965404563197304944e+00
-1.705324485258445488e+00
6.300849852640184601e-01
1.059611187526290799e+00
-4.550851407591260944e-03
-1.396593323457000713e+00
1.867829436649190988e+00
-2.282908778086970791e+00
-1.756327049737858248e+00
3.218070550014740516e-01
8.613736703984964382e-01
-1.261637253204277664e+00
-1.005773896590420602e+00
2.430665290452853622e+00
1.391884207659927597e+00
-2.340070553336304648e+00
-8.739428738374094285e-01
1.005503821571496204e+00
-2.269941363275313151e+00
-1.796412446526616691e+00
-1.213757394070713591e+00
7.554083926321626397e-01
1.165867909343233588e+00
-1.456878188992202228e+00
-2.018084691330861880e+00
-5.534535340678512494e-01
-2.604256659356963599e+00
-6.680295871586381384e-01
-3.399374519774010839e+00
3.934639810018691009e+00
1.410766795739364365e+00
1.526487093159318631e+00
2.054154931287758057e+00
-1.770798257031778178e-01
-4.730995207327433061e-01
2.826005204806457893e+00
-4.038745998489802425e+00
2.034278794023233417e+00
-1.561178006409710273e+00
5.904787230382556595e-01
-1.362232303279971468e+00
-2.966756289593447615e+00
6.794765337891893742e-01
2.682704096739114252e+00
-6.990221929811689661e-01
2.341220543007027644e+00
3.360404292305363860e+00
-1.201416246984137182e+00
-4.247546746673929730e-01
-8.841263270287073039e-01
1.137508535301611667e+00
1.115853648545896304e+00
1.311337569261975533e+00
-6.131537449356946334e-01
1.414337363053555618e+00
1.658404531160269313e+00
7.154797917765441939e-01
-1.768380026007404293e+00
-1.471869153561308208e+00
2.386329273520590988e+00
-1.195989238960208034e+00
7.454912300655311963e-01
8.574957793257302896e-01
6.633986279452718238e-01
1.408938743278101979e+00
-7.388679282921335467e-01
-1.009877561343684560e+00
-6.200342659872244422e-01
-5.421063583649292639e-01
6.690379631072207456e-01
1.343740208555031845e+00
-7.540453493468757262e-02
-2.973884656123252590e+00
-5.221893525611334130e-01
-5.702182324489337706e-01
9.042305907442873547e-01
-9.427098421662051253e-01
9.470279048937345623e-01
5.186778373245597429e-01
-2.257840449154763784e-01
2.162126598111371312e+00
1.778277402473761759e+00
-8.785770167391279140e-01
3.177679577841160397e-01
1.749401774098283235e+00
-8.788588830789280104e-01
1.079575242013279146e+00
8.790742641462517826e-01
1.073933611913218789e+00
-1.008799436112215675e+00
2.317855752277584447e+00
4.586298574946495177e-01
3.625091154120130277e-01
-1.162529090692637768e+00
-1.072286394934938825e+00
3.579203223602141493e-01
-2.984092793306645786e-01
1.204768022065271671e+00
-4.905643076871355479e-01
-1.929758447419361311e-01
4.533272845248891292e-01
2.183755353382749731e-01
1.888401513873096516e+00
2.007814593015250781e-01
-1.473192003247112858e+00
1.000014052283553445e+00
1.178323655295124173e+00
-4.419486135886172007e-02
2.908274436045558131e-01
-1.122678217414660340e+00
6.059376670180489644e-01
-1.492156062724266041e+00
8.736984522317068347e-01
-4.184294266604177137e-01
1.277230800643362585e+00
-3.403562745858513816e-01
1.264632788824432419e+00
1.419520271963214952e-02
6.605610318043395046e-02
1.293615409534959237e+00
-9.780787002950743769e-01
-7.033552817929226153e-01
5.622826150428628100e-01
-1.132782139704663571e+00
-8.171179823017840071e-01
3.993507707620035790e-02
1.485716513291772400e-01
8.582118490012766721e-01
3.797814865250112026e-01
1.064426165975288940e+00
-3.750077799559177749e-01
1.245750364129576848e+00
3.172358779400599738e-03
-1.053063202960320272e-01
1.077115333765481298e+00
-3.315691482990125727e-01
-8.868368060752019888e-01
-8.337406838340543080e-01
5.706239874452860850e-01
2.409619184292148830e-01
3.863934445718086863e-04
1.538132154672917196e+00
1.253813284026339181e+00
3.561962591821765667e-01
-8.909404464510782828e-01
5.214836783869442050e-01
-1.044941839433107589e+00
-9.006049160942376508e-01
5.960204797298243040e-01
-1.138383373784687791e+00
7.249656976365275174e-01
-6.855741085647418243e-03
1.038738023196190907e+00
-7.146386299327557312e-01
-2.129095502946309448e+00
-8.633303003004098031e-01
-2.190084432882972276e+00
3.754252564441937778e-01
7.320973019113014013e-02
-7.823551710188389463e-02
-1.459963292428788417e+00
2.626705381848706278e-01
2.778523554087783509e+00
-1.918949002421002636e-01
-8.023358442356054443e-01
5.294962361088380032e-01
1.328309428212973264e+00
-6.695751483453124542e-02
1.623756476322966602e+00
-9.640240766168577113e-02
7.443891876928565576e-01
4.094424199022515531e-01
-8.529967286869852838e-01
6.337468072829641752e-01
1.743335529410203200e-01
-1.496325730378817775e+00
4.674810154452965077e-02
-1.067208172105013730e+00
1.241361810348469152e+00
1.439975308114332497e+00
5.659883799804878990e-01
3.010667891892157000e-01
6.578710190696548943e-02
1.610822439222275637e+00
6.976472910018072238e-03
-3.726836207160636461e-01
2.098206998353700781e-01
7.245963830191504140e-01
-5.758026018778229504e-01
-4.568017529688578326e-02
3.362863085154240705e-01
2.783756651779374924e-01
6.837359005306007376e-01
-1.989242123071420787e+00
-2.092892761121066258e-01
-4.362498030819041972e-01
-8.767863780008039454e-02
1.357757347671634807e-01
1.572813191720089376e+00
-2.652895695552082156e-01
-3.076324559036832107e-01
6.190657984755567611e-01
1.223376172520314720e+00
-2.106983783946131672e-01
1.232911558056615897e+00
-2.088361819363351024e-01
-8.179927624417133725e-01
-5.295446674216813809e-01
8.581173643176451815e-01
-4.550894056632076023e-01
6.537427615957727145e-01
6.211235771201537026e-02
1.841120279940687554e-01
-2.597277586699644480e-01
-1.494481166550956364e-01
4.632766380133819251e-01
3.617499843252550140e-01
-3.837273466671972666e-01
4.038659092801077377e-01
6.942616432148789318e-01
1.895111565957188771e-01
1.004476100719826848e+00
2.924718175522001973e-01
-5.920876786329698493e-02
-5.547763016244751100e-01
7.359771898075859742e-01
-5.120153320987499423e-01
-3.059525009540762230e-01
1.875588147042923926e-02
9.509341921688450050e-01
1.793374449171148133e-01
8.214936039581723914e-01
-8.072207126891765838e-02
4.192237022712410055e-01
-1.769159127933807307e-01
1.793873169236895881e-01
1.759250663213235977e-01
-9.577125114032966069e-01
-5.634719922520478042e-01
1.959552482207415625e-01
-2.179078046430528159e-01
-3.845105450766287403e-01
-1.600730916582661090e-01
4.100332763255900570e-01
8.007906444890913189e-01
2.264745686545898695e-01
2.072847039756705312e-01
-1.822638064067445551e-01
-1.098475602848446364e+00
6.909537506718541611e-01
-5.738115958135460437e-02
6.927078563624697871e-01
-1.143321721247489764e+00
-1.254319288381149144e+00
1.242990162983597241e-01
2.204678296965674744e-01
7.681014031175112944e-01
7.362228643621973045e-01
-6.687492384386323208e-01
8.466131882201755054e-01
-1.346815574123780557e-01
4.505680476556181979e-01
-9.356361017550050008e-01
-7.257851958096880329e-01
-2.362390522369764767e+00
1.399603194610336554e-01
-1.704449915388311254e+00
2.690350996568226516e-01
1.197982595471690725e+00
-1.205072582270301229e+00
-1.148931806889378904e-01
-1.558857655182973145e+00
4.102240661658190790e-02
-1.129161186778093323e-01
1.550956799070072556e+00
-2.771042219274155727e-03
7.897551765408480362e-01
-2.351240331636785530e-01
-2.575526091157117614e-01
1.158236743842568917e+00
1.302819877323573738e+00
2.128563140971024281e-01
-5.336124068930666597e-01
4.169003095815471127e-02
8.497697786382516494e-01
-7.225126942706249222e-01
1.084863003137742921e-01
3.969247611722143132e-01
-3.194741181845842659e-01
6.683975838010229875e-01
3.990317447906121390e-02
6.615923808687436125e-01
3.008289714947390281e-01
3.023479738497775182e-01
-1.087256200655520866e+00
-1.012895093119718926e+00
-4.206131304010601868e-01
4.412080581293951753e-01
-2.926450833762392900e-01
4.975811524956806897e-01
-1.929296282086911729e+00
-2.259939501478292756e-01
-1.845187605581995349e+00
1.245968533781711907e+00
-1.357953736781647880e+00
7.245278603511753346e-01
-6.653142671661105290e-01
-9.492431040769478967e-01
6.507573590731270397e-01
1.455854786514521049e+00
-5.726443699626274642e-01
-2.178061100350369150e-01
4.138500809798936753e-01
-8.605524436758384965e-01
1.543075810370566847e+00
-1.279202412283332591e-01
-5.483709444705323621e-01
2.573196805140852139e-01
5.642406706520426418e-01
8.022818134173396176e-01
9.300596785486928697e-01
2.405142906013607237e-02
-3.914605802220396114e-01
-8.780861272387251448e-01
7.570781048138696123e-01
3.096181047598876024e-01
-2.853587269145140271e-01
2.265564506260449307e-01
-3.273842373191186983e-01
-7.381646832600878838e-01
1.192099395886238922e+00
1.778241012522028264e-01
8.851092592404592452e-01
-9.530583024054918584e-02
-3.156149105701775981e-01
-9.727472353420951734e-01
-8.216033898381240874e-01
-1.125647872308217778e-01
5.622990763939246517e-02
-7.731302786092857371e-01
1.257539697402365597e-01
-1.863282363713798795e-01
-8.359368183976575439e-01
1.043592354606851791e-01
-5.523577262348480232e-01
3.521615010789971301e-01
5.292789966939788204e-01
-1.344588761435358215e+00
-1.630595953002501597e-01
-8.753140477781209405e-01
1.162612719187400501e+00
-9.986296994009455363e-02
1.393416138431024187e+00
-1.364082610628316594e-01
-6.898347820399151065e-01
2.145162239343617605e-01
-8.823025700808312388e-01
9.602483299614125722e-02
-1.779290536471376916e+00
-6.727967460393153853e-01
3.510247730725996052e-01
-6.746009666467396304e-01
-2.242449201028819394e-01
-2.082526026682581799e-01
8.092122741988874157e-01
7.807792116427887674e-02
4.416343684715382523e-01
-2.087114845391608298e-01
-3.903081849659610914e-01
9.855130151897885105e-01
-1.755494941980142998e-03
2.467786912498858842e-01
6.151355138213437934e-01
3.041297825277737843e-01
-1.951303967235963333e-01
-8.612906635915861253e-01
5.784977168141354209e-01
2.337424458283385298e-01
6.188779570588973655e-01
2.920764762901560396e-01
-6.727502431498879609e-01
5.183811433209684072e-01
1.228667743243215815e+00
1.003546925997059192e-02
-1.079552247658266406e-01
2.169238722661158969e-01
2.880807923654749580e-01
-1.501153536264301092e-01
3.266978171359987138e-01
-8.147188768751508769e-01
-6.537370792786318940e-01
1.296435038088076253e-01
-5.242337740873026508e-01
1.201563128175384826e-01
1.545368854504479417e-01
2.369275750836655536e+00
1.510075622777929116e-01
6.829989752827651806e-02
-1.558552979357771817e-01
-5.270944237111417907e-01
4.175083164125562019e-02
-5.792001378143751822e-01
-6.657914770265669357e-01
-5.092864131554609708e-01
-1.022917979631014496e-01
9.185447195888539751e-01
-7.831791519004723812e-01
4.063289094919124156e-01
-1.340286102820215319e+00
1.032678416531760124e-01
9.991485871416534437e-01
4.697011277399384399e-01
-5.377388261210221121e-02
7.438016119468665588e-01
2.979272652515748687e-01
8.795382672803518653e-02
4.812614432082681359e-01
6.600327906721049909e-02
-1.804576788260565667e-01
3.231565947591041876e-01
7.232766743082730265e-01
1.440279405564831305e-01
-3.583672545209907745e-01
1.140417388348484717e+00
-1.126150706234925053e-01
-6.448986819480374555e-01
-1.268424975298747537e-01
-2.366043607713490537e-01
1.105108798670734055e-01
5.197552157639487858e-01
-7.645682904180936545e-02
-4.310925663321254486e-01
9.196638037018050049e-01
5.460234534056191968e-01
-6.277033677899478137e-02
-2.953805223290564275e-01
2.109175103356346059e-01
-2.769245408854017487e-01
-7.360664924129468600e-01
4.492935072913219474e-01
6.089150776341278881e-01
1.698211119563971805e-01
-1.790252807527130119e-01
2.818992386366546699e-01
-9.195808540944141463e-01
5.583794766397773834e-01
1.139043945167291377e-01
3.548893318343328551e-01
-1.180365396159793745e-02
1.616579948693065427e-01
-2.235743559561539640e-01
1.376900732750023781e-01
6.027148229226148013e-01
1.665187120925239184e-02
-5.428026766775767564e-01
5.682313166894289447e-01
1.670183037347943433e-01
-9.549111362496456867e-02
-6.625977976338499609e-01
-7.718241144034755363e-01
-3.184639765535169503e-02
3.449775469958565322e-01
3.626113502121984800e-01
-1.634371751959932395e-01
-5.054712577222451042e-01
-1.184952853074065365e-01
-1.334444891190877391e-01
2.313801306908739863e-01
-2.834414772671586813e-05
-3.300915099255679053e-01
7.047026803368244829e-01
3.100927210317885874e-01
3.042113607659127084e-01
-1.863040998284040128e-01
8.702962564665301937e-01
6.179790183521887137e-01
2.458741111468830953e-01
-4.981504685529807852e-01
-6.500077481822530423e-02
-2.322074272607805023e-01
-4.201863283969216045e-01
-9.077049901794989606e-02
-1.701980448111434507e-01
6.101133486978247422e-01
4.915413029894371427e-02
5.627796541569907163e-01
6.461923125868063167e-02
-3.031142315814049359e-01
7.767279542265363990e-01
3.181422849317931678e-02
-5.243182995017249270e-01
-3.648905430566772301e-01
-6.045338480933566405e-01
3.345215997422210652e-01
1.602663049725129296e-01
3.873157728287425217e-01
-1.226968555126299654e+00
4.342118628109398887e-02
1.358812696295652045e-01
-3.945851497214121206e-01
3.779506798600935635e-01
-1.451649094839724818e-01
2.707557222638040106e-01
6.107943509988288805e-02
1.112512865693793263e-02
-8.761384011650991469e-03
3.326308553850610972e-01
-4.821545959734492293e-01
5.627616527133313395e-01
1.535794081083111107e-02
1.717071822748566789e-01
-5.209552151103753748e-02
-3.408773625921154848e-01
4.745491268261099460e-01
-7.131579649722566416e-02
-1.266775234706017939e+00
-1.689440485744145848e+00
-5.236005851978371706e-02
-4.161597854267907737e-01
8.136606056363923090e-01
3.162135625875053258e-01
-3.430959276911728084e-01
-8.280926812290786421e-01
-9.207175180336561737e-02
1.436457676603815070e-01
8.959918136974399649e-01
1.972049806569544650e-01
3.977963120435985545e-01
-4.795293842343603674e-02
-2.866664391892238539e-01
-4.759043741879429024e-01
-2.320717501264664417e-02
3.109508279342894643e-01
4.748736367414235771e-02
-4.313420728337295507e-01
1.048758160828500152e+00
4.931419656347680869e-01
1.362475185160493818e-01
8.074292004332226380e-01
-2.301934294465005915e-01
-1.983294929229516002e-01
8.023236586455556596e-01
2.237247684818308158e-01
8.955160483521006354e-01
3.561297983739577372e-02
-2.262148129275187436e-01
-2.017347421161027610e-01
1.038389746389080770e+00
-2.750863080306210906e-02
1.264930366071228274e-01
2.212659673255402137e-01
1.064514915587648769e-01
-7.965904347506003180e-02
-4.777251879953729463e-01
4.881671369284256712e-01
2.418221272954289014e-01
-2.162307703118783730e-01
3.189054985933695296e-01
4.897027098719407279e-02
7.008410773557223472e-02
-7.465549807431233198e-01
-5.574686100851597992e-01
3.677737818484296817e-01
3.178840354082960729e-01
9.751950860285106548e-02
2.075276798171279413e-01
1.333075261961827462e-02
-1.203907749171559960e+00
1.116641993664280630e+00
8.898091251091140297e-01
-1.988848915821171126e-01
3.319551248882696148e-01
1.867287388747068122e-01
7.479544818871970702e-02
1.741664858729370380e-01
8.936358199665214164e-01
1.316014447714891900e-01
5.015510669154428225e-01
1.039891934861832679e-01
1.195001271405287113e-01
-4.772694805803157775e-02
2.541367166395369082e-01
5.570031597324611727e-01
-1.264531829527271722e-01
3.472568172731368974e-02
5.400191042282150855e-01
-1.242189623768896328e-01
-5.818241364889438216e-01
-5.776043126896592828e-01
1.009594061948807797e-01
9.359340605013580783e-01
1.106135148471709240e+00
-4.844675989311347797e-01
-3.281817368675815083e-01
-2.850238559793467075e-01
-3.967234617101490501e-01
-4.934876439057114816e-02
-3.013803915838339509e-01
9.011487938455419178e-01
7.580453998856151454e-03
-2.527606434471943442e-01
1.581836855856855184e-02
-7.873251862175434379e-01
-8.856534650502311257e-01
4.323771402673081687e-01
-4.185273346795046479e-01
3.987453876274710263e-01
1.214722502943276633e-01
-5.395116815578128444e-02
1.743990463133343383e+00
3.762831032934287334e-01
2.936287242184227875e-01
-3.173842836417378743e-01
-1.291956060529439787e+00
7.530019418357264405e-02
-4.154315211350625286e-02
1.141795713840011661e+00
-3.643513943481573869e-01
-1.190349811027980431e+00
-3.745438010121671657e-01
4.443360669227926496e-01
1.656291098392289385e+00
-3.188958794768776417e-01
9.535878347083344142e-01
-6.938042085991876773e-01
3.002288276779230825e-01
5.874528839378043710e-01
8.325333246651850372e-01
-9.620027869517340235e-01
-7.135512519209866733e-01
-2.063067998591122387e-01
1.650768057339851713e-01
-8.124280742019013291e-01
4.650418459544037875e-01
-8.478059457147799072e-02
-5.358600983524131056e-01
-1.279173471374673854e+00
2.817737184586516230e-01
-4.896613273629257246e-01
8.674208083003100977e-01
-3.646381878799617171e-01
2.483468282387517323e-01
-1.459305065156456083e+00
3.595330881253725464e-01
1.426899630404855790e+00
-1.445455514806376351e-01
1.150294730789333197e+00
-3.594194428518980300e-01
2.754952211180445865e-01
-2.439432189822298147e-01
2.388183170790456611e-01
5.616776896509002859e-02
9.079461440167609920e-01
-6.613906637035379954e-02
-1.087063821172540856e-01
1.699481631716214802e-01
3.267944890712907724e-01
6.934382977787567626e-01
1.055178960643183561e-01
2.236298677762499632e-01
-1.820862482164619101e-01
-2.117792746541980742e-01
3.603028137019264054e-01
-4.825531885555257167e-02
9.121627478214736628e-01
4.973325319794358879e-01
-5.145737332755287996e-01
3.887621264115041497e-01
-4.442059080896607060e-01
3.315998757573399569e-01
-2.898464126276869418e-02
2.187311812311736603e-01
-9.935926923584151305e-03
-3.183935615236498373e-01
1.658969966182375355e-01
7.396119509030727457e-01
-3.488635052024650213e-02
1.334649656783893357e-01
4.222370862015495385e-01
-1.033616706576431232e-01
2.625651929645895777e-01
3.777624152499320376e-01
1.214373344468788196e-01
-4.277729431005589111e-02
7.760409432790662532e-01
-8.945325736843877384e-02
2.291549742783025034e-01
3.226456569863929424e-03
-4.627781643702492675e-01
4.304536794988806925e-01
1.093602010147436965e-01
-6.499256459845978995e-01
-2.990860250539250087e-01
-8.092161215087069204e-01
4.512764170925709917e-01
-9.598515541125659523e-01
5.698928227557290005e-02
-2.993741925550155725e-01
2.556544125597744355e+00
1.098278604994994634e+00
9.943138116521673675e-01
-1.006838921420920574e+00
-7.350996509100912735e-03
1.116508941752327178e-01
2.574845568424291020e-01
-3.692424868687126799e-02
7.436104604583303468e-01
-5.967812189077618124e-01
7.234167337391240737e-01
2.134116709859749939e-01
1.160619579153136516e-01
3.507258794057660500e-01
1.128816043190695173e-01
-3.264098357854755550e-02
5.439036493778549586e-01
-3.377388797934143677e-02
2.027674485766821078e-01
-5.880472625588165081e-02
-9.085212413462853132e-01
-6.574450832327621841e-01
3.623026492354491368e-01
-1.613470805709496525e-01
-7.435938013506736555e-01
6.447531434363727998e-01
7.271280902525725232e-01
5.680797760509923577e-01
2.655476955735911471e-01
2.905750488020468203e-01
-1.905464625399538314e-01
-1.894581500248490868e-01
2.965837943431381407e-01
8.738222961012287460e-03
1.141264968115019846e-01
1.916183103871453575e-01
3.071979987139515922e-01
-6.920271414115998221e-01
-1.527696518687641780e-01
3.108993034381563048e-01
7.481406417319962365e-01
-2.059496409346029955e-01
5.781472809834329318e-01
-2.399325874252720148e-01
1.765575617251167184e-01
-7.746144327720697609e-01
6.428085494091886343e-01
-1.151885510456339912e+00
-9.103550669213558710e-02
1.443664911532505646e-01
-2.080218173599215348e-01
1.000152699706908566e+00
8.022260281098431145e-01
1.845548248384708545e-01
-8.077752597131722390e-02
2.796023900354205338e-01
-4.566920460264717874e-01
-6.185233084436342343e-01
4.205158706705216520e-01
-9.544485033860985457e-01
7.344813329014155956e-01
9.775128701018361843e-01
1.957553666388968105e-01
-2.431007052873470631e-01
-6.272493819775253332e-01
-1.502565607415692783e+00
-6.713505895176816729e-01
-3.935664674408873021e-02
-2.206750673654808370e+00
6.791770007358212402e-02
-7.087493797681379548e-02
-1.366246724156037651e+00
1.632133804136792099e+00
-9.471743204189895238e-01
1.411151664963403718e+00
8.591732604296422604e-01
-1.817050478732308516e+00
8.792231081664453329e-01
-4.375352742124169469e-01
-6.240763326761953333e-01
-1.402940011013047439e+00
2.995848117881669825e-01
-2.005178342238201239e+00
1.028129609701799341e+00
-7.793280243042407518e-01
-1.220729841757527634e+00
8.360127045898947673e-02
8.964483094682288433e-01
8.473587973892183767e-01
5.437528100019007882e-01
1.115252153413567593e-01
2.387401427105909357e-01
-1.224053986459034543e-01
-3.741762953817481807e-02
-6.271084208337428523e-01
-1.706300433669367400e-01
1.439093121273832043e+00
1.133280960491021450e+00
3.750518929388166889e-01
-9.772330713932810831e-01
7.849968607636473861e-01
-1.642128727597208515e-01
4.530839755152846204e-01
-1.055543483253055026e+00
8.170230605015554870e-02
-1.505925485641403050e+00
-1.127378822162048877e+00
4.165749538612420477e-02
-2.765642666286187712e-01
1.737258820100488155e+00
1.250303141595341394e-01
-1.149915009584983716e+00
1.322168968462768657e+00
-1.595058498283397630e-01
3.924229829888474796e-01
8.533897642967174235e-01
3.054527364121512045e-01
-4.504510384770507025e-01
-9.473970767772843526e-01
1.088841779761081430e+00
-4.724331372854891908e-01
1.094464759164383238e+00
-1.038163794564455511e+00
1.488353713201992501e-01
3.404340433805914667e-01
-6.231819318242766137e-01
1.184644263638828937e-01
5.944229174498066870e-01
8.686460269466331763e-01
4.309322779612119181e-01
2.480777680083835479e-01
-3.129159256951126178e-01
-2.826366080981728701e-01
3.713002103180307878e-01
-3.986003577149798693e-01
3.224535849168712609e-01
-1.369463319838767346e-01
5.253652148450183024e-01
-9.672888982873902031e-02
3.057562613257890916e-01
-5.460983361450812146e-02
2.303482635200755357e-01
4.488622382174470293e-02
-8.288420196770381887e-01
-2.566538461641241775e-01
-1.085443061395887851e-02
8.845885487568816430e-01
3.732069750589885881e-01
4.124979740845973603e-02
2.433927069649801656e-01
-1.753492157773914872e-01
-5.212283749458325177e-01
9.563025049109193931e-01
-2.220078429048978619e-02
-9.133805970875075175e-01
1.718495529112694653e-01
5.828433138311970296e-01
3.320062375209549832e-01
1.276113748379853197e-01
2.282042974679536207e-01
-3.000907243635224098e-01
5.416254753248704867e-01
4.164577710800464461e-01
1.186003460602853554e-01
-1.563673646294053698e-01
3.482475176892003144e-01
2.557151987142069691e-02
5.953064981929897526e-01
1.542339353921479139e-01
-7.301492514035163861e-01
6.869954254093569856e-01
-1.041073013844648065e-01
3.361637602187917961e-01
4.192442719318952293e-01
4.083740877906553296e-02
1.155305911333308899e-01
2.124609476094209692e-01
-1.702848515067545976e-01
6.452642355266424712e-02
2.009408846333156640e-01
-5.148054872838626617e-01
9.232220610159547203e-01
2.551272368932041013e-01
-6.486981960246256118e-02
9.901344163761971462e-02
-5.444502728545300846e-03
3.495352795292460679e-01
-4.438307506062977303e-02
6.029795324935648404e-01
-4.183480254454938763e-01
4.409890552693700450e-01
1.755010834889144666e-01
-5.778432257315631038e-01
-1.171729568559138901e+00
-1.580305212368254275e-01
8.075478555625169585e-01
-5.548884265060357590e-01
-6.455912794045024494e-01
4.620369485331594639e-01
6.845075526334590821e-01
6.161979701292473466e-02
6.077606828851142007e-01
-3.200154022284937283e-02
2.335244452175118390e-01
9.341302256020551920e-02
5.273281930634144965e-01
1.780933115183463977e-01
3.110821814610371105e-01
1.438550106785378979e-01
-4.457759777759276454e-01
2.786274879207373822e-01
-9.544856777220067645e-02
-6.083703781654896670e-01
1.037518180721042960e+00
-6.779858451661160967e-02
8.064899640899747535e-01
-1.580297762103700376e-01
-7.719909491908467647e-01
8.394862846412248780e-02
8.878833395202317957e-02
-3.860680603286149593e-01
1.156718183969215108e+00
1.682455976969041145e-02
1.173289726420606582e-01
-1.348847114414073178e-01
-6.451513183710408383e-02
5.788367086355205027e-01
-5.487704661372446724e-01
-4.238001349602393136e-02
4.996858611919720028e-01
-6.700064234387068662e-01
4.691016780664958308e-01
6.363190764094366347e-01
-3.425044186450258016e-02
6.016448096498551168e-01
3.573544347107672214e-01
-1.550239659103367640e-01
-6.946459208661603935e-02
4.112096938109314759e-01
-3.473303199648956063e-01
2.915528708426815552e-01
-5.051927068243792229e-01
3.765376376710860007e-01
5.691246334218272862e-01
4.545876234810778543e-02
2.438347622266219539e-02
-1.910966618504209014e-01
2.754540656835113288e-01
1.847314146862218953e-01
3.593973964260885334e-01
-1.975528192695294338e+00
-1.026507906969325257e+00
-8.006354598421949742e-01
-2.661977436337326641e-01
-6.240299437227924129e-01
5.609505308791350453e-01
2.669699586149695825e-02
8.583660043962213493e-01
4.644876166803709600e-02
2.538366609170537164e-02
-1.006089060826687920e+00
-1.777509532375042056e+00
1.346922055125432838e+00
-2.274799685911624292e-01
9.129969042075072316e-01
2.161404635251633344e-01
2.601711132013664884e-02
1.353569692915592038e+00
5.844980008035415286e-01
-5.263676860913494293e-01
1.409659157803087592e-01
-6.236014854167684085e-01
8.118118866458923222e-01
2.110364804505088787e-01
2.320086402404146209e-01
1.016432091807423665e+00
2.364568314404422167e-01
9.737015492927637572e-01
-1.430233579347611750e-01
-9.667072168942178467e-02
5.981863064586671053e-01
1.120139417711033758e+00
8.818085150537224859e-02
-5.609980711987455626e-01
-3.929561887052068214e-01
9.061857125091981047e-01
2.531730370077371617e-02
-4.261745597383352901e-01
5.775377094620793850e-01
1.895473560413354908e-01
-3.430707552287697026e-02
3.919636443038791995e-01
3.786822494462348532e-01
7.586174393316319486e-02
4.208717269446746179e-01
1.060935377748270236e-01
-8.380281044196298268e-01
2.542962292680167047e-01
-4.560242629457215147e-01
6.130979179427658021e-01
-2.510993311521016458e-01
4.439015878766565670e-01
-2.591352755164618715e-01
1.748602758318549000e-01
9.488132849275643377e-01
1.119281661657571120e-01
3.354532669104516307e-01
5.722787270039229046e-01
-6.013809637594488139e-02
3.392154652278522309e-01
-8.301360340548508132e-02
1.001425877523533625e+00
8.113036445920452921e-01
-6.073299311970339898e-02
-4.324301889811064670e-01
-1.626304945488927567e+00
-1.148932836208635067e+00
1.108255473167727434e+00
-1.991863587389163248e-01
9.657154094565190139e-03
1.271972866485113984e+00
1.390718774167344574e+00
8.524376403340400143e-02
5.788033268669866560e-01
-1.046430424146975957e+00
-2.650595727466774076e-01
-2.212744525197767043e-01
-4.595327414942459443e-01
-6.884345703794272353e-01
9.002554361266554839e-01
8.107455667082333894e-01
4.324223763142874266e-01
-4.767920338284479254e-01
4.736282355056664617e-01
-7.507443122046048023e-01
-5.039708727992975312e-01
1.230441319044332404e+00
1.107454741946616028e-01
5.123792653401583463e-02
-5.105298836919640593e-01
-1.171661602236791389e+00
8.011457233446853676e-01
-7.837901788395533753e-01
6.935963926044853567e-01
-1.387451632113688937e+00
-1.094894263272454094e+00
-1.578526671554148386e+00
-4.300131585501857368e-01
6.909526240525712404e-02
1.140933814883992037e+00
-1.006669223686204484e+00
3.976982121405535642e-01
-1.086308923721357234e+00
1.364847003980073636e-01
6.851813797858027355e-01
7.638708235705272687e-01
-1.514911950941698615e+00
-1.144177897124512899e+00
1.030072474129269500e+00
-4.555059689850792792e-01
4.062478159137058453e-01
-1.547408261113662364e+00
9.047082702088853345e-01
5.804939313795884348e-02
3.794220363317377664e-01
7.295193374758486282e-01
-8.881506896213617330e-02
-1.336510034397702107e-01
-1.269828002530230537e-01
-5.130461817995668472e-01
-2.453416492327682719e-02
7.012074852278209480e-01
1.016117015412369540e+00
6.450717726655822437e-01
-1.213098018333345296e+00
3.648306038710202315e-01
-2.134184490574547954e+00
8.486387065974272392e-01
8.040873031920448000e-02
5.079918646784633562e-01
-5.095035962672407326e-01
-2.217914038867332960e-01
8.144587582272155846e-01
1.607067200804016771e+00
3.328276525528273133e-02
4.931036236515838889e-01
-3.333576828430935834e-01
-2.849760241532555138e-01
7.834393076164595238e-01
1.185459328946684987e-01
7.220372753945396571e-01
-1.848801001169324970e-02
-2.292077110800516682e-02
4.692969125376966755e-01
-1.792429219451633915e-01
1.630353289778260217e-01
6.808444091976151302e-02
3.038056297682469320e-01
-5.683680389343619410e-01
-9.998067994932233193e-03
1.890389673468996501e-01
-5.028505203789891409e-01
-9.954022487405703723e-01
4.211349357849452635e-01
-2.343759861175594983e-01
8.633014178062603516e-01
1.623066792733272312e-01
4.585166030640160373e-01
-4.043651534537139325e-01
3.898558393364514041e-01
-1.083186040922570648e+00
-6.227661476378701932e-01
4.716894158644797941e-02
-2.589654206186499108e-01
1.580686753599462036e-01
-9.371960099882405137e-02
-4.589293152721551222e-02
-2.454798347566457539e-01
1.572327327690974386e-01
-1.433318055321263662e+00
-9.208491789449655407e-01
-8.187832481279791463e-02
7.517424813730594346e-01
-3.954069133082307452e-01
-3.048503260173807128e-01
1.552805434096800719e+00
2.514860611068681084e-01
1.014108836754632481e+00
-2.568755487299165807e-01
-4.034108661054455203e-01
9.429491053688802138e-01
2.205745764342988829e-02
4.972740539420721362e-01
1.904090741374837581e-01
-2.076615378681705981e-01
6.229093813679388303e-01
-1.136128632040538156e+00
2.318546915882157000e-01
-1.058547266133485598e+00
2.283952271651204513e-01
-1.436248881266653510e-01
2.642344843133746513e-01
1.062223831863129631e+00
3.085130154955603166e-01
2.602650187972229689e-01
-9.832784314426801231e-01
-3.771327657928604804e-01
-8.811370432899015004e-01
1.106564309278823127e-01
2.159824397239856197e-01
-6.081379877489677677e-01
-6.258430024376533396e-01
4.274015039198868215e-02
1.490647398330197659e-01
-1.311267986670616281e+00
-7.797823022903523915e-01
-6.989045384778258541e-01
-1.030939933720918189e+00
-4.835853017966430301e+00
-3.247630569034559045e+00
3.729214123832123029e+00
3.793253198216141597e-01
6.812992978247062181e-01
-2.660042736174084155e-01
-8.075907765859076104e-01
1.135249927355592492e+00
-5.954303556446547407e-01
-1.038983898057841859e+00
1.857119147046657037e+00
-3.365153712458581609e-02
-2.434980432328740507e-01
-1.451694710897040386e+00
1.286134124530776690e+00
-6.985471307807757935e-01
-2.382733704293881483e-01
-1.290726999533559738e+00
3.462622311504726103e-01
7.855122377995307215e-01
2.919582079729569624e-01
-1.253507285033325314e+00
-1.316465599864677039e+00
-5.758613946001909234e-01
-1.371170157069969253e+00
1.373396102295260990e+00
-1.098420680646602809e+00
-7.809399914541875765e-01
-7.818861622912453013e-01
7.764304231402597845e-01
7.348782204342709790e-01
-8.091860570775747385e-01
-5.071580805424480420e-01
-3.038353028618693497e+00
2.150929168603336272e+00
-1.481994975052402796e-01
-2.102853104089931202e-01
1.922288303240354157e+00
-4.759338715334522352e-01
1.048438587179096437e+00
-1.729218028553870523e-01
-2.173972339517174779e-01
1.793194227325509926e+00
6.863089455996425059e-01
-1.776395993505686666e-01
6.815777434113183819e-01
-6.264096334532864851e-01
-2.733938136244367101e-01
-1.371678656386398909e-01
-1.134640249748921859e+00
-6.554739249702008497e-01
1.968655200366573044e-01
1.211194182203840564e+00
-2.528229791726069875e-01
1.617421164597141248e+00
-1.088582795806051884e+00
6.279793290463243638e-01
1.102540166643222880e-01
7.791081916861368750e-01
1.827978960473281012e-01
-4.479833935087901842e-01
5.684323195635508918e-01
8.456255932176767187e-01
2.268764741107548444e-01
-1.660803721120504284e-01
4.741454519216313224e-01
-1.985991633960844105e-01
-5.536192197536800030e-01
5.627464341544088366e-01
1.198178128329866476e-01
-7.259958633631502511e-02
7.769131622977125673e-01
6.308058218712964127e-01
-1.043863375010667172e+00
-6.454890665692857299e-01
-8.488959167489569246e-01
8.703725951865587396e-02
6.730250523374181615e-01
2.742783585736621177e-01
2.931967849545583649e-01
-9.631589271328820923e-01
1.861963021450595002e-01
-4.064777436938485922e-01
-1.484056422066136194e-01
-1.365424570695521034e+00
-4.315517301621299429e-01
-1.353005358197529873e+00
6.249269732323098347e-01
5.412777099537865455e-01
-2.592026989874202103e-01
5.807298884457486876e-01
-7.138995223649584609e-01
-8.235479065226183892e-02
-1.439940973423950998e+00
1.341821866278078146e-01
-6.987588550648107244e-01
7.571661795749534685e-01
-1.624000351447429935e+00
-3.860949270604602801e-01
-1.349846261037351003e-01
-1.077165869495190664e+00
6.181654633311555180e-01
3.281620353236605059e-01
-1.085313556025015114e+00
-1.099739947139176666e-01
-1.615713911365120437e+00
4.474876020618633876e-01
-1.244676521235833722e+00
8.332834633648789069e-01
9.928130073879974926e-01
8.983753292254634815e-01
3.850253642180840874e-01
1.649340321524596642e-01
8.162774751113768268e-01
-9.941705633069856107e-01
8.420323789125389036e-02
-1.010467626215411752e+00
3.063028452521794343e-01
5.373872237693008147e-01
3.503050718465726132e-01
-8.313644170291996094e-01
-4.845135080125677618e-01
1.766395166428163632e+00
3.172017785109169097e-01
2.353054196965700950e-01
2.997791036529852127e-01
-4.637424904435550888e-01
-1.663647339168588646e+00
3.788857128318022238e-01
1.499756705762204066e-02
-1.707889283331286978e-01
-1.505421860978496396e+00
3.023655522225212056e-01
-1.053614566609000436e+00
7.828672662005464744e-01
6.676604328967650215e-01
-2.671646494553833184e-01
7.730612415157891437e-01
-5.681770210701965473e-02
1.047204879678451439e+00
-6.139842049169548233e-01
-1.857866002592689192e+00
-1.626775142639801386e+00
1.354438397021019203e+00
-2.678524324695805703e-01
-7.388133572124838677e-02
-4.620553500905045241e-01
4.694046870421246798e-01
-2.782815057914968637e+00
-1.004946254202886413e+00
-1.252534077057812223e-01
3.334760223795445011e+00
-9.961253025969493136e-01
-4.806342370559207877e-01
-5.678464657385154934e-01
1.187479975005896637e+00
-8.438668012820313979e-01
-2.767414642483392750e+00
-2.745002462293795742e-01
-2.510772665783064461e+00
1.719867163718345360e+00
-4.707997617371633581e+00
-4.620793750735566086e+00
-1.500603737993652320e+00
-5.043109693619848954e+00
6.600900061664336071e+00
1.186769215080949236e+00
-3.283473965020601959e+00
-1.793986586267269701e+00
-5.265681898180929466e-01
9.201743479196734521e-01
-4.337287430801547994e-01
-3.184621834181903033e+00
1.710604345061546017e+00
-5.388514246837812216e-01
-6.156382391144701316e-01
6.178702579924356009e+00
2.897760969594895819e-01
1.538900206493237555e+00
2.884528066950476699e+00
7.974693525250784454e-01
3.015209349982452824e+00
-8.637052182479412199e-01
-3.218428436328695241e+00
1.973278123947658003e+00
9.356348325354436612e-01
-3.090557356488206953e+00
-1.818916399884954460e+00
-3.231166855888760736e-01
1.588475543752589259e+00
-2.450711688057439552e+00
-1.425441000494247934e+00
-3.810232682403791316e+00
-3.617340352596857933e+00
6.620661704279795501e+00
-9.543046567323482110e-01
1.121658272771554055e-01
2.012002904189600372e+00
-3.884789899311026140e+00
1.885569050177061667e+00
-8.051135713965116292e-01
2.051446445492676740e-01
-2.116346207921174560e+00
4.695860784880120598e+00
1.608091524235103265e+00
3.814475856357825712e-01
-2.971863473252629451e-01
-1.090550891824496382e+00
2.381680580933925873e-02
1.051170278171233763e+00
-1.633796322224983777e-01
3.391461849348725854e-01
-9.349824499261948363e-01
-6.278554427035546448e-01
-9.876154141216045290e-02
1.130378120855354718e+00
1.736900882855656469e+00
2.225953926285258788e+00
5.276606550970355802e-02
4.548985170013870594e-01
-1.147696132847602080e+00
-5.033577842243344147e-01
-1.157535385059340616e+00
-8.910858318307588455e-01
-1.248736067378855230e+00
-3.132428890026059509e+00
-1.350323931683193868e+00
4.063649654065208394e-01
-1.681657653297992328e+00
2.683136863953562989e-01
-7.429995162259126484e-01
-7.914723016185339910e-01
3.617702219516126139e+00
-1.417899763677542557e+00
-1.004217149780166629e+00
1.471125728976229841e+00
1.779717387465871603e+00
2.789031687443127572e-01
1.912130461935026782e+00
2.413454679513060419e-01
-1.881835727603754727e+00
6.479772162876420438e-01
-1.812449554583422495e+00
-2.616205492955275269e-01
-3.141046506814889838e+00
-1.754473316682186590e-01
-3.178658943282661742e-01
-3.154603702530120568e+00
-2.224287802014568882e+00
1.513277611029923309e+00
-1.886467822817973650e+00
-2.159933530815367320e+00
-4.283959260239630362e-01
3.038437059005004048e+00
-3.018025710587884269e+00
-8.798830518605518236e-01
-3.260711249777569765e-01
2.998872716322764198e+00
6.902074662685901973e-01
8.755189301937191804e-01
-4.350604582414674959e-01
1.246188882464883019e+00
-4.435246629766248505e-01
-3.448028693899662933e-01
1.510594952652877243e-02
-9.104680220326460960e-02
1.808111716922625734e+00
-2.144795038673451837e-01
3.818707184399193766e-01
5.128171628980966457e-01
-3.447366618513316716e-01
-3.238078848874248017e+00
1.470150308323539656e+00
6.418852613473208235e-01
4.197353321476050780e+00
2.278104672622902754e-02
-5.396449293418972282e-01
-4.539548138151913159e-01
7.665504847134696487e-01
2.361615967292714835e+00
1.050251304301961230e+00
-8.882330192031016869e-02
6.713125542271006774e-01
9.062247206514010278e-01
-2.318244493913532267e+00
2.039549824328179994e+00
-6.342925892570250301e-01
2.242837033731166496e+00
1.197073629185099186e-01
-1.302379852966531804e+00
1.166312658850201744e+00
9.209592446436218882e-01
2.063850197776246898e+00
-5.590732314821619253e-01
3.296258633028977258e-01
-1.087820120180775119e+00
1.671704850819703214e+00
-3.384823371172459017e-01
7.853464800187029415e-02
-1.812725189950230575e+00
5.692071951536276098e-02
-7.457700028448158158e-03
1.577945892721934307e+00
1.470420244450870939e+00
9.669107717709073402e-01
-1.912334336043424399e+00
1.980997506023727817e-01
8.853421851230484085e-01
3.690519188700923658e-01
-6.161025965661732773e-01
2.496330636629257249e+00
-3.181281946021606299e-01
-1.017979568161999637e+00
3.934281837022388650e-01
1.245270054499997558e-01
-1.017206164155291415e+00
-3.462255321629567617e-03
5.464285918891119698e-01
-1.544016749083367834e-01
-2.227647085825530393e+00
2.237393224432028538e-01
-1.387828166191363177e+00
4.337962304349441967e-01
1.763387358898769186e-01
-2.109706855034596540e+00
-1.613768564107411485e-01
1.636165391078200138e+00
-3.280910324290477464e-01
-2.293441949564059557e-01
1.279666429378409465e+00
-1.169633142211587096e+00
-1.110966879751131842e+00
-9.092979287688377488e-01
-8.995078697087277586e-01
-4.880707242438487303e-01
3.580802148922267863e-03
1.976813423002306225e+00
5.319391993675505192e-01
2.082794142344152277e+00
5.303881423762845104e-01
1.328726005956231693e-01
5.421164674180091181e-01
8.855845876802248551e-01
2.699491387892505312e-01
1.457886873580015674e+00
-3.094242838504316917e-01
4.099246507587206434e-01
-8.551486800072684025e-01
1.404867471447324601e+00
1.202465461972489713e+00
-2.703740924995486905e-01
1.143510886002830462e+00
-3.313308489064583084e-01
-7.088841134475435402e-01
3.725999573092692030e-01
1.196914436810381011e+00
-5.334315772372060227e-01
-1.565336249603182850e+00
7.282022978062696605e-01
4.589783888170629877e-01
-9.672559022015462249e-01
-1.023042348578058869e+00
4.791708305165056636e-01
-5.927711178224974731e-01
1.081289393270189247e+00
1.979791145010056042e+00
4.418076697607806747e-01
2.736476886897954985e-01
-2.401310211204268075e-01
-5.732057304858285685e-01
4.467372848270959040e-01
-5.525241766235698959e-01
-1.549221566584599641e+00
-2.769743717645491987e-01
-3.860023776954409902e-01
1.194495273107206046e+00
1.302775799629059650e+00
1.155268388984174832e+00
5.994869646832881593e-02
3.437898588548078394e-01
-5.493769543242267572e-02
7.136515734869348926e-02
7.751647674424918533e-01
3.248587391144192593e-01
-3.957930853284607475e-01
-4.612096453401287044e-01
5.570226224038490326e-01
5.022213863813566881e-02
-9.086891668379251108e-01
-2.416518583879017634e-01
1.650734787040049723e+00
-3.676829141204107643e-01
-3.154509094324048357e-01
-2.438981374072044517e+00
3.984186383135313592e-01
1.753459739367478898e+00
-3.281384453154165270e-02
8.839204346655447075e-01
-4.604539836729004687e-01
-1.086672776756016645e-01
1.717731092764189116e+00
-1.210201078373001893e-01
-9.791526743075751327e-01
1.066906832190028132e+00
-5.617297700567985830e-01
2.887664591088475730e-01
-8.496385959781413977e-01
-1.676757691084259649e-01
-1.184612242500787005e+00
-1.565312517277287485e+00
1.177429377043691439e+00
-2.153590537092940238e+00
-7.293324857090927038e-01
1.017947734261303472e+00
2.211259107783698774e-01
1.172013476936570320e-02
1.636280552853216275e+00
-2.444663647799728834e-01
4.809985612618513651e-01
-3.044479644774845950e-02
3.106160756648606025e-01
1.190989718313488765e+00
-3.395129353692751262e-01
2.605796820105034661e-01
-1.112267806181686192e+00
1.074455969444141124e+00
-2.734816947829017408e-01
5.041778270112754479e-01
-1.459024836901204214e+00
-7.651531279812311404e-01
1.663401267790886484e+00
1.236665619178153180e-01
2.679732268463821954e-02
4.342238931971030835e-01
-5.391826837770542502e-01
-1.084785779234114456e+00
-3.888045819131303871e-01
6.645310886312192356e-01
4.103175812939285905e-01
4.981646687278901142e-01
1.196514854919336068e-01
8.513538556814816971e-01
-6.463774399773436485e-01
1.366147244161794450e-01
1.093969652715200747e+00
-4.179475472233992739e-02
1.087175987470559158e-01
4.924622854895920332e-01
-4.091601751612078397e-03
-5.746740348320680258e-01
1.200523833920173589e+00
-1.428563587035808213e-01
-3.536705450197149408e-02
-2.317788551391797847e-01
2.306981372577796008e-01
-5.688365758755658391e-02
-9.797184178393129050e-01
3.409919802680427270e-01
1.710404688950816210e-01
-1.256705865457292459e+00
1.205840823580323296e+00
-1.468216526867368366e+00
-1.196102588927295374e+00
-5.984029071765197827e-01
-2.963704724588192008e-01
-3.704206267329413493e-01
-1.234179474870377380e+00
7.658727107918701371e-01
3.229196708213688538e-01
6.472294696700026106e-01
-3.083108779748393591e-01
-1.733897328505653590e+00
-1.408471119241508029e+00
5.477781102654876166e-01
1.508456183031981757e-01
4.239757450004480455e-01
-5.328203161108366892e-01
-1.093960048634642218e-01
1.729920060492430078e+00
5.042819314703437250e-01
6.437090346168229393e-01
-5.291861278383241940e-01
-1.133805119764221159e+00
4.109483531722046834e-02
-9.023276091961454082e-01
8.512445707355315028e-01
1.284579023701040379e+00
7.165098500200235421e-01
4.899291756616421245e-01
-3.324482237856977163e-01
9.186731683605749987e-01
5.862503806669103201e-02
2.124260417261254474e-01
4.495540313185777959e-01
-3.059273403049978524e-01
1.440211897250271988e-01
-3.271682891484450351e-01
8.450388259122546541e-01
5.910240402740317700e-01
-3.676079016408916045e-02
-3.205620081864705706e-01
-6.963618800020825172e-02
2.581770536297715579e-01
3.566944904666958238e-01
1.075047141033226072e+00
-2.546920237272595200e-01
3.190663410051874371e-01
-1.594879592203060359e-01
2.074497208763865785e-01
8.621756224309012895e-01
-1.040866591318495155e-01
-5.326859791898076457e-01
7.233303839044649131e-01
-5.564065608946635461e-02
-8.329693296705664718e-02
5.849817592272388289e-01
9.127686565645737327e-02
-1.203858989864376339e+00
-1.606823769141685621e-01
1.083395327294220500e+00
-1.067431635645312182e+00
1.027552381954283778e+00
7.311508712528145271e-01
-1.873657426643978718e+00
-8.009511870674188572e-01
7.177370509552338795e-01
-1.425080510009223700e-01
3.114054631401755868e-01
-1.647848404775837050e+00
-6.318215976055423511e-01
-6.833314036111990397e-01
-1.882993999393114404e+00
3.626869737425023388e+00
-6.472964071538109265e-02
1.557836132679128571e+00
8.345881281358410453e-01
-2.133849660607840093e+00
9.415623497948377718e-02
1.046159660628977806e+00
-1.635064392259611088e+00
-1.415421714918959850e+00
-1.030148574693700692e+00
-1.611840697624431273e+00
1.250247690257120237e+00
2.152982711492512191e+00
2.161353348875434954e-01
7.240763737800226529e-02
3.707951021272198888e-01
-2.865733491931080623e-01
-4.367133631817095019e-01
-2.565293017772283246e-01
1.276123223944938934e+00
4.871959994679874728e-01
-5.353086938083460172e-02
9.295596494851035008e-01
4.672472064845841211e-01
6.470095898556937897e-01
1.416054014299480690e-01
7.614093308047226172e-01
-4.451538297449056936e-01
-6.756406144951832005e-01
-8.391010264065545954e-01
-4.410830465858231464e-01
9.336411212560038475e-01
-2.030352180182059207e+00
1.834312809626962026e-01
-1.693777965099577454e+00
1.274747625185073341e+00
6.083127211509433696e-01
5.636042280662779680e-01
2.616563799373757826e-01
1.048836920538457784e+00
2.052856952215125763e-01
-5.330914522373272346e-01
-1.185023506793924986e+00
-4.078938552952346974e-01
-4.790093968093884769e-01
2.542275964264410493e-01
1.674876384033336052e+00
1.418805963284848481e-01
3.474639394200599307e-01
1.583667405180821941e-01
-2.630647842726569485e-01
-4.741940896664651461e-01
1.846515633748701535e-01
1.387438148800675286e+00
-6.560127454148423354e-02
2.506394914394615703e-01
6.885752002566106200e-02
-7.476799268212234173e-01
1.085324455657836529e+00
-5.070676582723466774e-01
-1.391861745534342054e+00
-4.145517391078317182e-01
-3.702879991730829157e-01
7.507560090335697878e-02
1.109989625272136404e+00
-1.971716823044338818e-01
-1.239879568965074119e+00
-8.138060098299972900e-01
8.589984271648445913e-02
-8.451321711185783014e-01
-4.064095694667599901e-01
5.515891073529892441e-02
2.043331008759970424e-01
-4.687039701685036808e-01
3.182465074928528814e-01
1.739032752532527093e+00
-8.776231025547286124e-02
6.133753213282442385e-01
2.211209482973102991e-01
4.023321607841614522e-01
-1.245710272916147887e-01
6.509729840145797031e-01
8.103032619843955620e-02
-2.558478193819812563e-01
-8.410718793509372460e-02
-3.367152686669216965e-01
8.596467184809380990e-01
-1.986981681548632417e-01
-5.732499564867512554e-01
8.747087471735472963e-01
-3.094000520257952358e-01
4.833460443169915188e-02
-2.375624567015144906e-01
-2.385330461111429268e-01
-1.106900501486410171e+00
9.179090542177753553e-01
5.836075048731732551e-01
1.659248638202581727e-02
1.090925607953183996e-01
1.886253443670639351e-01
1.224215230721390935e+00
2.207418093036075113e-01
5.112619109674988449e-01
1.034712267432005006e-01
-4.096300755656640535e-01
3.719996838383254900e-01
9.516566001377602113e-01
-6.970450441023026689e-02
3.500135850883941968e-01
-2.659721787164677220e-01
-4.421840795985962913e-01
2.879242950539447898e-01
1.484514553370506196e-01
8.124316567312381276e-02
3.815833132249804582e-02
1.100038093701437347e+00
1.550279610977141342e-01
2.934791163995970065e-02
3.892237057972365855e-01
-6.946524030082849022e-01
1.020461791218732830e-02
1.231095854893155817e-01
-7.148020039300347905e-01
2.867885142997858017e-01
1.278032274629357534e+00
1.460041515445308080e-01
-1.626900617900588486e-01
-1.115876590904498755e+00
1.147300932885978009e+00
1.629652637675776394e-01
-1.327508121776269867e+00
-1.326487847333421843e-01
1.472322564701604497e+00
8.214560430321879991e-01
1.622972526047959385e-01
8.184132995744469730e-02
2.488544278079553584e-01
-2.384524129630242184e-01
9.553968285946756733e-02
3.370547029821266971e-01
-6.774393671450110177e-02
-1.978968147753204163e-02
-8.052045145458985864e-03
2.602447605445508058e-02
-4.018628073212351381e-01
5.029096845598706178e-01
5.875614659301016118e-01
-2.061285219740399133e-01
-1.536453640898479134e-01
-7.830649481655755917e-01
2.150700643491839370e-01
-7.591216120821898672e-01
8.211714964731736677e-01
-2.174161844341149785e-01
-4.061453694123760005e-01
3.270402911265014034e-01
-3.004674118616098566e-01
-8.186317140117675972e-01
8.318984168153448211e-01
1.135927904514419939e+00
-1.960550665794671965e-02
-2.666851789862378225e-02
5.425280070731288706e-01
-6.156406923565158618e-01
-4.270033138215941770e-01
4.793592216335132994e-01
-7.652682503686085436e-02
4.086192667921639265e-01
2.982216688635432877e-01
-4.657379456801952755e-01
-2.946777610160362104e-01
1.085869767886179726e+00
9.676450652430065857e-02
8.850535746320035146e-01
1.981240688711294884e-01
-9.796763160467894527e-02
1.164064820101399084e-01
3.572045419600264893e-01
2.960860446773340704e-01
1.744769158857731317e-02
1.096368701244034571e-01
-1.344142870484733021e-01
1.583985052013323347e-01
-8.826110368592038347e-01
-9.846648066517111886e-01
-6.102600179333520503e-01
4.933641450186098121e-01
7.961776228669641409e-01
-4.494315054903081919e-01
-4.501590123755251915e-01
2.777547368415859141e-01
-4.099032225278332886e-01
-2.836102504466684882e-01
-6.529426813632036586e-01
-9.519814325120157239e-01
-1.215862062225950613e+00
-2.087631637725943623e+00
-1.333778365720166281e+00
1.419486560749434245e+00
1.592850723396952717e-01
1.477860482942260578e+00
-5.642338103499692226e-01
1.432035654815155823e-02
1.178248114261635004e+00
2.877735202816574800e-01
-5.816180408256785284e-02
-2.932781151757982707e-01
9.545338192124750432e-01
-2.515611576713761566e-01
1.399765300954179281e+00
-1.036058742004329625e-02
4.826592901675943459e-01
-2.594285577184197722e-01
5.046721347895603005e-01
-1.617774962957296281e-01
-9.363260876119956500e-01
7.265168867348212878e-01
-3.756119792824781922e-01
3.128610739653939765e-01
-1.321667471338099142e+00
2.002893066958134627e-01
1.814820532712143608e+00
1.033492323815802472e+00
5.410069600824026770e-01
5.121966341643769960e-01
1.465515075901760722e-01
-5.486793224868533048e-02
-9.000919601728696318e-01
2.866089448011973490e-02
8.228223896190757225e-01
-7.520382647197185744e-01
8.636429522185344876e-01
-5.732744410915285860e-01
-3.334859778125920382e-01
1.567787284152347138e-02
-9.615895903635397479e-01
3.466591749474758899e-01
3.008773685182938307e-01
-8.206324848329463739e-01
-1.330262574535137965e+00
1.677016832081535402e-01
1.697958824692742952e-01
-3.684590085597839737e-01
4.505929456247061982e-01
9.611601586735304403e-01
-8.973833261695971508e-01
-1.217461156703226521e+00
3.594950186972510342e-01
-2.186975451267456072e-01
-3.498894570645164626e-01
9.744162239122129421e-01
-1.058551202644769429e+00
-7.865192172018144190e-02
1.165585457967312166e+00
-6.910412678648698570e-01
-9.835154665578649258e-02
4.015749598962498057e-01
-1.496795307192774205e-01
1.163094469090080629e+00
-1.146143853198556412e-01
-1.354929342922581936e+00
-1.709132716398727991e-01
5.984836770187335064e-01
1.261048101310618286e+00
7.287516933498708882e-01
5.142993637716061217e-01
-2.385448143823091782e-01
2.791398757498938510e-01
-4.519495617971278634e-01
-1.383307519701084898e+00
-6.037678673195598922e-01
7.367713182750855738e-01
-5.383226186028831073e-01
3.610100582183955326e-02
-1.031198292114976267e+00
8.284831499106998232e-01
3.697729960779688740e-01
8.229458906570474852e-01
2.180061604627707150e-01
-8.987694635177118085e-02
-7.384553532036522427e-02
-8.233661998313807073e-01
-5.325194358774784087e-01
-3.038260220195754258e-01
-1.816904185565331176e+00
-1.519125352737568768e+00
-1.608529795120197337e+00
-2.276515895160704517e+00
-1.765410415774710806e+00
-3.390339993915940653e+00
-3.014414629388494360e-01
-3.544110207349421060e+00
1.780187003571298554e+00
1.848354457298312381e+00
2.361022825233269340e-02
-2.195581755789638989e-01
-6.859947494701776893e-01
-3.902616142690173540e+00
-1.429683993693215083e+00
-1.929352690558703287e-01
1.130742948494379618e+00
2.205895588646527905e+00
-1.145470414479702770e+00
-9.170520603032523699e-01
1.232908966448292620e+00
-2.768535602613714230e-02
1.948645522698790211e+00
-3.324338878660749730e-01
-2.302882796966118306e+00
-4.175696096337491170e+00
2.643351216917387170e+00
-2.088211427111264396e+00
-1.363380021923775942e+00
3.199500350752931599e+00
1.910672998343760476e+00
1.154322945952265034e+00
-1.799083358200313398e+00
1.312337999339126871e+00
-1.673871234246299133e+00
-2.720957007537109007e+00
5.845264012599354908e-01
1.390568023740430537e+00
3.087895088928157783e+00
-3.321502607585603561e-01
-2.151497583604401242e+00
-2.497891477221098278e+00
-2.183985734715279126e+00
5.497779874571548042e+00
-2.368771200412811417e-02
2.904029032783244979e+00
7.733849927426573734e-01
1.858117645055085143e-01
6.641208624214471890e-01
-7.675071505692863116e-01
5.537856898629949232e-01
2.543226629590748522e-01
-1.571528431459173536e+00
2.826087532222518739e+00
9.466414504567913779e-01
9.235432251070702092e-02
-1.974131570620350773e-01
3.436989113879930002e+00
1.562011451438751614e-02
-1.949237314283250422e+00
-3.229086412204075884e+00
3.125609928108650681e+00
-1.843998632314308939e+00
-5.803705175257601878e-01
1.853613313258974937e-01
-1.735435287994031572e+00
7.536989814574492907e-01
2.322696366792595501e+00
-8.104339851662508698e-01
-9.264334660780861874e-01
-3.506633373657764841e-01
-5.290825479546813481e-01
-2.515530360706262236e+00
-7.810766913066751194e-01
-9.344183282723157458e-01
1.112500556106102434e-01
2.996109693890991021e+00
8.553603218402145991e-01
3.137947718978661538e+00
-5.441347469922156455e-01
4.517711224890713639e-01
8.159430164224928950e-02
-8.790644493152460770e-01
-2.638081901067746982e-01
-1.388443579229655223e+00
1.107120130534760438e+00
-2.252665253490271802e+00
-3.597509844742939611e-02
-1.250270590781096924e+00
5.712305646809808790e-01
-3.602167429905749341e-01
-2.577442518717126263e-01
1.945637895601185052e+00
-8.423705716801983545e-01
1.104432404450343075e+00
3.700501827012061540e-01
-1.262157877619383584e+00
8.303621642154129789e-01
3.567549066438812311e+00
-7.159984954029259274e-01
-1.339340155920525910e-01
-6.095004606494014432e-01
-3.074293555143096102e-01
1.751286609156644136e+00
1.492066651548222822e-01
3.415227829856140040e-01
-7.644333047708501416e-01
2.031137095583003038e+00
3.874398352472046003e-01
8.021693101199472986e-01
-9.737167690763687267e-02
1.362218211675125357e+00
-3.575532328845244523e-01
-5.866798379251567663e-01
1.353531509232441810e-01
1.448805485819322669e+00
4.099009383037826026e-01
1.176502736136408878e+00
-1.386004150278671854e-01
-2.166798559318195150e-01
6.768094837987057022e-02
5.568850541657375253e-01
-9.354047622211799640e-01
3.826492956299120674e-01
-1.438207044726287909e-01
2.957166776858727864e-01
-5.962273456170667091e-02
1.055625519450764216e+00
-2.055429763274146948e-02
-3.015450761851017902e-01
5.170507868493556813e-01
-2.389889478649052657e-01
3.242337767197556175e-01
-2.835699783815155972e-01
8.256075734350767359e-01
-3.306868108491152203e-01
-4.213253272073748112e-01
-2.149692720291242143e+00
3.962009711144737767e-01
1.501158867099895211e+00
5.515603472042948097e-01
2.565122453804302149e-01
6.946163957071910255e-01
6.158364712549797559e-01
7.541724979688865238e-01
3.518966190619969847e-01
-1.524752660881306399e-01
-1.141111683584894898e+00
1.354912009637168901e-01
-7.743524799480887566e-01
1.044598552474376441e-01
8.159391768773739395e-01
1.105359004410182977e-01
-7.375139993838828456e-01
-1.191104031977559874e+00
6.854560336107397012e-01
1.021632423142557977e+00
-6.310641899332424254e-01
-1.988379274376667727e+00
-1.872632870432453078e+00
5.363929348561538024e-01
8.962747185998923838e-01
-1.378734046818866466e+00
2.717877153683301295e-01
1.349120979179417645e+00
-7.438564435998020752e-01
-4.536424463911679084e-01
6.847566809980322189e-01
-2.317052333735651892e+00
7.551634582384745276e-01
1.117811542568991179e+00
1.260985442016022418e-01
4.487933914280085590e-01
-2.954514965306727081e-01
-4.362503191078727083e-01
-2.571596093258570748e-01
-1.131721381932661474e+00
1.779299699899272169e-01
-1.526562683122121067e+00
2.064364048202516622e-01
4.034713845122267495e-01
5.598812747897381481e-01
-1.212258579526346747e+00
-5.651269852497032842e-01
-2.783029095161854705e-01
-8.094790049682373256e-01
-3.686633564579172573e-01
5.345438331194624082e-01
8.681223577055184881e-01
-1.584585078590591722e+00
4.328270989959020487e-01
1.286881772746477359e-01
5.924331474745140325e-01
-1.094768081621272149e+00
-1.903770294660397100e-01
-2.615361795338876583e+00
-8.456771243690623940e-01
1.219074977699183271e-02
1.340205744539231469e+00
2.356739906627675629e-01
4.113063429154003442e-02
3.570456365899740692e-02
-2.746744239457382664e-01
-1.027646408181798615e-01
1.055353642020989025e+00
3.254851085078852568e-02
9.477289598990624730e-01
1.796551936492946089e-01
-4.920563018502988606e-01
-7.468207996553353212e-01
-1.219339036094875706e+00
1.916717334907035719e-01
9.327975484840150822e-01
-9.027998003374401170e-01
2.776939622967634413e+00
1.447178551271129487e+00
-3.448342554303425733e-01
-1.140448951794532206e+00
2.672273790200741517e-01
1.138539428767082473e-01
-2.221475919624660844e-01
1.473669041573422378e+00
-2.262937326194296439e-01
-8.046848746476847891e-03
1.271957919022250083e+00
8.493510749444465047e-01
-1.304444020049973396e+00
-1.960074978483901553e+00
-4.738548714774115656e-01
-9.889749480088677602e-02
1.815287465676294509e+00
1.297915115358442950e+00
7.113258093240115709e-01
-2.802875990922710780e-01
-6.314836118957897759e-02
-1.273054838056906224e+00
2.573787796795301563e+00
3.824617297192326459e-01
4.245481145685877089e-01
-2.055101606271303449e-01
-9.118936250859180359e-02
-3.864307436150313246e-02
-1.962334626476380794e-02
8.004105111574408848e-01
-4.802915729428054448e-01
3.507147262956826217e-01
4.241877742124396944e-01
-1.869136761499241850e-02
5.474600720747501148e-01
-4.908980309117940699e-01
-6.090310123671525133e-01
8.352398644359822211e-02
6.461733725725322675e-01
-3.913338314215549785e-01
8.786370552442432369e-02
-1.145885608115406074e+00
7.321679135581338205e-01
-3.217388849934119111e-01
4.549071252259392906e-01
1.776426949451338722e+00
2.661968393432868618e-01
8.921693013075804313e-01
2.891455368955994087e-01
-2.970858327421607159e-01
9.352214416042198275e-01
2.630551803984865211e-02
-4.666958192335928790e-01
2.487488217316057293e-01
-9.757151866066937629e-02
6.798050208679555784e-01
-2.643835260393134767e-01
1.792911066524690011e-01
-1.352985966200061396e+00
1.411972169856611226e-01
-6.584469550118571268e-01
9.942176355987877301e-01
-2.559005484972308175e-01
8.523602790848963107e-01
-1.038974907824972593e+00
-4.766535722223808613e-01
-2.381438938822286744e-01
7.407225577666119998e-01
-2.270869257387370943e-01
9.471968118678218973e-01
-2.701337070819512243e-02
3.010358386611103887e-01
-4.341938285406004017e-01
-3.440022806547829992e-01
-1.214239827495384283e+00
1.881995156837089345e-02
2.389171923204955750e-01
1.823708265960403141e-01
6.219037667867980401e-01
-9.418308935396030313e-02
4.668679784249440967e-01
-1.257359378782623383e+00
-1.410747538334416462e-01
-4.927656338102496258e-01
-3.334789393093297305e-02
-7.258004631348421998e-02
-6.521361533550947831e-01
-1.454789195103449728e+00
1.664376048927450391e+00
6.010944923215397750e-01
1.236583475394313458e+00
-2.547422200710712237e-01
1.841751824624454359e-01
-4.285036626434174378e-02
6.172424285145036160e-01
1.686247554781695746e-01
2.053876946372913126e-01
-1.468085029670517794e-01
1.625619550567870553e-01
7.373369452347113828e-01
-1.022312186338817375e-01
2.364290384670821310e-01
5.180342157930439839e-01
2.081993514987131033e-01
-3.045940443090305871e-01
1.519320412861755454e-01
2.272419569007293541e-02
4.047422301084251384e-01
1.583020777724973571e-01
6.528468789966818120e-02
-3.839894577040933177e-01
1.670085956401434479e-01
-3.128833194688985242e-01
1.460947358043346522e+00
-2.621942464490563673e-01
1.911098075137580010e-01
-4.508242872064494033e-01
-3.191201355960959218e-01
2.303792711516058911e-01
-1.787647438127504262e-02
6.400170943502420107e-02
-1.266706054202298981e-02
-5.174152248771940465e-01
1.689537493696638693e-01
4.136655114654290699e-01
-2.585962506113559378e-01
-2.937565640997240324e-02
3.207368882010924738e-03
2.616013929292336782e-01
6.791834974203073694e-01
1.688753506220085909e-01
-3.232803065825720634e-01
-3.763879777669752458e-01
4.741276006660196662e-01
-1.588189432663106748e+00
2.744475438223106245e-01
-8.283140469572621845e-01
8.718803328142954445e-02
5.033086610062946775e-01
-1.263972671092573052e-01
-3.631389765658992186e-01
1.327599902757464978e+00
-1.846885005656840884e-01
-1.170452442728897369e+00
5.661541733867812010e-01
7.843785173738959671e-01
-1.503105653428210120e+00
6.747988187138910243e-01
4.221716992577848049e-01
-3.844228468079257111e-01
-2.312932721733731989e-02
1.656334007163626998e+00
2.334332212865045386e-01
1.301808074110488711e-01
5.756033077715052571e-01
-1.082641691668839723e-01
-3.108400297507659671e-01
2.190639110451719496e-01
8.107685692705518532e-01
-3.255541364054610476e-01
-2.377307071746369849e-01
-4.334601986779333949e-01
4.299389222856647708e-01
-5.625179364925115832e-01
6.089803059382142836e-03
-3.936496082208900682e-01
-6.441259710854221887e-02
-7.885408727192653178e-01
1.374188711336278845e-01
1.188378637969658813e+00
-6.360918442640263182e-01
-1.724388294344968209e+00
-2.579335397452717921e-02
-3.863562619602479153e-01
1.544077613722095732e+00
6.222142121337421727e-01
-1.135908473397552410e+00
-5.183923670128782746e-01
-3.030075707864992030e-01
-1.305913324268739517e+00
-1.576626662339814522e-01
-2.774733527402810651e-01
6.522867233400912734e-02
1.491635075553636725e+00
8.569175192564059129e-01
6.505876769656669945e-01
-2.175935254328622837e-01
6.064754041254888373e-01
2.811774732461795878e-01
3.196555813619726405e-01
1.317120740331924056e+00
-1.808589275006786679e-01
5.102353323471248148e-01
5.963143227823732850e-01
2.381133360926365461e-01
2.193310123489788932e-01
9.388222248338580489e-02
4.240030706019872753e-01
9.010577932818174263e-02
8.097477791190885177e-02
7.251373544894218481e-01
1.040109025944125493e-01
5.105597512982592567e-01
-1.302018155130673316e+00
-3.598208403546218070e-01
1.294432970319524312e+00
-1.087486337904674638e+00
1.872493209065073660e-01
-6.287597608642166991e-01
1.047375439867247182e-02
-7.362385029174097761e-01
-5.992819871989445435e-01
1.173751184940019954e+00
2.187976315436261365e-01
-6.369834481447930186e-01
-9.712456061359550086e-01
5.630558851480524374e-02
6.474075345307614970e-01
3.312697268055188049e-01
-2.887958747974981866e-01
-2.425954400708841607e+00
-1.273419912628963147e+00
-7.949127218670920536e-01
1.103499391264957774e+00
1.037323900231974294e+00
3.356848368249745751e-01
-4.545539776059515091e-01
-5.677314280728953388e-01
-6.470723752798431816e-01
-1.417244298210024178e-02
1.365573618732046191e+00
5.785611580929461706e-01
5.459061434027749904e-01
3.068349695045575198e-01
2.221040409075833999e-01
-1.131025324904716411e-01
6.491647526625681230e-01
6.747330604257553155e-01
-2.029424509495758588e-01
-1.368166922245498129e-01
-1.649997821621692617e-01
5.377303527172655473e-01
-4.910307794697552075e-01
-2.165537771901706876e-01
7.068015805632757442e-02
-9.819598441305588121e-03
3.944584957634237471e-02
1.100421076343489846e+00
-1.190080725337196721e-01
-8.101035689703421638e-02
-7.319126708260865755e-01
-2.846104351453451753e-01
3.872399208662402614e-01
1.741641704787756928e-01
1.855192985937829109e-01
2.986634173020362715e-01
-3.948811971224654993e-01
2.150942482907745312e-01
-1.075780386550858059e-01
-4.967065031279406240e-01
-1.767365631638453116e-01
7.978803298262461263e-01
7.468071499687342629e-02
1.233514778752980295e-01
-1.487001041288416925e+00
-6.282214718750986915e-01
2.753548340419541551e-01
-6.330610851301974318e-01
6.684763417242740591e-01
-8.052850335845916641e-02
1.838284380756864955e-01
3.074134094012497265e-01
1.087348815115002504e-01
1.350958444986203988e+00
3.226637871105297872e-01
-2.816343702851233782e-02
-7.270529567499489643e-03
6.318356396164571676e-01
-1.044939666688847468e-01
4.604870715366542466e-01
4.274539266785582492e-01
-5.141327501990505811e-01
2.387359121727066213e-01
9.139603973914113555e-02
1.500121138372735585e-02
-5.001604697979537828e-02
-4.422851825354295885e-01
2.430530798674666593e-01
-3.141454429576941432e-01
2.505787529517238821e-01
-2.117879253454393595e-01
-3.135072968451458886e-01
-3.483227725562638710e-01
1.309119823343253275e+00
2.506114787266233712e-01
6.200478427584846797e-01
2.241357953919178581e-01
-3.126448317086452100e-01
3.754610308796254570e-01
7.252551289308745153e-02
6.316842373322021365e-01
-3.106534049525626062e-01
4.147081640905280198e-01
-7.955321354630968261e-03
2.375302362870590489e-04
3.821461627134570271e-01
-1.260095594232228666e-02
1.465462175019523472e-01
-2.323208115310947397e-01
2.004436613835238745e-01
-2.434528399049215863e-01
2.636026036613029477e-01
2.922147338010920303e-01
-1.685789778254821736e-02
1.783747138277232969e-01
-2.324898478763340604e-01
-1.658026523975013600e-01
6.683338890391692377e-01
5.379741841791005896e-01
-2.367868284800830614e-01
-1.713550815790100545e-02
9.087774983931505568e-02
5.732251532786686310e-01
-1.270716717642282612e-02
4.850231740144618775e-01
2.527762759904771395e-01
-9.444461701868278602e-02
-1.177315151361832291e+00
-5.209168478163440641e-01
-4.574564431848572865e-01
6.725834643047514660e-01
1.987379870845044638e-01
-6.295832703206603043e-01
-4.103545109790038836e-01
-4.630427322571390447e-01
5.743992610220545469e-02
1.200389760113003801e+00
-6.410821437014692092e-01
5.694097007552204603e-01
9.108299142295505080e-01
4.148930578606806474e-01
6.754641565085053312e-01
7.305411715246972193e-01
-2.769846113668518184e-01
-1.091907418765199367e+00
2.658995629896089286e-01
-6.071186521420332549e-02
5.498577451491021284e-01
-5.514198115814536449e-03
-4.795470336430604497e-01
2.436365486410129177e-01
3.268274744492261075e-01
3.884599645006219792e-01
1.323523509466359327e+00
-2.355665695619492406e-01
1.091511170300810685e-01
-1.611951332034850248e-01
-4.508220636702386236e-02
-5.529310965968819991e-01
-1.543961054852474701e+00
-2.979558709542495243e-01
2.772825716702819188e-01
-4.561763426472398297e-01
3.748176789366647332e-01
-1.801607029986456165e+00
-1.406785481285875439e-01
9.905071243385542568e-01
3.916671296088024001e-01
-1.350253740204202524e-01
1.091106641392254772e+00
1.861446016116245772e-01
3.872467923581210947e-01
4.974835901118538906e-01
-2.996989174427553207e-02
-5.886236999128063863e-02
-2.728486555360691290e-01
3.083687052476111745e-01
2.342499983718799306e-01
-2.692688272911429592e-02
-1.313660140979689417e-01
-5.076282787730107549e-01
6.690559042844719251e-01
-9.538499989883213459e-01
7.849478415473205850e-02
-1.443330769729880281e+00
-6.412458780818529602e-01
2.595352076100850280e-01
-7.734778463234353030e-01
-1.202223697708897365e+00
1.974758550307669780e-01
8.074491954075020406e-01
4.488363959884849042e-01
2.690469479818315413e-01
6.023071414456682149e-03
1.445881319450926794e-01
-1.100991494147446570e+00
1.182072624892999357e+00
5.904092644102640897e-01
-7.087868777537563447e-02
9.568162372305178964e-01
-3.092768360801615435e-01
2.487023297155943058e-01
2.225069021678869885e-01
2.246301301814558615e-01
3.828246642505957475e-01
-1.363097010844762424e+00
-1.106181083360259776e-01
6.624312151174074903e-02
-3.276816251271116309e-01
-8.079888878657447426e-01
1.713857248692786384e-01
-1.309074706555972911e+00
1.053118412787231506e+00
6.466336868305656571e-01
1.339807474182973746e+00
-5.262374808037777463e-01
3.162762908320990163e-02
-1.057433531052625497e+00
3.222199183444551807e-01
9.995544071305778600e-01
1.757291499680716518e-01
-4.292261537282118233e-01
-3.187910877342955973e-01
-4.337746634709995636e-02
7.224050855369889002e-01
2.563550129895361684e-02
8.309636423945433448e-01
1.658570756909356902e-01
-9.356742117035181383e-02
-6.301238218857849738e-01
-1.467213950617932972e-01
2.037176180693891225e-01
-8.667496481245455520e-02
3.942166017004663514e-01
2.052505802233517418e-02
2.359083675792799095e-01
1.204186580698421105e+00
8.234766732672189893e-02
1.088291949198892314e-02
-3.949098169475560860e-02
-2.078112748433521006e-01
2.153962495819266437e-02
1.372487323821659777e-01
2.505941720804518158e-01
1.017745499186979846e-01
1.550203160595554075e-01
-4.529549630652029979e-01
-2.180433661773312215e-01
-1.862813532295632957e-01
2.718302988102356821e-01
7.722011243338856856e-03
3.155165958172166940e-01
-5.047127283492147676e-01
1.151956447473959505e-01
-4.491640543545417641e-01
-3.503199762958483787e-01
4.589533766817168597e-02
6.107464667163303024e-02
4.510867901252507139e-01
7.140193634267860689e-01
-8.219529596270697125e-01
-8.619031519751921833e-01
-7.656427636985844165e-01
7.443009354432639224e-02
8.007577280928230845e-01
-4.735079925102024245e-01
8.405596894893937465e-01
-9.024322554361431381e-01
-1.516087932750094236e-01
-6.272589600817360944e-01
9.029216668997028794e-01
-7.831033633093342772e-04
2.086520328645018740e-01
-1.136051260530410500e+00
-4.048637068442491049e-01
3.897579677849145052e-01
-2.372659707849832933e-01
-1.169599014354958832e+00
-1.517593127608875436e+00
-5.720132189730728900e-01
2.061532912966581865e-01
-3.151677212388585558e-01
-6.564437928135248290e-01
-3.701652085705721684e-01
1.111121658379652377e+00
-7.734910620559436456e-01
9.858298235409007626e-01
-2.021464879824613758e-02
-1.049347695494945665e+00
1.051718963793748518e+00
5.580871988383573346e-01
-2.345146545354310774e-01
5.655615134159416302e-01
-4.351195544500164325e-01
1.167308433102170806e+00
5.103269163772776729e-01
4.343502745104427243e-02
-7.400098205072833668e-01
-9.280584999365015797e-02
2.706919562907864063e-01
9.261982757151119294e-01
6.775328011257497618e-01
1.164300842229840371e-01
-4.460053574436848717e-02
-3.656999180184344889e-01
5.179247687490107221e-02
-2.414995006649065801e-01
7.146366327072688207e-02
-2.730107641140177011e-01
1.094738602825809926e-01
8.786982228783355442e-01
8.077754488710722769e-02
-2.356446119545972662e-01
-1.014456293822347366e+00
4.118121376347548823e-01
-1.088720031947095546e+00
-5.952492208345604163e-02
-5.622100481423626395e-01
2.686073951213286404e-01
-1.852595226896156078e+00
-7.953238700793593408e-01
-7.280189299264492320e-01
1.769370169533440729e-02
-1.541571003262295347e+00
5.192722579112563075e-02
-2.514900710500029835e-01
-1.985500993107852885e+00
2.287550804270789828e-01
1.930873364410025550e+00
-1.154775738884197711e+00
1.271780507953862882e+00
3.253179166482640938e-01
6.339348415401111492e-01
-4.390213210713721503e-01
-4.021205652913746320e-01
1.140971485921724593e+00
-1.689072780612643487e-01
3.593192486001557384e-01
1.508405928934854145e+00
-8.172389749695598837e-01
-5.522151760750148020e-01
1.173567345599209277e+00
3.457402733135951922e-01
-6.138379866407436269e-01
4.342660961287120314e-01
1.744295747400195773e-02
-1.245425941670145864e+00
3.770314701231418653e-01
1.682448960035934082e-01
3.126169623055513602e-01
1.014015691898587201e+00
2.008396730919260742e-01
1.703745442659922338e+00
2.470245394917995330e-01
6.805874470352587524e-01
3.710832815177037003e-01
3.584737030426292659e-01
-9.681808596913249465e-02
-1.204980681758876515e-01
2.203683413778673161e-01
-8.123450648119553419e-01
1.659753773020901546e+00
-4.157092637032107074e-01
-1.327080385002968432e+00
-4.642404487677494890e-03
4.191609358858406909e-01
-1.721342672250614658e+00
-1.733690250403190580e+00
1.449060369847746887e+00
-3.919739513036095691e-01
1.927007307862717012e+00
-3.374227699362572497e-02
3.364193159789404808e-01
1.559154810453144413e-01
3.459241801745039369e-01
-6.827694135916406726e-01
-4.816552546067465190e-01
-2.132859494513856813e+00
-8.988582913848025546e-02
2.052368586801212036e-01
2.194426759571014518e+00
-1.154991986618731703e+00
7.479751102418139563e-01
8.596281199439097520e-01
-8.821628752283944275e-01
1.465674059928865569e+00
7.570970385628706945e-01
4.057490773123715311e-01
1.177928775511704607e-01
9.890935216361698146e-01
1.282633660746908433e+00
1.006748972646291707e+00
-7.964360886974740650e-01
5.437836174077091966e-01
-1.256704705754407847e-01
-1.476212308321669386e-01
1.024999029432835274e+00
3.142213840357289123e-01
4.356215187215953244e-02
1.741468793961781225e-02
-1.985749248664335220e-01
-1.083703423899473828e+00
6.025158086388833212e-01
3.675295074598338568e-02
1.004585414023392742e+00
8.523874834294975500e-02
1.711904677211399661e-02
1.003836902699623002e+00
5.074934065591121257e-01
1.573724014509166880e-01
6.660120458851419567e-01
2.883219286189663833e-01
-2.484673515351547290e-02
-7.068133098073582365e-01
6.908854111417497279e-01
6.420235048417360924e-01
3.531146294456978807e-01
2.854557793553980094e-01
-5.525554770138765281e-01
1.633797947362295444e+00
1.319852630255231168e-02
7.384967028078703866e-01
1.329306223750065241e+00
-1.126766984977616959e+00
-2.611451139967750912e-01
-9.543849485568411950e-02
7.658845502672289030e-01
-7.436105692235210896e-01
7.032118199078192244e-01
-8.896842003561417078e-01
-1.762908533591285021e-01
2.088530821895058232e-01
1.394122710324447567e+00
-7.247679150525931924e-01
1.537065043704170242e-01
-2.528218728167690443e-01
3.051344742512931973e-01
6.798155088631830933e-01
1.218610954880732455e+00
-2.589688894962642873e-01
-7.219427533438903533e-01
1.562302186519691841e-02
-1.211175234196234296e+00
-1.575187840452430876e+00
1.187020914022780538e+00
-2.276653470929965173e-01
-8.721355722747266004e-01
4.547091988149804531e-01
1.167058185654766600e+00
-1.262806964571081325e+00
-1.911015828342732092e+00
6.595110679459652292e-02
5.680647540023378017e-01
-1.655352888897438701e+00
2.748765792863190338e-01
2.389357586173440628e-02
1.534441587522572314e+00
3.849188170728065628e-02
-9.280465545808382899e-01
-9.769395885930471923e-01
9.435551810503027825e-01
-5.404255993834063965e-01
8.495419686703178375e-01
1.087968930904763099e+00
-1.350883057994188563e-01
2.156320972923193580e-01
-2.063345592597433664e-01
-1.067030604032064067e+00
8.024420379702461581e-01
-3.570259173557556176e-01
-1.508307027903468711e+00
-7.930573132079729581e-02
-6.665665276222583202e-01
6.947865850359171702e-01
-1.223932343625455443e+00
-7.346850292932453064e-01
-5.712708081106364633e-01
1.504798509534507112e+00
4.126305574586844327e-01
-7.580186572668629053e-01
-1.425799338402871541e+00
2.186832344318023202e-01
-3.825013100173329517e-01
8.909067721946499763e-01
-4.119840108717573446e-01
2.389137782639221275e+00
3.207057099501248176e-01
-2.381218495140874913e-01
4.908080158724122122e-02
4.065808833634695224e-02
-2.288741991009002774e+00
-8.145515436839055878e-01
7.038277484428711039e-01
-1.500130737387674440e+00
-1.121480322564354370e+00
3.000584907987663974e-01
3.257876933951957543e+00
9.995990863878886357e-01
5.808378539132980078e-01
-9.363754608100702259e-02
6.750203786749887636e-01
-1.192335170988272908e-01
6.962092216807516110e-01
-9.561740484385032879e-01
-8.621113366683106349e-01
-1.940256996736072770e-02
-9.955830545624700934e-01
-1.725949266378200342e+00
7.187089687299763607e-01
3.955508603631199271e-01
2.374378170433036617e-01
-1.388118867758231234e-02
5.761080920856488374e-01
-7.205425756682534710e-02
1.095698370561411172e+00
-2.618251325562651055e-01
-6.621137218497100685e-01
4.845290723447870929e-01
-1.756711745821751602e+00
-2.109143621541077707e+00
5.132590176731667286e-01
-1.486837075974222211e-01
-1.746327866909039850e-01
-1.766549333643884501e-01
-1.531260979410565604e+00
-1.621128014154637587e+00
-1.839137790634598257e+00
-2.920843709294354440e+00
3.137888136415451168e+00
-9.202002114501608432e-01
2.111746139330423766e+00
-2.331055572759286876e-01
-3.972316183752659935e-01
-1.297841692044283235e+00
3.544306101209768745e-01
-2.067079335762334880e-01
1.281895703952949050e+00
2.875533479726981034e-01
-5.679945127841109498e-01
-5.473198300458840260e-01
1.089551803980241262e-01
5.554716305341050875e-01
1.475067774193787318e-01
-1.279448466530273276e-01
-2.295602817512547134e+00
1.254928416711857397e-01
-2.465961654658229918e+00
5.044428909989958631e-01
-1.303563385686135279e+00
1.788612192252195365e+00
-1.854867472021991093e+00
1.320590467951733959e+00
-8.985398852048898100e-01
1.836717896084248514e+00
6.428036922094725325e-01
4.847458728603474265e-01
2.129174882049342243e-01
5.612469260638830448e-01
-2.326302380158978833e-01
-6.619597549576987650e-01
1.020850664152205267e+00
2.304602087753000184e-01
4.946815971339380003e-01
-1.353057309583622636e-01
2.227821842818581199e+00
1.755319337748757036e+00
2.789443127257605903e-01
-5.923472601835915174e-01
6.340277677249874788e-01
-2.661712881862368651e-01
6.257250456461620480e-01
7.103054537295041548e-01
-8.325261645439511193e-01
1.823079719899959872e-01
7.374622825797838566e-01
-8.449215469045220361e-01
1.565667711849784149e-01
5.551519486328658770e-01
-7.408484757753264205e-01
-5.514468931129963281e-01
-7.856448468856312706e-02
1.527924414518341045e+00
-1.072039658129358558e-01
8.633061421563739124e-01
-6.936115740931507456e-02
-1.090370420160868603e+00
1.466935172568440304e+00
7.971942486472329836e-01
4.735193493477896642e-01
-8.139336364554217162e-01
-4.492202223994493648e-01
-2.405085273396456280e+00
-5.024766786439308075e-02
9.883520616215071275e-01
-1.190231049970400523e+00
-6.088432868979782864e-01
-1.087580446290285496e-01
-1.634088075975327792e+00
-1.133664640299306692e+00
2.159109426933893516e+00
-4.859427713080428923e-02
1.498674285476126355e+00
-9.050901811172054057e-01
-7.479848656875801582e-01
-5.899621139242437751e-02
1.746856421130120962e+00
-3.127744950518140388e-01
1.077571262298126831e+00
-1.053287628836606427e+00
-2.823568514597632362e+00
2.523057976277057191e-01
-6.808718824788466684e-01
-1.386121913022094754e+00
-1.071570699883201527e+00
-3.968824668668133882e-01
7.381893328104260910e-01
-1.627094910581751985e-01
-8.327498238224311233e-01
-1.719036339913702083e+00
5.474012036152284821e-01
-1.808608990461496147e+00
1.350155886744044409e+00
9.589498766023392129e-01
3.185389433492504807e-01
5.721929660327950140e-01
-1.589396580911661250e+00
1.041594001729276853e+00
-2.969824361951771685e-01
-9.907070477199697578e-01
-1.162950046367413837e+00
-6.538675046243578315e-01
-8.970398211553155532e-01
-3.639653369097476165e+00
1.454754962895903336e+00
8.090986351260642806e-01
1.738627853164651293e+00
6.304974185843349455e-01
-8.602483114412962095e-01
1.035170677733535216e+00
-8.921305087309479021e-01
-1.324554473131822840e+00
9.451474795251172401e-01
7.462240799032744398e-01
3.694376637275453845e-02
1.661622284413692530e+00
